agent_id,punish_issued,punished_received,final_r,final_b,final_x,y,L,cap,service,is_enforcer,cadre_fallback,exited,exit_time,exit_intent,disengaged,exit_cost_eff_last,degree,degree_at_end,betweenness
0,0,8,0.30924733291411866,0.1614179511076861,0.4126209559795426,0.5577412659300853,0.23580577970059577,0.0,0.0,False,False,True,55,10,False,1.393,2,2,
1,0,8,0.37760500684562426,0.21310600657265796,1.0,0.15631109892286638,0.5304820646500755,0.0,0.0,False,False,True,133,12,False,0.784,0,0,
2,0,10,0.09262180426814783,0.488328937226108,0.6828357440388406,0.6674561304384862,0.18202058571354265,0.0,0.0,False,False,True,43,14,False,1.6239999999999999,3,3,
3,0,14,0.5191633857809584,0.6559805669498213,0.38264483789779347,0.478213749472542,0.19457670737542548,0.0,0.0,False,False,True,32,18,False,1.1829999999999998,1,1,
4,9,8,0.5978152356648674,0.9890555843396931,0.5083635379918886,0.3992391459333168,0.5145386017594937,0.146392684337408,0.0011645786863611082,False,False,True,37,10,False,0.9519999999999998,0,0,
5,0,12,0.2744348917530986,0.27869529990631914,0.6809204303040862,0.2835705214376141,0.18496713797516542,0.0,0.0,False,False,True,42,13,False,1.6449999999999996,3,3,
6,0,16,0.33209203132380927,0.09263804234449989,0.7569184060532363,0.5745859400746299,0.6083701533237168,0.0,0.0,False,False,True,46,26,False,1.456,1,1,
7,0,11,0.5282066595210547,0.014321251438672333,0.9435845808196843,0.8930371679129333,0.44318485440072297,0.0,0.0,False,False,True,53,22,False,1.519,0,0,
8,0,43,0.45815639263616015,0.4711341724946172,0.3312883377813353,0.8230672109724269,0.33642856981537034,0.0,0.0,False,False,True,72,68,False,1.54,2,2,
9,0,12,0.07850430765684531,0.44254792436125745,0.6004643625181267,0.6924770505863985,0.4041967328430902,0.0,0.0,False,False,True,37,10,False,1.414,0,0,
10,0,9,0.633827189377161,0.3362502409467118,0.4677104989444742,0.5273576033114188,0.11352399845308477,0.0,0.0,False,False,True,27,19,False,1.393,1,1,
11,0,5,0.2688627672333047,0.43447533849009334,0.6416719419083152,0.4543525254907435,0.02153918674689352,0.0,0.0,False,False,True,44,10,False,1.0989999999999998,1,1,
12,0,13,0.408516256811981,0.11528171192418764,0.9790046510166377,0.5572023193039276,0.09139831550586207,0.0,0.0,False,False,True,77,9,False,0.9939999999999999,1,1,
13,16,2,1.0,0.7931251874439785,0.4407897050818783,0.4161539930189751,0.5499006194633448,0.22038677196778347,0.0020609596842371715,False,False,True,16,9,False,1.1199999999999999,0,0,
14,22,3,1.0,1.0,0.9293695247796793,0.4513961075705005,0.4268250924125222,0.3022257310764591,0.009119481948976053,True,False,False,-1,0,False,0.9939999999999999,3,3,
15,0,10,0.17865769931171535,0.09403776838557365,0.8411513547687927,0.7118592099036277,0.034662527608731196,0.0,0.0,False,False,True,75,8,False,1.015,0,0,
16,0,13,0.1047992799990714,0.34921935714083574,0.5434242763977122,0.2976457342311208,0.2622996425227789,0.0,0.0,False,False,True,54,31,False,1.351,1,1,
17,0,2,0.18037649980682358,0.1433839142828703,0.965999450403814,0.6580493296821245,0.13427007270453206,0.0,0.0,False,False,True,63,9,False,1.057,1,1,
18,0,9,0.4631090413880997,0.6551822507736348,0.4382835310966115,0.6391476292451137,0.04583041421634755,0.0,0.0,False,False,True,37,12,False,1.0779999999999998,1,1,
19,1,11,0.4348417754727424,0.023338375106432295,0.8946932517870887,0.34917385297251297,0.1883761770329825,0.018642014836481455,0.00022389659456767983,False,False,True,79,9,False,1.015,1,1,
20,0,12,0.14319395517012726,0.4745896489924929,0.22562243965706488,0.8102659738495845,0.022203168722208722,0.0,0.0,False,False,True,26,14,False,1.8969999999999998,0,0,
21,0,3,0.2894783897423148,0.10759710144486383,0.9596821156198981,0.4139441236063051,0.380223129415413,0.0,0.0,False,False,False,-1,3,False,0.847,2,2,
22,0,6,0.09500746164152976,0.0582309393011782,0.9507390267892433,0.8014861480258838,0.12896475142248032,0.0,0.0,False,False,True,55,8,False,1.0989999999999998,2,2,
23,0,11,0.2893617618297488,0.40180790284684115,0.6585094918975057,0.5243003707995423,0.14475058097386662,0.0,0.0,False,False,True,45,14,False,0.9939999999999999,0,0,
24,0,9,0.3816517651323077,0.2395960074204451,0.5173674934011496,0.7656571084694808,0.20311113056621674,0.0,0.0,False,False,True,22,10,False,1.561,0,0,
25,1,3,0.6137716960379633,0.3927497532102624,0.9962452342651313,0.42850777097332693,0.18957885527398471,0.1343380486100817,0.6411706960735924,False,False,False,-1,0,False,0.9309999999999999,7,7,
26,0,3,0.2537061813315376,0.24735374478930425,0.9458608124825666,0.40942430165977406,0.22227497925811227,0.0,0.0,False,False,True,418,8,False,0.763,0,0,
27,0,1,0.2805368412934186,0.28594359673434044,0.9554272281813571,0.39559989640334114,0.10801057959691523,0.0,0.0,False,False,False,-1,0,False,0.8049999999999999,0,0,
28,0,10,0.3484115870220093,0.09775211281288967,0.6097333226171245,0.7575080236625384,0.1081839720419467,0.0,0.0,False,False,True,16,9,False,1.0779999999999998,0,0,
29,0,1,0.22315983028654457,0.42525524487239474,0.9622230636265705,0.5028092118702605,0.36619567716156476,0.0,0.0,False,False,True,98,12,False,0.973,0,0,
30,0,6,0.34159597598667907,0.11830629308377587,0.741230408800851,0.4122257236597668,0.027476608126229016,0.0,0.0,False,False,True,25,8,False,1.393,0,0,
31,0,1,0.38519107306207434,0.3693807639523867,0.9773970890347365,0.31442117154815197,0.46813660394014667,0.0,0.0,False,False,True,154,8,False,0.826,1,1,
32,0,0,0.6019665665083641,0.3890574305955172,1.0,0.4736992494191298,0.14144690596057985,0.0,0.0,False,False,True,165,8,False,0.847,1,1,
33,0,5,0.03618270712713946,0.27978150827961057,0.5032408512406678,0.8930837592184585,0.34649453536669683,0.0,0.0,False,False,True,40,15,False,1.0779999999999998,1,1,
34,1,1,0.7044830269066387,0.24082585385636446,0.9906599247408873,0.36887695437195495,0.1079945260770182,0.050294774074225675,0.012226003082864055,False,False,False,-1,3,False,0.8049999999999999,4,4,
35,0,14,0.5609079262841054,0.31899733983142825,0.6858101272579582,0.5323630404609929,0.33781325292352343,0.0,0.0,False,False,True,30,15,False,1.267,1,1,
36,0,1,0.1862219334819572,0.12885689294413652,0.9070972146229548,0.3370765947469466,0.16034568416222333,0.0,0.0,False,False,True,178,8,False,0.8889999999999999,0,0,
37,0,8,0.570997377104475,0.243999487305565,0.3692219754945709,0.4902317638838428,0.08216608957383251,0.0,0.0,False,False,True,34,14,False,1.204,1,1,
38,0,6,0.42069764797120024,0.24551081641591835,0.2254857552563957,0.7674743330218778,0.1357878551629243,0.0,0.0,False,False,True,22,8,False,1.0779999999999998,2,2,
39,0,9,0.18930251272951587,0.2876115613337444,0.7989484720820499,0.4529184215128869,0.3015697528156418,0.0,0.0,False,False,True,47,23,False,1.204,2,2,
40,0,6,0.6085674364814894,0.40988369643058464,0.5537575488949003,0.18387543600253253,0.10936904624670621,0.0,0.0,False,False,True,27,8,False,1.036,1,1,
41,2,0,0.5672601529789354,0.540620446765668,0.9094374274550564,0.3869588357722925,0.307830235270523,0.03794498086033656,0.0004808234081355994,False,False,True,46,10,False,0.9099999999999999,1,1,
42,0,1,0.5532712851353511,0.6051343872569388,0.9616196277304933,0.38315956170105847,0.18674507589926495,0.0,0.0,False,False,True,57,9,False,0.763,0,0,
43,0,6,0.3274557947578073,0.19087706373081326,0.7817347192792127,0.28004363230256046,0.16812524190751868,0.0,0.0,False,False,True,34,8,False,1.0779999999999998,1,1,
44,0,1,0.21442440977449623,0.3915280683051251,0.9607987164383077,0.45754047845321033,0.38373878701731684,0.0,0.0,False,False,True,155,9,False,0.826,1,1,
45,0,4,0.17391599857150972,0.1276186452956673,0.7812662496618565,0.7821592976433146,0.49510707604470267,0.0,0.0,False,False,True,36,9,False,1.015,0,0,
46,0,5,0.6761378233860226,0.2621863540207779,0.5306407765512042,0.4047160672274247,0.298937333946553,0.0,0.0,False,False,True,47,10,False,1.246,2,2,
47,0,0,0.28740630528366257,0.24446442622219947,0.9919024872160593,0.6809938189148363,0.09997660530325381,0.0,0.0,False,False,True,212,8,False,0.763,0,0,
48,2,0,0.12707977174086685,0.30974468258263055,0.997400666587532,0.5494664456925135,0.16206094670146406,0.05495206420026465,0.00264033660045648,False,False,True,159,8,False,0.763,0,0,
49,0,14,0.24386881245277203,0.2024483841203547,0.6700778019895238,0.7930516248747227,0.3133840249882145,0.0,0.0,False,False,True,46,15,False,1.1199999999999999,1,1,
50,0,13,0.3985637037844643,0.4422868399154593,0.6062484074460327,0.19070647854196376,0.37171175741273255,0.0,0.0,False,False,True,38,24,False,1.015,0,0,
51,0,2,0.14957792828842725,0.2547744833922356,0.5994221395471212,0.39766554882674515,0.3499326336340055,0.0,0.0,False,False,True,45,11,False,0.9519999999999998,0,0,
52,0,1,0.3621318731096323,0.046265267135531675,0.9092883977070337,0.454386679918157,0.0938624771419861,0.0,0.0,False,False,True,87,9,False,0.8049999999999999,1,1,
53,0,7,0.22366196138023745,0.09695619657715591,0.9830395085423848,0.8911933382982854,0.1105358412456493,0.0,0.0,False,False,True,72,9,False,0.826,0,0,
54,0,5,0.5203120852089042,0.5440920728241526,0.9186418157751092,0.558516368343728,0.03750401646306944,0.0,0.0,False,False,True,68,8,False,0.8889999999999999,1,1,
55,1,0,0.5773725457248622,0.25690583571291836,1.0,0.4541235253242462,0.17237288066854398,0.09944521251920549,0.19078235561879187,False,False,False,-1,0,False,0.721,0,0,
56,0,9,0.17487655638134697,0.7079682850482216,0.5153106350491246,0.5165275684388337,0.1752237293636714,0.0,0.0,False,False,True,21,9,False,1.0779999999999998,1,1,
57,4,6,0.51373748999101,0.11627627715466078,0.9727222944842593,0.5135545524778571,0.20714067321409468,0.13241288211096977,0.012183649200392936,False,False,True,266,11,False,0.868,1,1,
58,0,7,0.1666404011043954,0.3015557451349759,0.9681067493578617,0.8199309098649236,0.10051708087071716,0.0,0.0,False,False,True,79,8,False,0.826,1,1,
59,0,3,0.4283889868112228,0.3351001626462093,0.28685730360763384,0.1989804990081809,0.10681278424921642,0.0,0.0,False,False,True,49,10,False,1.036,0,0,
60,0,7,0.19103470362985725,0.06800898258508471,0.9505337683403942,0.3552329036106515,0.31328857262689974,0.0,0.0,False,False,True,88,11,False,0.8049999999999999,1,1,
61,5,4,0.5736593591224003,0.0629654583120496,0.9544777114963331,0.36587017135335087,0.15523072307523966,0.1453325268806086,0.008102053989427344,False,False,True,381,9,False,0.826,1,1,
62,0,0,0.352811662130135,0.4119988125916048,0.9565991462782297,0.48485232961002395,0.19202365933110147,0.0,0.0,False,False,True,62,8,False,0.826,0,0,
63,0,0,0.13060425533665054,0.7062359788899415,0.9708202725006403,0.4227131085357681,0.17087007548669927,0.0,0.0,False,False,False,-1,0,False,0.784,1,1,
64,21,0,1.0,0.7940957614378725,0.4377731741935002,0.6951492092931152,0.556886934985725,0.22598006022802078,0.002787540748055047,False,False,True,20,8,False,0.9519999999999998,0,0,
65,0,0,0.46165991345864643,0.21573025334365437,0.964600546228331,0.30644975663367896,0.32382736137349616,0.0,0.0,False,False,True,87,8,False,0.8049999999999999,0,0,
66,0,1,0.2879316395606758,0.30527669821759523,1.0,0.39728296391729484,0.29778587874493884,0.0,0.0,False,False,False,-1,0,False,0.742,1,1,
67,0,2,0.4511140556859883,0.5400143778791646,0.6571234792955432,0.8779676551684745,0.3141718977419577,0.0,0.0,False,False,True,45,8,False,0.9519999999999998,0,0,
68,0,0,0.22238433538995098,0.21495379108204773,0.979362145762106,0.40889001100627254,0.14658467112093343,0.0,0.0,False,False,False,-1,0,False,0.8889999999999999,0,0,
69,0,1,0.05790931343581782,0.1256113912639496,1.0,0.387380341585282,0.20556633616228653,0.0,0.0,False,False,False,-1,0,False,0.0,1,1,
70,0,9,0.33296405724699873,0.6221394243937174,0.7492593681557264,0.3537187625606299,0.11545919680949385,0.0,0.0,False,False,True,78,9,False,0.9099999999999999,1,1,
71,0,7,0.3581673162021748,0.2813118855571168,0.7590045233904092,0.41804807107633263,0.06900424047158923,0.0,0.0,False,False,True,93,9,False,0.8049999999999999,0,0,
72,22,0,1.0,1.0,0.9917710250379332,0.40465180514827714,0.28828580965250167,0.3274629311178109,0.011574029328360451,True,False,False,-1,0,False,0.0,1,1,
73,0,3,0.3867256249985913,0.4310812454935516,0.9736249879096776,0.5148952695327327,0.07633773004579768,0.0,0.0,False,False,True,406,8,False,0.742,0,0,
74,0,2,0.1299941029284415,0.15259234882920408,0.9176986104004294,0.38324107521567063,0.1178747556253304,0.0,0.0,False,False,True,440,9,False,0.721,0,0,
75,0,3,0.06023649375477028,0.43074642737599356,0.6146916440780724,0.09490068102536257,0.10761579515807793,0.0,0.0,False,False,True,29,8,False,0.868,1,1,
76,0,5,0.34498611993095746,0.06748442200514351,0.9516426410791308,0.33943150869980204,0.47271186760534323,0.0,0.0,False,False,True,197,10,False,0.784,0,0,
77,0,0,0.07292387892396764,0.5036503690257093,0.9709630426324869,0.43253667890594816,0.04901508683514137,0.0,0.0,False,False,True,74,8,False,0.8049999999999999,0,0,
78,0,6,0.32017737194057994,0.2618672979773055,0.6081414846405601,0.6031379643347721,0.1781729918789412,0.0,0.0,False,False,True,34,8,False,1.0779999999999998,1,1,
79,0,6,0.47561947819472894,0.3052237778749644,0.69599165998504,0.6628152509064015,0.07978786843908252,0.0,0.0,False,False,True,45,16,False,0.9939999999999999,0,0,
80,0,14,0.17422490814394695,0.16329255442702045,0.9375519694273202,0.40723370231510353,0.27183631991247353,0.0,0.0,False,False,True,69,11,False,0.8049999999999999,1,1,
81,25,0,1.0,0.7997669765079821,0.5509064941903977,0.9983160214534395,0.27629030127506443,0.2424080229994407,0.004342025452704383,False,False,True,35,11,False,0.9309999999999999,0,0,
82,0,3,0.3130437069152011,0.5549662799513148,0.528175502832826,0.5877251192829389,0.2417242973571339,0.0,0.0,False,False,True,33,8,False,0.9939999999999999,1,1,
83,0,1,0.2590074318275117,0.4499142620320739,0.9918197343593954,0.5999813032275801,0.1445393047029285,0.0,0.0,False,False,True,219,8,False,0.784,0,0,
84,0,5,0.44254867965583755,0.3209928227422767,0.5542813272354367,0.6548454361620069,0.17803798962856937,0.0,0.0,False,False,True,36,13,False,0.9099999999999999,0,0,
85,1,0,0.2027319662726245,0.39262089143670637,1.0,0.5724418638020493,0.08343798756019898,0.05874993067910668,0.02287052607485632,False,False,True,275,8,False,0.763,0,0,
86,0,0,0.3526171095441148,0.1779332283859483,1.0,0.3728122794797366,0.5043389211373456,0.0,0.0,False,False,False,-1,0,False,0.763,0,0,
87,46,0,1.0,1.0,0.6853278890390134,0.3046175570655275,0.25385901024990754,0.2962263993906169,0.013024744284235642,False,False,True,80,12,False,0.763,0,0,
88,0,0,0.21581074038578918,0.1876571881472403,0.9844140140367452,0.4266930619133677,0.23840902603844838,0.0,0.0,False,False,False,-1,0,False,0.0,1,1,
89,0,6,0.7036785659071989,0.243830344112116,0.47454484311941486,0.09589959393263113,0.3116761438575101,0.0,0.0,False,False,True,23,9,False,1.0779999999999998,0,0,
90,1,0,0.3487187630288691,0.2449651065675556,0.6198767887435813,0.6613939890676888,0.2558372396013607,0.018924464839773173,0.00023788620660575082,False,False,True,47,9,False,0.9099999999999999,0,0,
91,0,0,0.9268885471511028,0.2046497786662631,0.9036322100532471,0.7363961821273912,0.048657868897980135,0.0,0.0,False,False,True,92,8,False,0.868,1,1,
92,1,0,0.6350186442948673,0.07071171070743347,0.936842922950915,0.5544640595063324,0.3048012900591501,0.02674428770492065,0.0009588927570509446,False,False,True,434,8,False,0.742,0,0,
93,0,6,0.286012832591185,0.714768463319357,0.3590582600883347,0.612594881477673,0.22328779944934604,0.0,0.0,False,False,True,30,8,False,1.1409999999999998,0,0,
94,0,3,0.2557966536177975,0.45862873579331354,0.9523455101890939,0.4173538031654881,0.36735179892585257,0.0,0.0,False,False,False,-1,0,False,0.763,3,3,
95,10,0,0.5416916297059892,0.6055512792861634,0.9915163874340963,0.4543891491257029,0.5473418501125028,0.2660599173460565,0.010437949729343154,False,False,False,-1,0,False,0.0,1,1,
96,0,7,0.1709517411579853,0.1998213903212133,0.7214560038068608,0.6760820193302235,0.41174153296342764,0.0,0.0,False,False,True,60,9,False,0.868,0,0,
97,0,2,0.21450444735395574,0.15268753982759325,0.9094131539809066,0.6107873855295181,0.30215433031334044,0.0,0.0,False,False,True,191,9,False,0.847,1,1,
98,0,0,0.4683577814113002,0.20706838224534463,0.9065767381583556,0.2307488684266016,0.23552208078236636,0.0,0.0,False,False,True,72,8,False,0.8889999999999999,0,0,
99,0,5,0.08983532738624563,0.15849365242339397,0.6442256662074628,0.8625631387849213,0.28427437574034986,0.0,0.0,False,False,True,29,8,False,0.9519999999999998,1,1,
100,11,0,0.7326937658955381,0.9629371053085762,0.4785240526885641,0.04705773907379526,0.3688578732562958,0.192780784149281,0.0019250322129633708,False,False,True,31,9,False,0.9099999999999999,1,1,
101,1,0,0.41165447419241136,0.5976188911083932,0.9494670396128031,0.562001245813501,0.18265139795863275,0.022553595181580736,0.0004824547779554261,False,False,False,-1,0,False,0.0,1,1,
102,1,14,0.578332185752618,0.6014589659238742,0.15862127767516435,0.45774777262976263,0.10912884496042628,0.01579990638989009,0.0001149497380509562,False,False,True,48,30,False,0.9099999999999999,0,0,
103,0,0,0.004598481077877508,0.4765581451089141,0.7829649634656638,0.48619993796559124,0.4421066877795217,0.0,0.0,False,False,True,57,8,False,0.8049999999999999,0,0,
104,0,0,0.17955268383918307,0.5306432564889308,0.9191029313593367,0.4103012309340679,0.10599954597071676,0.0,0.0,False,False,True,326,11,False,0.742,0,0,
105,29,0,1.0,1.0,0.9336920165955845,0.40357535232077946,0.5293336628493173,0.262650176922853,0.006696796212710171,True,False,False,-1,0,False,0.0,1,1,
106,0,1,0.27382013624060275,0.24984056648121275,0.6222618285873524,0.42132393767766835,0.2405930288033297,0.0,0.0,False,False,True,46,10,False,0.9309999999999999,0,0,
107,0,5,0.5172898973628294,0.4748733142017086,0.42650762830187666,0.44189122568920575,0.0909932005840521,0.0,0.0,False,False,True,40,11,False,0.9099999999999999,1,1,
108,39,1,1.0,1.0,0.9839588290771766,0.39296028899513763,0.5879071485743194,0.2587300902010073,0.00798378187281299,True,False,False,-1,0,False,0.0,0,0,
109,0,0,0.07514053514105976,0.12889894837203322,0.950152857970799,0.7498042329971835,0.14055111876405185,0.0,0.0,False,False,True,94,11,False,0.784,0,0,
110,0,13,0.35408798171397565,0.2706769785215081,0.8118117964221729,0.5788902002145366,0.354071121928768,0.0,0.0,False,False,True,72,13,False,0.826,1,1,
111,2,0,0.2640349503576659,0.15972002121227674,0.9676495524954873,0.6945863841678749,0.058967079142483766,0.07047729636690499,0.0060166186778691936,False,False,True,201,8,False,0.826,0,0,
112,0,0,0.30043139101840005,0.14003535745113294,0.9394370395694456,0.4731265343386774,0.22434247176323355,0.0,0.0,False,False,True,271,9,False,0.721,0,0,
113,0,3,0.4071328647272059,0.47423177331704935,0.5726895285598987,0.40298522479359655,0.14295818940148797,0.0,0.0,False,False,True,34,9,False,0.8889999999999999,0,0,
114,0,0,0.30040612008463186,0.3561459303659284,1.0,0.3584547714453136,0.1606047462565474,0.0,0.0,False,False,True,293,9,False,0.742,0,0,
115,0,5,0.6295357878787615,0.26673138653684825,0.41627665990862817,0.3008029153727253,0.32278747722288903,0.0,0.0,False,False,True,32,10,False,0.9309999999999999,0,0,
116,37,0,1.0,1.0,0.7328724013471131,0.4472075399457298,0.5949744917990605,0.23999000297002127,0.006143638736397388,False,False,True,31,9,False,0.847,0,0,
117,0,1,0.08318510691217362,0.41136041611251056,0.4619373355617444,0.8304282968465405,0.48930256957680807,0.0,0.0,False,False,True,53,15,False,0.784,0,0,
118,0,0,0.3448620642690716,0.39898733750110504,0.8616760574471631,0.5254357244093557,0.14411016228311155,0.0,0.0,False,False,True,213,9,False,0.784,0,0,
119,0,1,0.11543266055251283,0.35062994736841924,0.47177666760619613,0.21763900870732927,0.3478797400508465,0.0,0.0,False,False,True,66,8,False,0.826,1,1,
120,1,0,0.16910150222881717,0.7795671310830272,0.9538120070974786,0.6534877401730617,0.09628457480330826,0.03685987582853301,0.0034938253685309092,False,False,True,181,8,False,0.784,0,0,
121,1,1,0.24679226821194541,0.2347131784029199,0.7914245651211885,0.37697306162560323,0.15760168403947625,0.016779443184543448,0.00014648564835455732,False,False,True,32,8,False,0.847,1,1,
122,0,1,0.2526194489296008,0.5937691122196634,1.0,0.4472926042977946,0.056678019095741064,0.0,0.0,False,False,False,-1,0,False,0.0,1,1,
123,0,5,0.23479467846673055,0.19325843484352231,0.9842610530608862,0.42804404614629943,0.43018555262626146,0.0,0.0,False,False,True,400,9,False,0.763,0,0,
124,0,0,0.18177347348471293,0.535529184100446,1.0,0.4915061046454407,0.2377222859883581,0.0,0.0,False,False,False,-1,0,False,0.0,2,2,
125,0,7,0.45671022782457227,0.20756249300965374,0.8946439548530931,0.6331155017764065,0.0643593869705562,0.0,0.0,False,False,True,82,9,False,0.784,0,0,
126,14,0,0.7959493473334469,0.7554592158397302,0.4205767038892886,0.728288410909173,0.46434846993278417,0.2294039427490431,0.0020650676958145616,False,False,True,25,8,False,0.9099999999999999,1,1,
127,0,0,0.2926124622855526,0.590882419568096,0.9509540129532945,0.32500621891072135,0.3168555741784922,0.0,0.0,False,False,True,65,9,False,0.784,0,0,
128,0,0,0.49929583396054017,0.45468794957093667,1.0,0.5312906337040192,0.3111683990195936,0.0,0.0,False,False,True,86,8,False,0.742,0,0,
129,0,0,0.6822820753192232,0.6239776561462271,0.8443726627621433,0.5729134484085192,0.11343977277724522,0.0,0.0,False,False,True,48,8,False,0.784,0,0,
130,0,4,0.5764158176149057,0.21329212822944263,0.916391290029065,0.5270071721479959,0.45384346471401515,0.0,0.0,False,False,True,80,11,False,0.784,0,0,
131,0,7,0.5807220881448018,0.4961559338816634,0.3975088637784878,0.5434825720376549,0.23966807892123587,0.0,0.0,False,False,True,37,19,False,0.868,0,0,
132,35,0,1.0,1.0,0.6741911697372444,0.4025309446958097,0.45384283674088594,0.2424080229994407,0.006010978736292633,False,False,True,36,10,False,0.763,0,0,
133,0,0,0.1441140337203552,0.428905342034565,0.9482317005885428,0.32862976519903103,0.07738073976827008,0.0,0.0,False,False,True,362,9,False,0.763,0,0,
134,0,0,0.293526320287386,0.056613875712329516,0.9782644602800675,0.47257988708457316,0.07163685144834013,0.0,0.0,False,False,True,122,11,False,0.9099999999999999,1,1,
135,1,3,0.4557769354491114,0.2606120452072309,0.9430142529417976,0.46825694459004275,0.30014915864354585,0.01882984251557431,0.0002331284824736358,False,False,True,44,13,False,0.9939999999999999,1,1,
136,0,2,0.5843901927160359,0.13344110003442572,0.8562407014790431,0.4742944096453985,0.1081990069362254,0.0,0.0,False,False,True,225,8,False,0.763,0,0,
137,2,0,0.38793484552788016,0.5128903441932756,1.0,0.37391193783474785,0.0949918667572892,0.03955345039292186,0.0006983473983904893,False,False,False,-1,0,False,0.0,1,1,
138,0,5,0.5294680946936855,0.13352806199097386,0.4911742670387177,0.6932701674151541,0.08148904396825941,0.0,0.0,False,False,True,28,10,False,0.826,0,0,
139,0,5,0.335199760221669,0.14656898710286861,0.48506811662679306,0.46136353208675135,0.39182960322812327,0.0,0.0,False,False,True,44,13,False,0.9309999999999999,0,0,
140,16,3,1.0,0.8643972465015607,0.37665458484989106,0.20325412455221653,0.5579172552576556,0.22038677196778347,0.002016975700549047,False,False,True,16,8,False,0.868,0,0,
141,0,0,0.33719540406001575,0.6088942699949516,0.4402528012360525,0.6076769945748935,0.03526673017790117,0.0,0.0,False,False,True,32,8,False,0.8889999999999999,0,0,
142,0,1,0.3561852964367144,0.34595750736010517,0.7249680119172693,0.5663660246614678,0.4672275686999689,0.0,0.0,False,False,True,101,8,False,0.742,0,0,
143,0,2,0.18083328431952408,0.3068824374877991,0.972858876024038,0.4503243168342152,0.08127704044368383,0.0,0.0,False,False,True,90,8,False,0.847,1,1,
144,0,5,0.452190648466756,0.17479689697893377,0.28609479202581106,0.6001379634908449,0.29606963810533704,0.0,0.0,False,False,True,28,11,False,0.847,0,0,
145,0,1,0.26737454832065716,0.44666702825308185,0.9553580492128119,0.32388256344303357,0.11422673364608506,0.0,0.0,False,False,True,399,8,False,0.826,1,1,
146,1,0,0.48118150552691796,0.2706810390380868,0.972724008609242,0.8045751284793542,0.453478174037504,0.02986230034784824,0.0014955342827160088,False,False,True,197,9,False,0.742,0,0,
147,0,2,0.10379607151844122,0.31206740752849454,0.9679484914358332,0.467612069895293,0.09047402646065633,0.0,0.0,False,False,False,-1,0,False,0.742,1,1,
148,42,0,1.0,1.0,0.7267371259728482,0.36145344863991663,0.6172877329703454,0.2874499545142443,0.012128254995107474,False,False,True,71,11,False,0.763,0,0,
149,0,2,0.11544793810464353,0.45830676604464976,1.0,0.35979466103207675,0.19960451856128764,0.0,0.0,False,False,False,-1,0,False,0.742,2,2,
150,22,0,1.0,0.9349773551618576,0.540937128680484,0.29161558333504245,0.6180452792354731,0.2352260815660586,0.0033430864475377975,False,False,True,38,12,False,0.847,0,0,
151,0,4,0.1889726226229452,0.5763895471105761,1.0,0.42898460425856355,0.024021335907372016,0.0,0.0,False,False,False,-1,0,False,0.0,3,3,
152,0,1,0.6717214515256864,0.1720238200327996,0.9472857560291342,0.6675155528378183,0.3747735967262546,0.0,0.0,False,False,True,71,8,False,0.868,1,1,
153,0,0,0.14448062067694936,0.3812118814322974,0.574778174364464,0.4504643133343858,0.16459445234215445,0.0,0.0,False,False,True,43,9,False,0.826,0,0,
154,0,0,0.11828143337491952,0.30989862085064385,0.9477443361566081,0.6436898873407839,0.11455570539053853,0.0,0.0,False,False,True,74,8,False,0.826,0,0,
155,0,2,0.2071828976210457,0.1140560983324863,0.9522781684789802,0.1902814996013238,0.08808590780823917,0.0,0.0,False,False,True,154,10,False,0.8049999999999999,0,0,
156,1,0,0.33065504735631923,0.20102361896270732,1.0,0.48170088968875474,0.36187677306358473,0.025822161963313925,0.0008324392860412688,False,False,True,184,9,False,0.8049999999999999,1,1,
157,0,2,0.6167622300180935,0.5964476214830546,0.4986994954834742,0.3989499944046105,0.03472531851570057,0.0,0.0,False,False,True,31,10,False,0.8889999999999999,0,0,
158,0,0,0.2125754681888947,0.5989855951004087,0.7231889565209815,0.5984254476013474,0.25753862946097184,0.0,0.0,False,False,True,69,8,False,0.826,0,0,
159,0,0,0.19653440166386107,0.005262953380454341,0.9791979461633219,0.3607851377981508,0.11871334460863109,0.0,0.0,False,False,False,-1,0,False,0.0,1,1,
160,0,5,0.28864494708999305,0.5400180511773612,0.5822250009323504,0.29745465741012894,0.027697993051175786,0.0,0.0,False,False,True,26,12,False,0.9309999999999999,0,0,
161,0,5,0.3032525964854695,0.4026040925893889,0.621967741224301,0.3819864229324415,0.09992928120905682,0.0,0.0,False,False,True,31,12,False,0.9099999999999999,1,1,
162,23,0,1.0,1.0,0.5252571505284612,0.19489718936431077,0.2840532193319986,0.24980924403995275,0.0042023341619670295,False,False,True,41,11,False,0.8049999999999999,0,0,
163,22,0,1.0,0.934307416038641,0.15674787179238428,0.37335609736888864,0.49881948051008845,0.23287970140243716,0.003383193097210682,False,False,True,27,11,False,0.8889999999999999,0,0,
164,0,1,0.5541815439059005,0.19107556734415762,0.9823931431876116,0.46109532608924864,0.16312436298997154,0.0,0.0,False,False,True,78,8,False,0.847,1,1,
165,0,2,0.35652458378434165,0.3389582271467561,0.9574185635370768,0.4819667058624991,0.12012453126393235,0.0,0.0,False,False,False,-1,0,False,0.0,1,1,
166,14,2,0.9588933306628865,0.7015269216901966,0.6404024830654499,0.49949002666255005,0.5095406258745537,0.2271156384201214,0.0019393051378793858,False,False,True,26,11,False,0.9309999999999999,0,0,
167,0,2,0.03508257248088363,0.5483635803728494,0.47713820223751735,0.39898212672747446,0.36109812236592387,0.0,0.0,False,False,True,38,8,False,0.8889999999999999,0,0,
168,0,0,0.2892151878936427,0.021013221912440695,0.9842159953638506,0.4328185383042028,0.1408535219580065,0.0,0.0,False,False,False,-1,0,False,0.763,0,0,
169,0,0,0.3084812268402835,0.5126734563062173,0.9603820697991478,0.4459156107328457,0.1505908347242628,0.0,0.0,False,False,False,-1,0,False,0.784,1,1,
170,22,0,1.0,1.0,0.9521734587076008,0.3680679832790188,0.2264925421686305,0.3114533111381652,0.011155753355971954,False,False,False,-1,0,False,0.0,1,1,
171,18,0,1.0,0.7968448759297504,1.0,0.37440389860001055,0.24823222021187608,0.33076228490978604,0.009289901876335256,False,False,False,-1,0,False,0.0,1,1,
172,0,0,0.5183326269145708,0.0795508283376994,0.9532358955189295,0.3535680367832693,0.16321164173983987,0.0,0.0,False,False,True,438,8,False,0.721,0,0,
173,0,1,0.3727800306818244,0.6836816030486,0.8782139914324184,0.45087948553165097,0.05335598553356762,0.0,0.0,False,False,True,148,8,False,0.742,0,0,
174,5,0,0.21901235137241595,0.4396116129211376,0.7955426161284629,0.5230368471827207,0.6923392878849176,0.10099940090888392,0.0016533833615259936,False,False,True,91,8,False,0.763,0,0,
175,27,2,1.0,1.0,0.3123992781057486,0.9249715703774424,0.6200987340061787,0.23287970140243716,0.003959880097799072,False,False,True,24,8,False,0.784,0,0,
176,0,0,0.03378825692768884,0.5237053722299497,0.8699582868417001,0.2555764829415096,0.07517347172468374,0.0,0.0,False,False,True,57,9,False,0.742,0,0,
177,0,0,0.02885401455100164,0.10366557436705873,0.9830449408899998,0.49293299535599877,0.18301724958447063,0.0,0.0,False,False,False,-1,0,False,0.0,0,0,
178,0,5,0.10366469814575435,0.3423578725754715,0.1513944291011899,0.8668137909663736,0.2578100928896293,0.0,0.0,False,False,True,34,8,False,0.847,0,0,
179,0,6,0.5957424675832163,0.04817129641457742,0.5627018924645923,0.2053606041481819,0.28520826208343664,0.0,0.0,False,False,True,30,11,False,0.8889999999999999,0,0,
180,15,0,0.9991350562756218,0.6400287366779047,0.5129564320653379,0.5071915485874599,0.4024621577616019,0.24362615376828212,0.0027250925480934982,False,False,True,45,16,False,0.868,0,0,
181,1,8,0.45598366371787846,0.48287840449826624,0.8823289660064999,0.5292726843099297,0.05172137668254094,0.020607781186464034,0.00033537136169760145,False,False,True,62,9,False,0.826,1,1,
182,0,1,0.06484065230908109,0.2838498605807084,1.0,0.39521713688367877,0.2679105538542388,0.0,0.0,False,False,False,-1,0,False,0.0,0,0,
183,0,1,0.1651536702133248,0.14433685143511532,0.6271813695042137,0.5246940996799073,0.188857442282003,0.0,0.0,False,False,True,52,8,False,0.847,1,1,
184,6,0,0.4857823229744209,0.8593232410746435,0.34854581574864607,0.6570625027267568,0.4710939805536396,0.12253120126638072,0.0019430496922863121,False,False,True,61,10,False,0.763,0,0,
185,1,0,0.14204931253778416,0.4096824208835347,0.5704733057098059,0.8591167138612092,0.0900221669595436,0.01694850451710154,0.00015252566467571568,False,False,True,43,8,False,0.8049999999999999,0,0,
186,0,8,0.1651144061228308,0.4291968360659363,0.5167510084033412,0.7266191962523136,0.02993136913646139,0.0,0.0,False,False,True,21,8,False,0.8889999999999999,1,1,
187,0,1,0.23164019367227137,0.38282728318032216,0.9899209941589708,0.36702017535983267,0.14002166406673822,0.0,0.0,False,False,True,435,9,False,0.721,0,0,
188,0,0,0.2583871595123853,0.40204597641853734,0.5180577089196494,0.5125957003951337,0.18877226568737746,0.0,0.0,False,False,True,31,8,False,0.8049999999999999,0,0,
189,1,0,0.21595378072400678,0.24900150949164213,0.9861514411052829,0.4523610007285035,0.2600538924154486,0.020920015025724856,0.0003563261924215266,False,False,False,-1,0,False,0.0,1,1,
190,0,3,0.290368270271258,0.2979850317613478,0.5544764325115266,0.6361697759061162,0.05795153245963006,0.0,0.0,False,False,True,34,12,False,0.868,0,0,
191,0,1,0.13365424644556598,0.13500536020396117,0.923348732744501,0.39309672952842534,0.4319880761552156,0.0,0.0,False,False,False,-1,0,False,0.0,0,0,
192,1,0,0.2885434097370418,0.5076829316555651,1.0,0.3838549711278062,0.3031979292709312,0.04115722560722842,0.005449134512738076,False,False,True,264,11,False,0.742,0,0,
193,0,2,0.7230895682004704,0.2232845807218659,0.8627582928889905,0.19758208994309662,0.4586112302513439,0.0,0.0,False,False,True,76,9,False,0.763,0,0,
194,0,0,0.6231880755207907,0.0726529906736355,0.9539096152450688,0.29816996276570507,0.0631459990491289,0.0,0.0,False,False,True,173,8,False,0.784,0,0,
195,0,2,0.28330782991862274,0.6040178282811042,1.0,0.33143368111162774,0.22654616905515168,0.0,0.0,False,False,True,207,8,False,0.763,0,0,
196,0,0,0.13307035993662691,0.049370316216248024,0.9611268953047625,0.2859912550522724,0.24884433512377116,0.0,0.0,False,False,True,46,8,False,0.784,0,0,
197,0,0,0.39631978834769027,0.6765511860818912,0.7744415462386752,0.45833146739150205,0.297208815030418,0.0,0.0,False,False,True,86,10,False,0.847,1,1,
198,0,1,0.4842284945183499,0.014991423959764973,0.34206644888167986,0.4867719388544394,0.1298825807380492,0.0,0.0,False,False,True,33,8,False,0.8049999999999999,1,1,
199,0,0,0.1288548699752785,0.743672972127662,0.8603844934976452,0.4385664746641918,0.018083338875525882,0.0,0.0,False,False,True,54,10,False,0.784,0,0,
200,0,1,0.16083159036854305,0.12380587472338442,0.9763988593289441,0.4040915876983664,0.3085345906047844,0.0,0.0,False,False,False,-1,0,False,0.0,1,1,
201,7,0,0.45528943598537863,0.4024673905526265,0.5420213036933101,0.5713801430330956,0.2662614924295572,0.14113485633046327,0.0022174557442759114,False,False,True,73,9,False,0.763,0,0,
202,0,2,0.09194201395646223,0.38470171329811576,0.9636389718914135,0.4431596020925569,0.11540804912543935,0.0,0.0,False,False,True,185,8,False,0.8049999999999999,1,1,
203,1,2,0.3538482799133789,0.6133022853879044,0.9033711971379765,0.6601125529379621,0.16315609931415304,0.01579990638989009,0.0001149497380509562,False,False,True,24,9,False,0.847,0,0,
204,2,1,0.3056030303728302,0.2362418211255757,0.5232419186742707,0.214254070892152,0.6755459508858911,0.03424240971167296,0.0003182130156018051,False,False,True,33,8,False,0.784,0,0,
205,0,0,0.3575451812532177,0.2874927812562597,0.9797731710819729,0.6658655444519794,0.06687967856049543,0.0,0.0,False,False,True,233,9,False,0.742,0,0,
206,0,0,0.42856912967858596,0.16734260074211207,0.949648629680415,0.4433245243895828,0.010002240832239847,0.0,0.0,False,False,False,-1,1,False,0.0,2,2,
207,0,1,0.13624489108364748,0.38382079280827514,1.0,0.4081498072249572,0.2948930775301305,0.0,0.0,False,False,False,-1,0,False,0.0,3,3,
208,0,0,0.4009215660485122,0.24270545398706703,1.0,0.45664547958615465,0.05145726896671737,0.0,0.0,False,False,False,-1,2,False,0.742,2,2,
209,0,0,0.48072674623772893,0.06351158622962366,1.0,0.43248440501718277,0.14545810364833223,0.0,0.0,False,False,True,94,8,False,0.784,0,0,
210,2,5,0.48416937644629554,0.0521201083404606,0.970267543206699,0.383245217805516,0.08398303235489696,0.16804941479837007,0.2389155497135887,False,False,False,-1,0,False,0.0,0,0,
211,0,10,0.2818373391130146,0.22126930063085637,0.9722668416270784,0.7580352736806173,0.303002411552614,0.0,0.0,False,False,True,78,10,False,0.784,0,0,
212,46,1,1.0,1.0,1.0,0.3579214316423853,0.5741125233011404,0.3098960445824744,0.014808861301742395,True,False,False,-1,0,False,0.8889999999999999,0,0,
213,0,2,0.18668369614251992,0.40702515592947747,0.5772906382801405,0.5858579681409177,0.5148721153452067,0.0,0.0,False,False,True,43,9,False,0.826,0,0,
214,0,0,0.07898349780496296,0.5188635981871984,0.9952495270826742,0.8785802694413842,0.21167679862180147,0.0,0.0,False,False,True,97,8,False,0.763,0,0,
215,0,0,0.23822655882961258,0.2742932950655803,0.963523354532116,0.4437189476302301,0.09266354113768327,0.0,0.0,False,False,False,-1,0,False,0.742,2,2,
216,1,1,0.25153717876190673,0.12766878006714838,0.9898960520935973,0.27522006140035365,0.3056518703074486,0.03836800534263331,0.004106696313537816,False,False,True,201,8,False,0.763,0,0,
217,0,9,0.32624901509546805,0.4420117157751202,0.46327639023964184,0.6105761282717711,0.06789346839334526,0.0,0.0,False,False,True,67,17,False,0.826,1,1,
218,1,1,0.3007473673600669,0.20602084153540162,0.925902365205555,0.43074498271840267,0.44111400048377347,0.05729579664079538,0.020673144152819303,False,False,True,316,8,False,0.784,0,0,
219,11,0,0.6204825387611527,0.6775471214759833,0.5737096406939985,0.2947373078243349,0.39505712865485443,0.19492924857317553,0.002016263336259891,False,False,True,34,8,False,0.8049999999999999,1,1,
220,0,1,0.10733662322536955,0.42096680214945953,0.7971514679336199,0.4979548605004946,0.22892466133757813,0.0,0.0,False,False,True,74,8,False,0.8049999999999999,1,1,
221,0,0,0.3242520812159697,0.6543077738806823,1.0,0.4805737548626431,0.38269019923679926,0.0,0.0,False,False,True,108,9,False,0.721,0,0,
222,0,3,0.2390607756282259,0.3446509885895989,0.7774249877044181,0.34350655921400636,0.07922436828909016,0.0,0.0,False,False,True,35,10,False,0.826,0,0,
223,0,0,0.33810697114926963,0.20839969086198598,0.796604278982157,0.36459421230774264,0.1558920450726734,0.0,0.0,False,False,True,51,10,False,0.847,1,1,
224,0,0,0.5519024117096981,0.21568955500323,1.0,0.3594352034469297,0.20604700261026984,0.0,0.0,False,False,False,-1,0,False,0.763,2,2,
225,0,0,0.1557689731008874,0.1866181460638791,1.0,0.33281327888394213,0.28876205687147277,0.0,0.0,False,False,False,-1,0,False,0.0,0,0,
226,0,0,0.10495581018370166,0.5473277015921421,1.0,0.46344037436986035,0.23065665018977224,0.0,0.0,False,False,True,73,9,False,0.742,0,0,
227,0,2,0.12492700858113846,0.37760831753474655,0.7215503085073574,0.5324326286618594,0.04021498986301748,0.0,0.0,False,False,True,27,8,False,0.826,1,1,
228,1,4,0.532566369051577,0.22862818233100035,0.8866545715876324,0.32437861294052167,0.09122206047413542,0.01628231038858631,0.00012976319550080776,False,False,True,98,10,False,0.721,0,0,
229,0,7,0.23716573573382735,0.3912260564076467,0.7225898823492164,0.68574639286616,0.1516772306986454,0.0,0.0,False,False,True,88,17,False,0.784,0,0,
230,0,0,0.35329350933582576,0.677499139811871,0.9892544408490774,0.47907551828382966,0.05321825398402984,0.0,0.0,False,False,False,-1,0,False,0.784,0,0,
231,0,7,0.22037940814383603,0.44627841537792584,0.7601387888243188,0.7718143982130254,0.46168199271046184,0.0,0.0,False,False,True,21,8,False,0.847,0,0,
232,0,1,0.20049230965225648,0.47559051033513877,1.0,0.3551776628106822,0.1561688223754719,0.0,0.0,False,False,False,-1,0,False,0.742,0,0,
233,0,3,0.42895929840403335,0.1485028254405702,0.9642478075086229,0.6660876472773711,0.2451755114881978,0.0,0.0,False,False,True,168,8,False,0.742,0,0,
234,0,0,0.1757658835506771,0.18159515399959103,0.5369067425403483,0.5643227663792616,0.42577693195311006,0.0,0.0,False,False,True,46,9,False,0.763,0,0,
235,0,3,0.3244926064514025,0.1784091838086362,0.9077391775635374,0.4717896151434947,0.4664628652593426,0.0,0.0,False,False,True,87,9,False,0.742,0,0,
236,0,0,0.1458674106831886,0.46323961359797605,0.9506888244710417,0.6209013168775082,0.3451187756799497,0.0,0.0,False,False,True,202,9,False,0.721,0,0,
237,28,0,1.0,0.9206079901714131,0.5647554086035613,0.4248720285276826,0.5297465940706647,0.2535941687071785,0.005380196330349246,False,False,True,43,10,False,0.721,0,0,
238,0,2,0.5221879610094831,0.27565051999679185,0.4828948146454426,0.2697478803352379,0.13593843479064,0.0,0.0,False,False,True,33,8,False,0.847,0,0,
239,0,0,0.44782347312796345,0.04688037268615478,1.0,0.43716919130800375,0.13857320746965215,0.0,0.0,False,False,False,-1,0,False,0.0,2,2,
240,0,2,0.3367950743467402,0.3974265353571663,0.2933295562088715,0.29797279741945437,0.4504284929129024,0.0,0.0,False,False,True,31,8,False,0.826,0,0,
241,0,0,0.1366868825097023,0.5001760007792428,1.0,0.43577983774759294,0.028173217184651902,0.0,0.0,False,False,False,-1,0,False,0.742,0,0,
242,40,0,1.0,1.0,0.590396666470505,0.48342406955468326,0.6518388579341597,0.22598006022802078,0.005325616228381841,False,False,True,19,9,False,0.826,0,0,
243,0,4,0.4694933003988516,0.4455234172811311,0.4365755211450398,0.7761707931335174,0.20956545167719226,0.0,0.0,False,False,True,32,8,False,0.826,0,0,
244,13,0,0.6593359479925079,0.8590981125024735,0.932690638954646,0.5381147354871295,0.5632163209987295,0.24684252256068923,0.00314436848464836,False,False,True,48,10,False,0.847,0,0,
245,0,13,0.2956470215148248,0.21949411409497627,0.47776893240378837,0.8446192307935129,0.3439551481126525,0.0,0.0,False,False,True,45,13,False,0.8049999999999999,1,1,
246,0,0,0.3609972930755019,0.5411967009223294,0.921128833790227,0.6030491912124527,0.06681150558530836,0.0,0.0,False,False,True,363,10,False,0.742,0,0,
247,0,4,0.5600020161042931,0.21943340477742115,0.17640357597092918,0.09372538025326957,0.13243732423155052,0.0,0.0,False,False,True,28,10,False,0.826,0,0,
248,1,0,0.12189458937382779,0.12713651043240043,0.9838657682489179,0.3867553333518294,0.5386211902394424,0.04437106780281845,0.007377961646676513,False,False,True,282,9,False,0.742,0,0,
249,1,0,0.3448062804988777,0.4060940710737394,0.6981741129978543,0.777389971501989,0.04846952265521337,0.019211194316343896,0.00025274992414486185,False,False,True,45,9,False,0.8049999999999999,0,0,
250,0,1,0.5295564882232162,0.32904775262186486,0.9712023104697173,0.4006075324439753,0.05494933966831877,0.0,0.0,False,False,True,90,8,False,0.847,0,0,
251,3,1,0.30063317062894807,0.011593018437515444,0.9110024410003303,0.5968501329132446,0.3757931519429142,0.0870882913951396,0.007194158593580029,False,False,True,212,8,False,0.8049999999999999,1,1,
252,0,0,0.2738921194273529,0.27294598017195426,0.9336124285450956,0.4090051562882232,0.31616374539841946,0.0,0.0,False,False,False,-1,0,False,0.0,0,0,
253,1,0,0.541983773485809,0.2806201976456652,0.9793605561773456,0.3918437792582827,0.4166276467942712,0.07662739805405787,0.06672585429524831,False,False,False,-1,0,False,0.721,0,0,
254,7,0,0.3893289848570038,0.4800387277740591,0.7481989142151764,0.6523996353416738,0.3723793862121333,0.1361747507372138,0.001912875079237932,False,False,True,60,9,False,0.742,0,0,
255,0,1,0.30485124342162995,0.2366364933978585,0.9984405220368643,0.4843060262972071,0.08940816981506007,0.0,0.0,False,False,False,-1,0,False,0.742,0,0,
256,0,0,0.07204099236195274,0.2470564296236846,0.9514157099240266,0.5947401870927933,0.33997821766645164,0.0,0.0,False,False,True,132,10,False,0.763,0,0,
257,0,2,0.3581333790025849,0.3454384344580487,0.9286278791131025,0.6126347589555404,0.2233801547502891,0.0,0.0,False,False,True,75,8,False,0.763,0,0,
258,0,0,0.12231553069121716,0.3214502610189018,0.94370481592686,0.47280750425816676,0.11953754643726985,0.0,0.0,False,False,True,375,8,False,0.721,0,0,
259,0,0,0.6002807759668898,0.3561155562414237,0.8375049304844568,0.24259381981623096,0.21570001112293813,0.0,0.0,False,False,True,89,8,False,0.8049999999999999,0,0,
260,0,1,0.3055434674485154,0.7305879351851312,1.0,0.48217720022492944,0.0971817886604942,0.0,0.0,False,False,False,-1,2,False,0.0,0,0,
261,1,2,0.20097443059506778,0.5440483735495473,0.7258466161033058,0.2507818065385737,0.15977656607721388,0.01636413104380534,0.00013241142398041607,False,False,True,80,8,False,0.868,1,1,
262,0,0,0.3347475286561842,0.39881002620512884,0.5353689604434659,0.21092622351986146,0.21510700535121965,0.0,0.0,False,False,True,38,8,False,0.847,0,0,
263,0,1,0.12361694159959861,0.31559272760610896,0.7515339474765613,0.47741552870553794,0.3621142965350885,0.0,0.0,False,False,True,97,8,False,0.742,0,0,
264,34,0,1.0,1.0,0.5297946301947162,0.8198428252174998,0.44664881745592255,0.2424080229994407,0.005972469316653127,False,False,True,35,11,False,0.784,0,0,
265,0,8,0.06864518207166488,0.27272793182818644,0.6649550666058,0.6310813867097537,0.06539400992590692,0.0,0.0,False,False,True,33,14,False,0.8049999999999999,0,0,
266,17,0,1.0,0.7776901891431,0.3730994924504293,0.5797206882833157,0.288064028374613,0.24362615376828212,0.0032067948894001232,False,False,True,46,9,False,0.784,0,0,
267,0,6,0.33477841415303755,0.24013290758646988,0.7291465098290497,0.4543459956293724,0.295776909839625,0.0,0.0,False,False,True,53,12,False,0.784,0,0,
268,0,0,0.361821819140237,0.500559490369977,0.9858436909132572,0.5493356526980607,0.0751532731187648,0.0,0.0,False,False,True,298,8,False,0.721,0,0,
269,0,2,0.7093154824133532,0.4865890478861832,0.6844647632571903,0.3936623107478611,0.06385950637619894,0.0,0.0,False,False,True,43,8,False,0.826,0,0,
270,0,4,0.19825539997837596,0.09707609031943669,0.9792476025558794,0.33609367812468743,0.15229696812997556,0.0,0.0,False,False,False,-1,0,False,0.721,0,0,
271,0,8,0.13523383485202745,0.4843496318150498,0.7006539832336575,0.43558997602977884,0.20806747778943296,0.0,0.0,False,False,True,71,8,False,0.784,0,0,
272,1,1,0.2503491728898934,0.326652086533761,0.7519451311964381,0.626508194169966,0.0185118795488076,0.021236979600890597,0.00037859033270738236,False,False,True,76,9,False,0.742,0,0,
273,0,0,0.3329866746475345,0.2891211647197403,0.963326976355795,0.352443930456636,0.4399674026247301,0.0,0.0,False,False,True,51,8,False,0.784,0,0,
274,0,1,0.31850705876596985,0.441194296744005,0.9998897464682112,0.40790717676543364,0.11860742284785435,0.0,0.0,False,False,False,-1,1,False,0.742,2,2,
275,0,5,0.2099264281473851,0.3305757468363982,0.8116608193311956,0.4613950695206411,0.3081144752625381,0.0,0.0,False,False,True,62,8,False,0.742,0,0,
276,0,2,0.26255857397122295,0.6320882264540091,0.9518659220174214,0.48274790060819184,0.3667603293937506,0.0,0.0,False,False,True,166,8,False,0.742,0,0,
277,0,0,0.3257136458945125,0.3817088630051108,0.9835450337574734,0.5283259330368687,0.4430485424550892,0.0,0.0,False,False,True,45,8,False,0.8049999999999999,0,0,
278,0,0,0.3590093228847279,0.21637240118347328,0.9734386023766314,0.46280134969672554,0.13540916822324467,0.0,0.0,False,False,False,-1,2,False,0.763,3,3,
279,0,0,0.08295873755612983,0.5914180505789816,1.0,0.7012952501212074,0.23490733700508792,0.0,0.0,False,False,True,144,9,False,0.742,0,0,
280,0,5,0.4159999726795833,0.007597081323873104,0.7429781405018863,0.26642025980457623,0.18406361460616782,0.0,0.0,False,False,True,40,8,False,0.8049999999999999,0,0,
281,1,0,0.38720998666208584,0.30403209049251245,0.997498729902894,0.7620418491492961,0.25301172304382474,0.01628231038858631,0.00012976319550080776,False,False,True,48,8,False,0.8049999999999999,0,0,
282,2,0,0.17877232039069368,0.5103350083154106,1.0,0.44213952206741625,0.18455288831383745,0.05790324076852428,0.004846651832146112,False,False,False,-1,0,False,0.0,1,1,
283,0,0,0.22024754764911403,0.3891516000370112,0.8829099977022219,0.45412667131842616,0.25361263503856457,0.0,0.0,False,False,False,-1,0,False,0.742,1,1,
284,0,1,0.02486266290837751,0.44926020298257374,0.9343802241482443,0.535643410149625,0.15162938451004393,0.0,0.0,False,False,True,87,8,False,0.742,0,0,
285,0,6,0.4842777331260369,0.5529590107638361,0.8492298111657148,0.3984173990818718,0.41943762887855685,0.0,0.0,False,False,True,67,11,False,0.826,0,0,
286,0,5,0.27174418726570226,0.21161084005533173,0.3153984948131121,0.19542527637823184,0.12094970574256433,0.0,0.0,False,False,True,26,14,False,0.826,0,0,
287,23,0,0.896227111147213,1.0,1.0,0.3792130658984104,0.7754840332278888,0.25743643975000224,0.004570102792544385,True,False,False,-1,0,False,0.0,1,1,
288,1,1,0.5583213309312564,0.4408264380487012,0.7868444583857518,0.707329745794947,0.06262571937669519,0.020402218569129053,0.0003220906557743764,False,False,True,166,9,False,0.784,0,0,
289,7,0,0.5695467796737463,0.8899748523219199,1.0,0.36899288683639886,0.5555708137381083,0.15659602915633575,0.0036874783770910946,False,False,False,-1,0,False,0.0,0,0,
290,0,0,0.4926774166669867,0.15378907976027192,0.9572229041801162,0.3808990590776294,0.13639197525837754,0.0,0.0,False,False,False,-1,0,False,0.0,0,0,
291,0,12,0.236003769915164,0.4139265183058276,0.28713598036728893,0.4680819135607042,0.11373790925531405,0.0,0.0,False,False,True,61,11,False,0.8049999999999999,1,1,
292,0,0,0.350135224571626,0.3450525270006257,0.8702306493006169,0.5792775264837212,0.31805562942901866,0.0,0.0,False,False,True,274,8,False,0.721,0,0,
293,0,0,0.33677747931329843,0.19760534717647543,1.0,0.2736934763092761,0.1172142523829664,0.0,0.0,False,False,True,68,8,False,0.8049999999999999,0,0,
294,0,0,0.34514087125647963,0.3548361430074854,0.9449554978407197,0.45806369456150964,0.19734940070840637,0.0,0.0,False,False,True,78,8,False,0.742,0,0,
295,0,4,0.36719958896381977,0.4122491585933654,0.777765109808818,0.7476344558973944,0.17721292903089397,0.0,0.0,False,False,True,54,9,False,0.784,0,0,
296,0,0,0.32567676559161796,0.6095943582800086,0.9892795907353036,0.39268090153403457,0.08710911452450147,0.0,0.0,False,False,True,88,8,False,0.784,0,0,
297,0,1,0.2580729573085772,0.3060570125827911,1.0,0.46830197819685043,0.2410790009232387,0.0,0.0,False,False,False,-1,0,False,0.763,3,3,
298,0,2,0.6575438546440204,0.3989049195995016,0.9717987411083996,0.36437884920678437,0.4209725505456139,0.0,0.0,False,False,True,85,9,False,0.763,0,0,
299,0,2,0.2965263852374956,0.34634054157378097,0.9706584320003578,0.7238504512969213,0.1724994029021481,0.0,0.0,False,False,True,305,8,False,0.763,0,0,
300,1,0,0.3710386092843095,0.2791722807700942,1.0,0.5662915999942079,0.13610009986618007,0.05816390012058259,0.021964853242292012,False,False,True,377,8,False,0.763,0,0,
301,0,2,0.1775149589385526,0.5742345192731928,1.0,0.45413277132124,0.4979235224532437,0.0,0.0,False,False,False,-1,0,False,0.721,0,0,
302,0,0,0.17966702705729082,0.30154081832443014,1.0,0.4486314138545355,0.4700139754025477,0.0,0.0,False,False,False,-1,0,False,0.721,1,1,
303,0,9,0.04490863212796616,0.0906989913172534,0.999288428201071,0.6150473391183625,0.08199901237869112,0.0,0.0,False,False,True,91,11,False,0.784,0,0,
304,0,0,0.5049348634884733,0.17876869990179226,0.9768887226566607,0.3322459872929435,0.12179038636807589,0.0,0.0,False,False,True,100,8,False,0.826,1,1,
305,0,0,0.23329229946517235,0.37976840935044465,0.981040438792891,0.7134893944195179,0.14795596588301407,0.0,0.0,False,False,True,101,8,False,0.721,0,0,
306,0,3,0.16458070355136914,0.2721631691595337,0.6187970358672295,0.2160882568669653,0.19866984949979685,0.0,0.0,False,False,True,60,9,False,0.763,0,0,
307,1,0,0.35175398425012117,0.26808298997703467,1.0,0.424537606047122,0.4314407031330197,0.0696662787496237,0.04545582882620069,False,False,False,-1,0,False,0.742,0,0,
308,0,0,0.37690406805145044,0.3026943236975822,0.9761496895607178,0.6363547068477391,0.013403831190901975,0.0,0.0,False,False,True,73,8,False,0.763,0,0,
309,1,3,0.8124402622000496,0.5049982509815142,0.9599054167032408,0.4579668619069464,0.14086002456899127,0.021885388751355882,0.0004273788891632471,False,False,False,-1,0,False,0.742,1,1,
310,1,1,0.11311248515462345,0.6293345983439955,0.9280362830629507,0.5634868300497795,0.018376905573471682,0.019019562653038367,0.00024274102714872534,False,False,True,299,8,False,0.721,0,0,
311,1,0,0.20486735398128134,0.22484424270922287,0.9274266888571163,0.39143043753826884,0.3090724307754989,0.019019562653038367,0.00024274102714872534,False,False,False,-1,0,False,0.0,0,0,
312,0,0,0.4307995130169065,0.14606860008467468,0.5764571621501041,0.3007308907560642,0.054066136626824676,0.0,0.0,False,False,True,45,8,False,0.784,0,0,
313,1,0,0.469480070041993,0.6572536025560005,0.6243928545350325,0.3372827657091037,0.38738337799588834,0.02431473662849328,0.0006532290292504406,False,False,True,93,8,False,0.763,0,0,
314,7,0,0.7119375577955166,0.46613671915170396,0.9822675118406535,0.38293753859472635,0.08490205551474464,0.15696586614245708,0.0034544896544522674,False,False,False,-1,0,False,0.742,0,0,
315,0,0,0.1474822838552359,0.407987117295748,1.0,0.5398064929116793,0.21050763703087108,0.0,0.0,False,False,True,231,9,False,0.763,0,0,
316,0,7,0.17074567161869722,0.423030777293918,0.5462254803979282,0.6716890306259081,0.07906818753863566,0.0,0.0,False,False,True,59,10,False,0.8049999999999999,0,0,
317,0,0,0.4403044770859218,0.6808963849116915,0.9595169083514792,0.46307098622885795,0.10343092877145328,0.0,0.0,False,False,True,167,8,False,0.742,0,0,
318,0,3,0.3977771119948328,0.24214981378332442,0.9285021451146733,0.7851122159795875,0.20008267049267905,0.0,0.0,False,False,True,88,11,False,0.763,0,0,
319,0,2,0.23190047976889008,0.26996377119183007,1.0,0.47042322227697336,0.42305926557405527,0.0,0.0,False,False,False,-1,0,False,0.0,0,0,
320,0,0,0.27825125963984004,0.2658827267686546,0.77442071956555,0.6625434210437213,0.3916745145018907,0.0,0.0,False,False,True,45,8,False,0.826,0,0,
321,0,1,0.1978004245090292,0.5012869675616504,0.8909974144573529,0.41769815381676495,0.33713394656388423,0.0,0.0,False,False,True,376,9,False,0.742,0,0,
322,0,0,0.07072796202371155,0.564289547306538,1.0,0.47873772654950525,0.3969351536576551,0.0,0.0,False,False,False,-1,0,False,0.0,0,0,
323,0,0,0.12733381135838848,0.20925885731706145,0.5251281395045295,0.30021025544177943,0.3299293509068088,0.0,0.0,False,False,True,44,8,False,0.763,0,0,
324,7,1,0.6513981688185663,0.5226936499068303,0.7855960571714203,0.2835091787696054,0.2793376948354913,0.13335146944489049,0.0017139236985961044,False,False,True,48,10,False,0.8049999999999999,0,0,
325,0,3,0.4818372209558885,0.04397322799311543,0.7037538092256429,0.6535500750286078,0.08568456598008159,0.0,0.0,False,False,True,35,9,False,0.763,0,0,
326,2,0,0.22343730758539523,0.5342741470942336,0.874030158249637,0.3627041045008866,0.28882226114071324,0.038712489746325796,0.0005210796020479232,False,False,True,47,8,False,0.8049999999999999,1,1,
327,0,0,0.20531619571986978,0.31773384637446545,0.8766824531227856,0.41593007046879,0.08546920805148087,0.0,0.0,False,False,True,148,9,False,0.763,0,0,
328,0,0,0.10147920494728409,0.16799468258836994,0.6852824435731187,0.48794527686737643,0.08245522521296644,0.0,0.0,False,False,True,96,8,False,0.784,0,0,
329,4,2,0.5246146576085338,0.09342850294991878,0.9971616377166663,0.21816088060717148,0.5011409286887284,0.08305402603825288,0.0013829703674168882,False,False,True,66,13,False,0.784,0,0,
330,9,0,0.604466705495542,0.5399619812139961,0.7015674673965466,0.09691674229344246,0.6253539906971839,0.1620154603950778,0.0017532568120402115,False,False,True,40,9,False,0.742,0,0,
331,1,0,0.21069899334369685,0.6396504447629963,0.947433876796764,0.5599496896820622,0.09083518202057282,0.022553595181580736,0.0004824547779554261,False,False,True,88,17,False,0.742,0,0,
332,0,0,0.4256081703110513,0.274244272554023,0.9541812356872788,0.31000184502817263,0.18157869968359025,0.0,0.0,False,False,True,275,8,False,0.763,0,0,
333,1,0,0.3448608091325841,0.3245492551657896,1.0,0.41610287960764963,0.172593578019979,0.022553595181580736,0.0004824547779554261,False,False,True,179,8,False,0.742,0,0,
334,0,0,0.5028129062226923,0.19017381396263414,0.9872895342296197,0.5213523895735612,0.04770968112642935,0.0,0.0,False,False,True,385,12,False,0.721,0,0,
335,0,0,0.41911544263179884,0.21153023791733644,0.8416253415958037,0.4953234542419667,0.20954273201518858,0.0,0.0,False,False,True,56,8,False,0.8049999999999999,0,0,
336,0,0,0.26850105089960313,0.18214729164609467,0.5761312252786637,0.7124877675897102,0.3480151714710243,0.0,0.0,False,False,True,58,8,False,0.763,0,0,
337,0,4,0.3805963951806576,0.6610330294128881,0.4036882021812163,0.6374494587340132,0.16697538928254077,0.0,0.0,False,False,True,30,11,False,0.8049999999999999,0,0,
338,1,1,0.15295673383784708,0.14015622382275011,1.0,0.2994594100672844,0.2925687885326567,0.0415719053632266,0.005673817693396582,False,False,True,197,8,False,0.721,0,0,
339,1,2,0.3324072340049629,0.7054730173876651,0.5120682241577638,0.2005130811947876,0.06554093665271286,0.01999722434217394,0.00029708616551980496,False,False,True,64,8,False,0.784,0,0,
340,0,2,0.5981326579652542,0.6569563102183238,0.3765306079825084,0.4734182031971357,0.28748302481866245,0.0,0.0,False,False,True,43,8,False,0.847,1,1,
341,6,0,0.42063409649119615,0.8837538784766358,0.6525270127966882,0.04184711529693963,0.4116310825085106,0.12038681268932237,0.0018071376533500328,False,False,True,66,9,False,0.721,0,0,
342,0,5,0.3686756883440197,0.39019216472583357,0.5761301924928675,0.4789451411286412,0.3573377602506253,0.0,0.0,False,False,True,20,11,False,0.826,0,0,
343,0,0,0.3776717848759022,0.33062643915765505,1.0,0.4084470165982832,0.11188500115787639,0.0,0.0,False,False,False,-1,0,False,0.742,0,0,
344,0,2,0.22021633743518554,0.30222307942152304,0.5186145822980497,0.5884990517101113,0.2527573763213482,0.0,0.0,False,False,True,26,8,False,0.8049999999999999,1,1,
345,1,0,0.4962407377038136,0.27477201596109535,1.0,0.08562782308825724,0.01676703707750972,0.017378647717156852,0.00016873786421960516,False,False,True,107,11,False,0.721,0,0,
346,0,7,0.21645258007738472,0.57881463112853,0.6839885588115503,0.26451968956002464,0.23192992328114642,0.0,0.0,False,False,True,16,8,False,0.826,0,0,
347,0,0,0.5989986355471592,0.25873436419145146,0.9635139276896189,0.434284254288189,0.2499707676618326,0.0,0.0,False,False,False,-1,0,False,0.0,2,2,
348,30,0,1.0,1.0,0.7037884430683806,0.24298034440793634,0.6588524708056482,0.25486851126349597,0.006268813320309955,False,False,True,42,8,False,0.784,0,0,
349,0,0,0.10923324025504588,0.738322747695513,1.0,0.41624364166867184,0.3125484344730776,0.0,0.0,False,False,False,-1,0,False,0.0,1,1,
