agent_id,punish_issued,punished_received,final_r,final_b,final_x,y,L,cap,service,is_enforcer,cadre_fallback,exited,exit_time,exit_intent,disengaged,exit_cost_eff_last,degree,degree_at_end,betweenness
0,1,85,0.4758890447585593,0.20234301142952332,0.9523398284355927,0.5955514952549584,0.07907246805114826,0.021775961807599102,0.00041883131137998217,False,False,True,159,76,False,2.77,5,5,
1,0,74,0.06825360419778295,0.4093900183732364,0.5503173954426975,0.7588135059580753,0.2956984100379653,0.0,0.0,False,False,True,210,51,False,1.5699999999999998,2,2,
2,1,0,0.08484315838455475,0.3382718225853945,0.9972277021478211,0.4973627590001284,0.2559767647027576,0.01711926922764732,0.0001588147279005786,False,False,False,-1,0,False,0.0,19,19,
3,0,217,0.32797504830083646,0.03670920819685527,0.965153706584414,0.4956677098569979,0.15078606817482873,0.0,0.0,False,False,True,165,126,False,2.29,3,3,
4,0,78,0.05392943074505494,0.22240043044377872,1.0,0.46390155788515525,0.13631292221117178,0.0,0.0,False,False,False,-1,0,False,1.75,16,16,
5,0,548,0.19099284738751657,0.1485051412444879,0.3146945597468791,0.20487182646379568,0.11758072986976605,0.0,0.0,False,False,True,318,285,False,2.26,4,4,
6,0,207,0.17610321945374174,0.24096629937957267,0.9788187283629166,0.447412954280256,0.058911381837721405,0.0,0.0,False,False,True,203,152,False,2.26,3,3,
7,0,82,0.36336647799037886,0.22711432946076904,0.4970455777007636,0.1618636577903004,0.11732297944283777,0.0,0.0,False,False,True,121,85,False,1.8399999999999999,2,2,
8,0,445,0.524203351876249,0.3250956163949132,0.635045807246929,0.5553818960469136,0.10434459078472076,0.0,0.0,False,False,True,229,174,False,2.44,5,5,
9,0,43,0.42732586204768946,0.22284491648356264,0.8110963845788105,0.6775030555915096,0.09989085633718874,0.0,0.0,False,False,True,78,31,False,2.92,6,6,
10,1,10,0.4282741573058574,0.4329151544004944,1.0,0.5418794968698614,0.21917683451850342,0.0555982659618949,0.01831314723627813,False,False,False,-1,0,False,0.0,22,22,
11,0,141,0.4391496006977675,0.20435522204768625,0.931422794438095,0.571031941450339,0.35274988143018204,0.0,0.0,False,False,True,315,166,False,2.11,4,4,
12,0,82,0.13618154899368992,0.2249708611158599,0.9029572852573685,0.3428189387152836,0.07808334267108664,0.0,0.0,False,False,True,303,78,False,2.23,4,4,
13,351,198,1.0,1.0,0.8539947741333989,0.5056442719554399,0.41660415380760096,0.8487441681256197,2.318270911103254,True,False,False,-1,176,True,1.93,31,31,
14,2,112,0.4304004605594349,0.6078544923776174,1.0,0.5651713855546245,0.1948441909661633,0.04694886559003541,0.0014066992450396131,False,False,False,-1,78,True,1.42,14,14,
15,3,107,0.616026848963888,0.672658437658885,0.9335529515780501,0.47189259940345607,0.17423560549912837,0.19087333665778486,0.12910179414855283,False,False,True,447,71,False,2.08,4,4,
16,0,67,0.09440282302149446,0.4064887563650567,0.9120414167590043,0.3691300939776431,0.5458007180249406,0.0,0.0,False,False,True,138,64,False,1.87,3,3,
17,67,135,1.0,1.0,0.6172672529518095,0.601140222187982,0.23994759814616992,0.3052708073800754,0.021482271496621207,False,False,True,180,112,False,1.54,2,2,
18,1,3,0.16250698420656443,0.17979888146756867,0.9592485926414897,0.5005959737908705,0.21813889944121634,0.04979308370283527,0.011741853360782638,False,False,False,-1,0,False,0.0,8,8,
19,56,191,1.0,1.0,0.8886512438244227,0.5244963313164379,0.5029540818746403,0.28033520972495646,0.014597876439583143,False,False,True,218,166,False,1.3,0,0,
20,0,142,0.6519644214605326,0.5537024075599826,0.7630991576203278,0.40182005490619693,0.062379398674791406,0.0,0.0,False,False,True,279,128,False,1.8399999999999999,2,2,
21,0,169,0.5560910203595235,0.5323120347842555,0.667607908438845,0.5370175115096828,0.4210929376679651,0.0,0.0,False,False,True,220,172,False,1.63,2,2,
22,0,79,0.262546150394077,0.6221773053265206,0.617072309996856,0.6139599424650615,0.15178332607497502,0.0,0.0,False,False,True,167,107,False,1.87,3,3,
23,57,142,1.0,1.0,0.6278886895108927,0.4052880411897225,0.5841554255115888,0.3145913599537034,0.02192619996473613,False,False,True,269,179,False,1.5699999999999998,2,2,
24,2,0,0.49578961632974305,0.22904911986530974,1.0,0.5989249038702923,0.03493586536373753,0.17271547624724734,0.9231839505003204,False,False,False,-1,0,False,0.0,8,8,
25,0,128,0.5498093474802,0.3124332348031038,0.8524562013233948,0.5178715309824659,0.3491759555188512,0.0,0.0,False,False,True,405,118,False,1.3900000000000001,1,1,
26,0,87,0.42438673925533116,0.1933920654676249,0.2482625449297609,0.37847148867021274,0.16868025098723738,0.0,0.0,False,False,True,149,101,False,1.48,1,1,
27,3,32,0.6231952393478786,0.3376627863272971,1.0,0.4551820282602115,0.05044343130770252,0.19999007100592034,0.3093139950159782,False,False,False,-1,0,False,0.0,28,28,
28,450,3,1.0,1.0,0.9558925239978584,0.5359209568011527,0.5969762893128429,1.97014975,53.92350202738282,True,False,False,-1,0,False,0.0,14,14,
29,3,164,0.38626686350343953,0.0590576807030658,0.7176830663823184,0.5693948121051821,0.30916817828805393,0.16238613839969906,0.0798906227910716,False,False,False,-1,136,True,1.45,15,15,
30,1,4,0.32675109522098056,0.2116843075782825,1.0,0.546602052026215,0.31362904066478053,0.12213427806263404,0.4367863958719317,False,False,False,-1,0,False,0.0,23,23,
31,1,1,0.09901867298418432,0.04522237135621435,1.0,0.5554184921845111,0.1480687393795945,0.01999722434217394,0.00029708616551980496,False,False,False,-1,0,False,0.0,6,6,
32,1,2,0.27588338127878237,0.47402942458299924,1.0,0.5377843027439201,0.164639277181385,0.05816390012058259,0.021964853242292012,False,False,False,-1,0,False,0.0,18,18,
33,0,37,0.17295844623110254,0.4204228888266637,1.0,0.5141776765637732,0.08735091167444554,0.0,0.0,False,False,False,-1,0,False,0.0,7,7,
34,0,85,0.18287679239136967,0.14714643481783155,0.8872138621847111,0.275693504938582,0.398682218953008,0.0,0.0,False,False,True,119,67,False,1.78,3,3,
35,0,212,0.49077786131365025,0.10025774392830163,0.5717137373022089,0.6354829665946765,0.004260864784392879,0.0,0.0,False,False,True,293,194,False,1.48,2,2,
36,1,8,0.15796563222751367,0.08611032506111725,1.0,0.4709807611517062,0.08690203775089375,0.09553632388408166,0.16231057352151648,False,False,False,-1,0,False,0.0,15,15,
37,0,51,0.2412860483574927,0.5844771195654392,0.6997891271007104,0.37771554487442677,0.4149506221671152,0.0,0.0,False,False,True,139,36,False,1.48,1,1,
38,0,24,0.15642880624756791,0.4561208630269171,1.0,0.5041395550372405,0.4220363471412136,0.0,0.0,False,False,False,-1,0,False,0.0,10,10,
39,0,54,0.34475446638086793,0.25101092657485646,1.0,0.47817133384370714,0.06387650947550565,0.0,0.0,False,False,False,-1,0,False,0.0,16,16,
40,0,58,0.27473490044812615,0.5320967822129725,1.0,0.3605245931510006,0.485053136435044,0.0,0.0,False,False,True,66,35,False,1.78,3,3,
41,0,18,0.1046200057211869,0.5717596696514936,0.9910840451406986,0.5046929291670025,0.36377032062082226,0.0,0.0,False,False,False,-1,0,False,0.0,15,15,
42,2,0,0.2811082483469497,0.06600448883231268,1.0,0.5269102166016971,0.4096724511185893,0.1196982330206827,0.1339178673914246,False,False,False,-1,0,False,0.0,12,12,
43,0,51,0.20854237997929365,0.0897395311838571,0.7687350237908811,0.43518397889690597,0.02163875812267899,0.0,0.0,False,False,True,76,47,False,1.9,1,1,
44,0,55,0.25750661825606463,0.12641946660039496,0.9649121165601314,0.8311477027968851,0.13926220258947897,0.0,0.0,False,False,True,186,47,False,1.3,1,1,
45,0,15,0.4404809112823191,0.6023559356442486,1.0,0.5049179265323821,0.10669390506608942,0.0,0.0,False,False,False,-1,0,False,0.0,31,31,
46,0,127,0.13154954491859358,0.33772243820091286,0.7608034841526968,0.5529256684345376,0.11593039168613452,0.0,0.0,False,False,True,202,117,False,1.72,2,2,
47,2,0,0.4427027118822424,0.5353829202025158,0.9626841838270181,0.5503083422691816,0.3443269052872935,0.15560881475934532,0.525010237695261,False,False,False,-1,0,False,0.0,4,4,
48,0,28,0.3042573030224279,0.15259150468065288,0.9871992284525583,0.42673870146424797,0.06510964469048221,0.0,0.0,False,False,True,84,20,False,1.54,1,1,
49,0,34,0.051601691034633766,0.21303187312334926,0.8365474272736809,0.6024620511610712,0.052017806688260795,0.0,0.0,False,False,True,76,38,False,1.48,1,1,
50,0,52,0.26341488087493325,0.372367930180379,1.0,0.5566098101113752,0.10593961377666376,0.0,0.0,False,False,False,-1,0,False,0.0,22,22,
51,582,1,1.0,1.0,0.9999495457967424,0.6299844461071744,0.7163090720699669,2.0,84.50005522675879,True,False,False,-1,0,False,0.0,12,12,
52,0,40,0.16858673782259911,0.14406541549256663,0.8590107394214918,0.5225759284206498,0.5234123179114831,0.0,0.0,False,False,False,-1,0,False,0.0,14,14,
53,1,60,0.19991556100361713,0.2137628300262579,1.0,0.5050040208009311,0.07921938392997663,0.03798528448934054,0.003944071139521719,False,False,False,-1,0,False,0.0,17,17,
54,1,99,0.38617462908013034,0.6205751202241684,0.8621043985628069,0.41979244269474053,0.005675463615563268,0.017465977605182766,0.00017218149410163792,False,False,True,258,112,False,1.66,2,2,
55,0,75,0.16447871852563828,0.5444179676336707,0.7637593733365655,0.40234059052227755,0.03568283988309276,0.0,0.0,False,False,True,111,70,False,1.51,1,1,
56,0,28,0.3746264609815022,0.14407232898675099,0.3743088126704317,0.5946652311725898,0.2889355880798929,0.0,0.0,False,False,True,49,20,False,1.3900000000000001,1,1,
57,0,0,0.24689862086359776,0.24121922858234685,1.0,0.5884108285227206,0.3234701992406206,0.0,0.0,False,False,False,-1,0,False,0.0,5,5,
58,2,3,0.5325344367193603,0.23991935253969943,1.0,0.5863483171964106,0.39187477215357436,0.2180806480822773,0.9552344726955535,False,False,False,-1,0,False,0.0,10,10,
59,0,0,0.24044607943095236,0.1041737724248944,1.0,0.47351578019810425,0.05784483847285152,0.0,0.0,False,False,False,-1,0,False,0.0,10,10,
60,0,44,0.504984559604894,0.08780972507729642,0.9292385215976932,0.4025178152480088,0.407658917355715,0.0,0.0,False,False,True,182,17,False,1.6,2,2,
61,0,74,0.3689061033133818,0.6141427864087136,0.9761591691366276,0.612588408967724,0.24460840886327592,0.0,0.0,False,False,False,-1,17,True,1.3,10,10,
62,12,86,0.6344480998317729,0.7694327069305315,0.4774545943395928,0.4582651732258068,0.5662772034673229,0.253008071245532,0.0046472877009892145,False,False,True,168,91,False,1.24,1,1,
63,0,18,0.0431165126997333,0.36293214271710283,1.0,0.5402274827428063,0.178802244309559,0.0,0.0,False,False,False,-1,0,False,0.0,20,20,
64,57,21,1.0,1.0,1.0,0.6814729245914948,0.3002774329876178,0.3324244069445086,0.027843716349480987,False,False,True,98,12,False,1.3599999999999999,0,0,
65,1,5,0.32873740134471285,0.5057991459200503,1.0,0.5099482224863066,0.30998729230186584,0.06462027834119863,0.03357227070617012,False,False,False,-1,0,False,0.0,8,8,
66,1,3,0.2769335638985069,0.256081671447713,1.0,0.5427166153045136,0.42357819794664375,0.01989723822046307,0.00029114444220940886,False,False,False,-1,0,False,0.0,12,12,
67,1,1,0.6539691396739175,0.1358858088878544,0.8890006823495974,0.5531804918718862,0.026692580957103553,0.06429717694949263,0.032900825292046715,False,False,False,-1,0,False,0.0,9,9,
68,3,0,0.39101959150018173,0.11473560736924061,1.0,0.5923229540198917,0.0620092878171327,0.19059727904859658,0.21934421930760395,False,False,False,-1,0,False,0.0,9,9,
69,0,4,0.09106299299685201,0.6864840604687557,1.0,0.4923337165004922,0.3975007347877057,0.0,0.0,False,False,False,-1,0,False,0.0,14,14,
70,1,6,0.6004875989911314,0.08811859937119534,0.9806286991641351,0.4931177079660023,0.107543894471089,0.05131337009523019,0.013255014226492874,False,False,False,-1,0,False,0.0,18,18,
71,1,0,0.37690362605360833,0.16027993321313033,1.0,0.5529685204223276,0.07634842199708085,0.09224229323035889,0.14090595318994742,False,False,False,-1,0,False,0.0,5,5,
72,0,1,0.05512055325846159,0.10729311404308194,0.9816693240815669,0.49233640604248624,0.06372709254229057,0.0,0.0,False,False,False,-1,0,False,0.0,9,9,
73,2,1,0.22779780622165213,0.09659198902887609,1.0,0.5394471240249601,0.46468734603648976,0.19555680241683815,0.6800736401513382,False,False,False,-1,0,False,0.0,8,8,
74,4,26,0.376240430597048,0.19070443051479558,0.9950775719725783,0.50838065302497,0.16630994019864415,0.1747163045985882,0.05342236984460583,False,False,False,-1,0,False,0.0,5,5,
75,0,0,0.3842929854047039,0.19959115974251185,0.9705413825928224,0.5169465541656536,0.3967991599472279,0.0,0.0,False,False,False,-1,0,False,0.0,2,2,
76,1,0,0.2617236548136679,0.11794579699981796,1.0,0.45720369496366625,0.2865225372195857,0.09894798645660946,0.18696670850641603,False,False,False,-1,0,False,0.0,8,8,
77,0,159,0.24115282232600227,0.31836004225792713,0.3341361591885214,0.31492254763597777,0.3246407702817179,0.0,0.0,False,False,True,184,136,False,1.54,1,1,
78,0,5,0.4884670221365695,0.07551954836752583,0.9593764365532726,0.5938533465384782,0.4977070022151211,0.0,0.0,False,False,False,-1,0,False,0.0,11,11,
79,2,0,0.1949348531567386,0.41348036859348264,0.9995751533878463,0.5140061189419712,0.17960265233965408,0.05032102349589062,0.0016657296727833715,False,False,False,-1,0,False,0.0,6,6,
80,2,41,0.330715062596501,0.026952602670234263,1.0,0.5531596454920109,0.1819353272305282,0.16584678308537057,0.7697902047526815,False,False,False,-1,0,False,0.0,9,9,
81,1,3,0.2388664522904049,0.3593157303140042,1.0,0.5044303460050806,0.12954482989762336,0.01587930290441215,0.00011729565107240429,False,False,False,-1,0,False,0.0,9,9,
82,2,24,0.35657991623591323,0.002070487917792997,1.0,0.46496464018377315,0.29187238460623793,0.14211757732099448,0.33037806858103935,False,False,False,-1,0,False,0.0,6,6,
83,0,54,0.3370220439492007,0.3448346834811841,0.6378889779698771,0.48005166792315684,0.004157910866561376,0.0,0.0,False,False,True,130,67,False,1.54,1,1,
84,1,1,0.3596680293320421,0.22664943106991597,1.0,0.42184779296857455,0.1737805513223521,0.01636413104380534,0.00013241142398041607,False,False,False,-1,0,False,0.0,11,11,
85,1,11,0.3344932533757612,0.22543351505517023,1.0,0.4880575855057414,0.5055399577963942,0.026213400238549303,0.0008844521479584068,False,False,False,-1,0,False,0.0,5,5,
86,1,6,0.23151674763618715,0.19523227020177736,1.0,0.47140399737805855,0.3274906279380789,0.03108412260039786,0.001757874100096117,False,False,False,-1,0,False,0.0,9,9,
87,0,90,0.05867768793462173,0.4410640348493016,0.7290307392932295,0.650429411513762,0.08099302553048074,0.0,0.0,False,False,True,270,78,False,1.33,1,1,
88,0,584,0.07795963777440486,0.30292816920384147,1.0,0.6193448340816158,0.43783209584131044,0.0,0.0,False,False,False,-1,373,True,1.24,8,8,
89,1,0,0.427971053289444,0.32952534374022246,1.0,0.45094707791753397,0.11351817977239731,0.13167137126010853,0.5913954351833186,False,False,False,-1,0,False,0.0,8,8,
90,0,0,0.1238409462156963,0.3183982170757697,0.9348437259100776,0.5328531687714614,0.13891937252607164,0.0,0.0,False,False,False,-1,0,False,0.0,2,2,
91,0,1,0.33251218933654075,0.21553870146196757,1.0,0.4780405864680846,0.4310766734240113,0.0,0.0,False,False,False,-1,0,False,0.0,5,5,
92,1,27,0.18497406948076864,0.4860236185497927,0.9758910127333104,0.4649918402806353,0.16071266006458912,0.09411043230807126,0.15276541331386312,False,False,False,-1,0,False,0.0,10,10,
93,573,0,1.0,1.0,0.9994333703284497,0.5109922654750939,0.3873216075532168,2.0,62.26186833226686,True,False,False,-1,0,False,0.0,5,5,
94,1,0,0.1882966242301943,0.40843907171286387,1.0,0.5654128900950599,0.14590283305803475,0.14702242509375,0.9223681599999999,False,False,False,-1,0,False,0.0,6,6,
95,1,36,0.3400439931153008,0.16736456690612345,1.0,0.49914430075650357,0.4423670307227251,0.021995365579252142,0.00043610090730943584,False,False,False,-1,0,False,0.0,13,13,
96,0,1,0.2386577204477597,0.28826121278467415,1.0,0.5061665837219307,0.03165267092985128,0.0,0.0,False,False,False,-1,0,False,0.0,7,7,
97,373,42,1.0,1.0,0.9511565908343308,0.5029777233089263,0.37746130419611734,2.0,52.27365326152984,True,False,False,-1,0,False,0.0,13,13,
98,2,1,0.3723436007409506,0.06844259502893758,1.0,0.5188743558437834,0.11422820188692041,0.03565060924977804,0.00037525295418126153,False,False,False,-1,0,False,0.0,11,11,
99,2,4,0.6841310820384692,0.15640820565956365,0.9853044272084521,0.5080069596003807,0.17940547530206044,0.053920869056649876,0.001993860465367601,False,False,False,-1,0,False,0.0,4,4,
100,0,63,0.03354728707180266,0.6041550125355185,0.9991757506885864,0.506335649108584,0.24867638057780495,0.0,0.0,False,False,False,-1,4,False,0.0,7,7,
101,2,2,0.5631320345534214,0.19547634128972968,1.0,0.533162237421035,0.04721188328067307,0.1832351154917221,0.35910375209364664,False,False,False,-1,0,False,0.0,7,7,
102,413,2,1.0,1.0,0.9786375821380279,0.46528532373492754,0.760183329793363,0.6572853025719939,0.8487185215169513,True,False,False,-1,0,False,0.0,1,1,
103,1,2,0.10468967884181903,0.38936894915595255,1.0,0.48372273964854356,0.34765612255292566,0.02407219713062406,0.0006273611596921231,False,False,False,-1,0,False,0.0,4,4,
104,2,5,0.2811101074288805,0.5533911581173815,0.9786596302717648,0.47730836510776264,0.2920166914808411,0.14365256710422922,0.2291741141610727,False,False,False,-1,0,False,0.0,5,5,
105,2,33,0.4097948497880888,0.2749712966882913,0.9749968446488886,0.6120675456971844,0.17481574823529852,0.12337758152620164,0.16998155812518367,False,False,False,-1,0,False,0.0,9,9,
106,187,1,1.0,1.0,0.9980816517921521,0.5589790200630487,0.296241055827888,1.99,47.313145270026865,True,False,False,-1,0,False,0.0,14,14,
107,0,0,0.3954380156560641,0.11423704495123299,0.9770026227535087,0.5233668148670976,0.31845763992850074,0.0,0.0,False,False,False,-1,0,False,0.0,4,4,
108,1,67,0.2782611578768457,0.2984758855790257,0.9133228063631034,0.3016501890502327,0.2799364295478332,0.02518303125763301,0.0007524591827260468,False,False,True,185,60,False,1.3,1,1,
109,0,31,0.7861532773178561,0.17221857191909157,0.9851833286907558,0.48608365982760043,0.1731981056026296,0.0,0.0,False,False,False,-1,0,False,0.0,5,5,
110,0,21,0.08404325570212226,0.0684814538851497,1.0,0.5422262821682369,0.23519045677194977,0.0,0.0,False,False,False,-1,0,False,0.0,5,5,
111,2,43,0.5431273346148794,0.1327071396092795,0.9697503338748291,0.4246128134297347,0.04353386551356365,0.05421224626912065,0.002046949029191069,False,False,True,204,21,False,1.42,1,1,
112,68,216,1.0,1.0,0.9547800419078436,0.8009743084947379,0.5871185273334453,0.3340948813512649,0.032464388069180214,False,False,True,238,151,False,1.3,0,0,
113,0,0,0.12816842886953808,0.5563176377902544,1.0,0.5487554629259351,0.21589711954286667,0.0,0.0,False,False,False,-1,0,False,0.0,1,1,
114,0,196,0.09523231450264619,0.11380945677947896,0.9292365239064382,0.5724018434572455,0.1836544881231158,0.0,0.0,False,False,False,-1,135,True,1.18,6,6,
115,1,2,0.13971050321471087,0.35215969129451363,0.9729753297587396,0.4298192364397189,0.4253894357948556,0.03894932894581573,0.00436329283880209,False,False,False,-1,0,False,0.0,8,8,
116,0,31,0.2917075594534795,0.057895079127715014,1.0,0.6741805527363932,0.07226052342735212,0.0,0.0,False,False,True,81,28,False,1.3599999999999999,1,1,
117,0,0,0.18086931950449855,0.4453318366468625,0.9744546787741569,0.5832071994241241,0.15764310101234727,0.0,0.0,False,False,False,-1,0,False,0.0,6,6,
118,13,38,0.7291503131808291,0.886930319385043,0.9289212099956589,0.5190783712907349,0.564190695284935,0.2579740580203205,0.003922800909960371,False,False,True,116,50,False,1.45,1,1,
119,1,3,0.22753056270075772,0.09550276569924365,0.9922890153493488,0.4790135708292272,0.23976926910326823,0.0686265008310007,0.04278266244458947,False,False,False,-1,0,False,0.0,9,9,
120,1,0,0.4802662301814814,0.08538991334361594,1.0,0.6143551404811448,0.42314665259789686,0.0830261284548433,0.0921885388650119,False,False,False,-1,0,False,0.0,5,5,
121,0,0,0.16718715117522037,0.30784912817450055,0.9730160562601886,0.4651702090026522,0.25403602989779234,0.0,0.0,False,False,False,-1,0,False,0.0,5,5,
122,3,0,0.28327428527370363,0.09478765792023179,1.0,0.5100708717310317,0.2951443069342076,0.16509686209669117,0.15818045397287503,False,False,False,-1,0,False,0.0,4,4,
123,0,3,0.3227178015097284,0.3208015275399468,0.95371699053901,0.5756939922607741,0.3737381305073399,0.0,0.0,False,False,False,-1,0,False,0.0,14,14,
124,1,3,0.2531431550273922,0.3542221818408012,0.9433354064274695,0.47728283272780764,0.25466595309704776,0.026878681110473018,0.0009784619969907598,False,False,False,-1,0,False,0.0,6,6,
125,250,93,1.0,1.0,0.9708922202858392,0.3853111335608739,0.6655648303800423,0.5857128853531385,0.5103787030189619,False,False,True,290,92,False,1.3900000000000001,1,1,
126,0,2,0.19520397075103602,0.10165994372797367,0.9754592127072611,0.5819324349854204,0.34924091857691336,0.0,0.0,False,False,False,-1,0,False,0.0,9,9,
127,0,1,0.23238435385439224,0.5660486396012556,1.0,0.5412791360934864,0.1918750093283462,0.0,0.0,False,False,False,-1,0,False,0.0,4,4,
128,0,12,0.0940218395418032,0.6318015703272953,0.9686399941788221,0.5045962400475329,0.10796471552616169,0.0,0.0,False,False,False,-1,0,False,0.0,6,6,
129,0,30,0.10399016722490251,0.16961989065469213,0.9536477995521255,0.47625381136639683,0.3105045621692041,0.0,0.0,False,False,True,106,12,False,1.27,1,1,
130,0,36,0.2693870932266333,0.39115013643090746,1.0,0.4889693717142255,0.25792863092165824,0.0,0.0,False,False,False,-1,0,False,0.0,12,12,
131,536,0,1.0,1.0,0.9602525871104987,0.5035067129525808,0.5926825421154972,1.0371786618969163,3.58432519942233,True,False,False,-1,0,False,0.0,0,0,
132,1,18,0.2049897926017204,0.23956804792919056,1.0,0.49148872654921905,0.3278168590150567,0.03419007701304396,0.002580431467235621,False,False,False,-1,0,False,0.0,6,6,
133,1,2,0.39088531514859626,0.4660107446696328,1.0,0.5081477656179367,0.2485619553508658,0.11970985165228565,0.4028778642734252,False,False,False,-1,0,False,0.0,8,8,
134,640,2,1.0,1.0,0.9820002969954671,0.46516150741834267,0.5361547218692587,2.0,59.15969671188455,True,False,False,-1,0,False,0.0,2,2,
135,0,15,0.26719305315367387,0.35048492178364016,1.0,0.48918013696433243,0.2974783450038102,0.0,0.0,False,False,False,-1,0,False,0.0,5,5,
136,4,23,0.5435966141583747,0.1313456737849084,0.9596050886615118,0.5720843955513802,0.014479675594763932,0.12120819643378607,0.01205836664623021,False,False,False,-1,0,False,0.0,4,4,
137,1,44,0.40012860826260366,0.4795253969101384,0.9995646101863174,0.46959181708799236,0.2785181733854844,0.08428407886744986,0.0979487063904197,False,False,False,-1,0,False,0.0,11,11,
138,2,0,0.5480758660966367,0.1185626306131284,1.0,0.49956354258982016,0.30732623878618504,0.18237342464068526,0.5218242529126083,False,False,False,-1,0,False,0.0,3,3,
139,0,33,0.322085532690538,0.1293980555567219,1.0,0.5003154693971875,0.26836736994912214,0.0,0.0,False,False,False,-1,0,False,0.0,10,10,
140,0,50,0.3713673776210751,0.060290481562557605,0.9611976473982453,0.29719249119749735,0.05475600516338266,0.0,0.0,False,False,True,216,46,False,1.33,1,1,
141,436,6,1.0,1.0,0.9989443331147301,0.5878137086578268,0.28769021364110964,0.8402779450485667,2.5837765715445142,True,False,False,-1,0,False,0.0,0,0,
142,0,1,0.07961633812310637,0.33378238947207706,1.0,0.42690254070784983,0.3702782579499271,0.0,0.0,False,False,False,-1,0,False,0.0,9,9,
143,1,3,0.23635293107956465,0.49162673394880607,0.9386387147898472,0.4890991069398704,0.18337858731424575,0.03576781020229393,0.003094978582782463,False,False,False,-1,0,False,0.0,5,5,
144,0,1,0.08081590321924684,0.06767555253767651,1.0,0.45015067836628136,0.18143638375147517,0.0,0.0,False,False,False,-1,0,False,0.0,9,9,
145,545,12,1.0,1.0,0.986023725126103,0.5164239379400366,0.6235589722561571,0.91502001108001,3.3579914249907796,True,False,False,-1,0,False,0.0,0,0,
146,732,0,1.0,1.0,0.8949520185095392,0.5043622526422137,0.23272311781630997,1.99,97.8359449183264,True,False,False,-1,0,False,0.0,4,4,
147,1,28,0.47933202305802913,0.15440512590731414,1.0,0.44894833296603626,0.05434024225346962,0.018180601724958032,0.00020238478816242368,False,False,False,-1,0,False,0.0,5,5,
148,441,20,1.0,1.0,0.9595572914561783,0.43881178792400855,0.18867302995416038,1.98005,54.05980317667261,True,False,False,-1,0,False,0.0,10,10,
149,0,1,0.23314468439347422,0.2775605837653504,0.9949867383469962,0.5160574696164366,0.45056555465848547,0.0,0.0,False,False,False,-1,0,False,0.0,5,5,
150,0,171,0.2668108459579845,0.11687298067165987,0.7212263994760629,0.3976991176918187,0.09448596708465007,0.0,0.0,False,False,True,178,117,False,1.42,1,1,
151,555,0,1.0,1.0,0.9768560179781017,0.5228517825881209,0.6984264304529488,1.2422890766106438,9.23121061608781,True,False,False,-1,0,False,0.0,0,0,
152,1,24,0.6165148663445497,0.24445098244716196,1.0,0.4542807133625153,0.12103697428465934,0.027560846424495803,0.0010824643048977804,False,False,False,-1,0,False,0.0,5,5,
153,2,2,0.5118144966465572,0.19213655001880003,0.9639140953287356,0.49798841786393466,0.13409548715534722,0.1483292785326753,0.18280465196585732,False,False,False,-1,0,False,0.0,8,8,
154,0,3,0.46214846252917086,0.18409848454413322,1.0,0.49770356910251434,0.05026964884976674,0.0,0.0,False,False,False,-1,0,False,0.0,6,6,
155,0,65,0.5211775817401232,0.5395648430196299,0.8111638065450355,0.49591985136425654,0.2333271773085179,0.0,0.0,False,False,True,257,51,False,1.15,1,1,
156,0,2,0.292042446475556,0.2936691062749039,1.0,0.554197676743536,0.2261792621316241,0.0,0.0,False,False,False,-1,0,False,0.0,6,6,
157,0,290,0.3715827407788087,0.10157407798468357,0.4779662028305794,0.47842340348289264,0.17687824403676677,0.0,0.0,False,False,True,271,202,False,1.21,1,1,
158,1,0,0.2096868792612099,0.23178708007284132,0.9916707232839141,0.5324432459961548,0.07389131010453485,0.035588971151282456,0.0030330790111268136,False,False,False,-1,0,False,0.0,6,6,
159,0,74,0.21698264500985612,0.5104124237047686,1.0,0.45175610302572666,0.12793474961154921,0.0,0.0,False,False,False,-1,5,False,0.0,7,7,
160,0,0,0.18887231979465688,0.22668062646908624,1.0,0.45081929026273015,0.22092205338695678,0.0,0.0,False,False,False,-1,0,False,0.0,4,4,
161,2,15,0.3879497360067156,0.5330931967600124,0.978793165981063,0.5046879645927725,0.03758127437194351,0.09781092091060789,0.026352630467858212,False,False,False,-1,0,False,0.0,7,7,
162,2,0,0.43326494520349185,0.5556428384338234,1.0,0.5660386024835162,0.02337024023162306,0.11803314568564804,0.049152419201891374,False,False,False,-1,0,False,0.0,6,6,
163,0,9,0.19306026115462804,0.1426017056072204,1.0,0.5137301680929997,0.3397235973568815,0.0,0.0,False,False,False,-1,0,False,0.0,5,5,
164,1,27,0.5361149087805009,0.1486114205299014,0.9896125548736768,0.519175936596518,0.31785201147578934,0.14702242509375,0.9223681599999999,False,False,False,-1,0,False,0.0,6,6,
165,0,18,0.16635254501194732,0.5901865613034235,0.9969059575261239,0.5336553726915118,0.1553976208623898,0.0,0.0,False,False,False,-1,0,False,0.0,6,6,
166,1,3,0.3281111579689763,0.2224828738598273,0.9850076502873422,0.37779084192796636,0.075714938662319,0.01579990638989009,0.0001149497380509562,False,False,False,-1,0,False,0.0,11,11,
167,0,42,0.306479842499676,0.2578180589816111,1.0,0.533409488869081,0.26187929573358265,0.0,0.0,False,False,False,-1,0,False,0.0,4,4,
168,0,2,0.8229839651349732,0.3746593306080391,0.968445468439329,0.4869614465091953,0.12041160198046567,0.0,0.0,False,False,False,-1,0,False,0.0,5,5,
169,1,56,0.247230842292211,0.27417916058530406,0.8919526486570964,0.4933712288671651,0.3534698055727041,0.04929639769289949,0.011276875967695645,False,False,True,274,24,False,1.21,1,1,
170,0,90,0.1261225170311464,0.21249248281901462,0.9375512968177115,0.3626140574342275,0.28967749182240754,0.0,0.0,False,False,True,276,73,False,1.24,1,1,
171,0,2,0.27841916131470396,0.4791364264402026,0.9809550767116153,0.5606990651001807,0.22219162825834152,0.0,0.0,False,False,False,-1,0,False,0.0,5,5,
172,1,0,0.16808382375521813,0.38376751930337805,1.0,0.4790789262016883,0.28432673002289416,0.06365581260942144,0.031597952610481664,False,False,False,-1,0,False,0.0,2,2,
173,0,45,0.01864192917838155,0.39001273099533257,0.9587251315424229,0.5023219272101791,0.263108564752387,0.0,0.0,False,False,False,-1,0,False,0.0,6,6,
174,1,0,0.1883904384109116,0.2885391050046488,0.9974234609159243,0.4653811000260912,0.2309738258644061,0.11970985165228565,0.4028778642734252,False,False,False,-1,0,False,0.0,3,3,
175,2,0,0.22119363995919705,0.22304380526037465,0.9871629147736992,0.6565543989025776,0.29081982663934614,0.07584460140309437,0.02089256281549562,False,False,False,-1,0,False,0.0,7,7,
176,1,0,0.5520946214587242,0.3982450049030669,0.9949186176388606,0.5204557721529786,0.32299453067027095,0.1284123406432683,0.5345746329947881,False,False,False,-1,0,False,0.0,4,4,
177,1,15,0.26905445105515635,0.21675142722393942,1.0,0.5288527349204152,0.15854616041766845,0.14776123124999999,0.9411919999999999,False,False,False,-1,0,False,0.0,6,6,
178,0,3,0.2589522842973637,0.3514831700106808,0.9893043565953776,0.5270003798350992,0.368174965783718,0.0,0.0,False,False,False,-1,0,False,0.0,5,5,
179,0,0,0.16975344328652073,0.5708836311870178,1.0,0.5310222089726025,0.19770824843357526,0.0,0.0,False,False,False,-1,0,False,0.0,4,4,
180,0,0,0.3924542093979493,0.2737829247341572,0.9918121772288478,0.43623598344572034,0.22105631410429544,0.0,0.0,False,False,False,-1,0,False,0.0,5,5,
181,0,78,0.14073747556343832,0.24004816605726953,0.8324940196936187,0.5302615360779601,0.0279587556394882,0.0,0.0,False,False,True,137,74,False,1.27,1,1,
182,0,33,0.3607244802783253,0.13723837627988084,1.0,0.43539892026439797,0.37104965399611767,0.0,0.0,False,False,False,-1,0,False,0.0,5,5,
183,722,21,1.0,1.0,0.9407736043589322,0.509979511047866,0.6339273191751731,2.0,44.17430623625511,True,False,False,-1,0,False,0.0,2,2,
184,1,141,0.34278086458282764,0.5458923223642629,0.8846527770484758,0.5152648458440029,0.23847847469579334,0.02145095285562546,0.00039420067962034816,False,False,True,410,112,False,1.24,1,1,
185,0,73,0.2120420551680156,0.4815743105665739,0.8630687951870427,0.5202106035664321,0.29855073667959814,0.0,0.0,False,False,True,239,79,False,1.42,1,1,
186,1,169,0.14974980593563159,0.18327201104540158,0.7508225010109985,0.43277932529251856,0.2557835378953337,0.03576781020229393,0.003094978582782463,False,False,True,354,173,False,1.18,1,1,
187,0,0,0.18994583937269904,0.5287310813504831,0.9812858885347608,0.5024066422308535,0.3083903946653739,0.0,0.0,False,False,False,-1,0,False,0.0,3,3,
188,1,1,0.3695837938380783,0.32634730177513444,0.910085813898083,0.4740772413519034,0.11821366223364474,0.016612068238777627,0.00014068481667971685,False,False,False,-1,0,False,0.0,11,11,
189,5,4,0.5847501823049027,0.3270317141711956,0.9315822716167159,0.5811315536653794,0.36438237902797055,0.4372573894934567,1.0242130649770018,False,False,False,-1,0,False,0.0,6,6,
190,0,0,0.33339904889370886,0.4959430174260558,1.0,0.488130293992347,0.13240686982662297,0.0,0.0,False,False,False,-1,0,False,0.0,8,8,
191,0,140,0.6707991274463536,0.41347715775207017,0.7702735527059884,0.3884639736065733,0.2333681632574727,0.0,0.0,False,False,True,320,85,False,1.21,1,1,
192,0,4,0.43585932120587456,0.2570201664415095,0.9722947403237807,0.4524324043143406,0.08280224707683985,0.0,0.0,False,False,False,-1,0,False,0.0,5,5,
193,0,11,0.01564775029871393,0.3710096442294631,1.0,0.5112327030800333,0.3238523141902281,0.0,0.0,False,False,False,-1,0,False,0.0,5,5,
194,0,0,0.22682554291586987,0.23580111642741056,0.982348203771223,0.5722093826916604,0.41456847809483016,0.0,0.0,False,False,False,-1,0,False,0.0,5,5,
195,421,6,1.0,1.0,1.0,0.5646034689954473,0.5890282484629785,0.8530092141966027,1.740656378237175,True,False,False,-1,0,False,0.0,1,1,
196,4,0,0.4611843726349468,0.5883991789227395,0.9902834955445351,0.510483735116795,0.11336683890208962,0.31781829520196314,0.5708870382641147,False,False,False,-1,0,False,0.0,3,3,
197,501,3,1.0,1.0,0.9874141888302146,0.47119675577875697,0.47601147899277496,0.8702848021171002,3.767732791439529,True,False,False,-1,0,False,0.0,0,0,
198,1,9,0.441464969814151,0.20485804699230753,1.0,0.5609869336917389,0.15494475231311558,0.06270574164924925,0.029739740213364455,False,False,False,-1,0,False,0.0,3,3,
199,1,2,0.23552952053403045,0.3688616869291917,1.0,0.4783144002685794,0.38809464361530455,0.02530957915340001,0.0007678154925775988,False,False,False,-1,0,False,0.0,5,5,
200,1,1,0.37178104198783085,0.23323477813875348,0.969601339739352,0.6447495877820881,0.10825750441644069,0.035411026295526046,0.0029724174309042773,False,False,False,-1,0,False,0.0,7,7,
201,0,0,0.5147994306142423,0.20566582965737004,0.9667792227348136,0.4991072780967026,0.2353483909959037,0.0,0.0,False,False,False,-1,0,False,0.0,7,7,
202,0,37,0.3474661885939973,0.13977941479386213,0.9418059248451114,0.2704822213987705,0.40767805043471583,0.0,0.0,False,False,True,148,22,False,1.24,0,0,
203,1,1,0.31077518850238717,0.27962547706182594,1.0,0.46126421281019264,0.04708525581877731,0.0555982659618949,0.01831314723627813,False,False,False,-1,0,False,0.0,6,6,
204,0,94,0.3200095719607417,0.4909172872988023,0.8780385432041065,0.7373389395869152,0.20977414704448208,0.0,0.0,False,False,True,267,90,False,1.24,1,1,
205,0,219,0.22466658423529912,0.6965784161572108,0.9383717283348433,0.4253389536853971,0.1371484847469863,0.0,0.0,False,False,False,-1,201,True,1.21,7,7,
206,0,37,0.07511700016850943,0.3339253122672311,0.9954924752311772,0.466922337789041,0.17794351061663446,0.0,0.0,False,False,False,-1,0,False,0.0,3,3,
207,1,1,0.5522539996829625,0.19853592057611752,0.9874432719323225,0.47530808908509387,0.23826901369508183,0.05004330020385454,0.011981483021206774,False,False,False,-1,0,False,0.0,4,4,
208,3,65,0.16529216928882517,0.1696185461717703,0.9324570209255513,0.5794239698048615,0.5415139795806965,0.07591767803184131,0.0038619174147793314,False,False,True,227,45,False,1.18,1,1,
209,0,0,0.0723721327690198,0.19454500500692495,0.9990157641236264,0.4019978014362446,0.2311262373980132,0.0,0.0,False,False,False,-1,0,False,0.0,5,5,
210,0,19,0.2838715329659101,0.6294032562066755,0.7884484362691165,0.5716788240723598,0.0935695284043386,0.0,0.0,False,False,True,70,16,False,1.21,1,1,
211,2,2,0.13864937926545948,0.14149814337457628,0.9622630701667034,0.5217057226080044,0.5461741905963684,0.09781092091060789,0.026352630467858212,False,False,False,-1,0,False,0.0,6,6,
212,1,20,0.24502638244268057,0.2897191454589896,0.9579752202672316,0.4800002422941195,0.36519793297263137,0.01595909839639412,0.0001196894398698003,False,False,False,-1,0,False,0.0,5,5,
213,1,0,0.23217342038475083,0.23698998783488756,1.0,0.4925650193766616,0.05455666110609475,0.12460780522231983,0.4735488656416021,False,False,False,-1,0,False,0.0,9,9,
214,1,1,0.2172871480818324,0.3714436730741412,1.0,0.5816308024538185,0.21412339900787422,0.14410395653631553,0.8507630225817854,False,False,False,-1,0,False,0.0,5,5,
215,2,15,0.2813716121138991,0.5366872906560434,0.98831198601176,0.45794384808453115,0.35504767444531193,0.22959522060425266,0.7072004698264317,False,False,False,-1,0,False,0.0,6,6,
216,3,1,0.39630304790688214,0.10096982458002304,0.9825573252570104,0.539505904323179,0.24078725486280983,0.1700036002676675,0.07575162407723451,False,False,False,-1,0,False,0.0,3,3,
217,0,17,0.17854747427797596,0.33488873836602706,0.9482777172316593,0.44831531917580003,0.40421072667916585,0.0,0.0,False,False,False,-1,0,False,0.0,4,4,
218,1,0,0.17249035900822976,0.5952530951737076,1.0,0.40979041802029326,0.010289468808585885,0.06692790936655076,0.03867213832613875,False,False,False,-1,0,False,0.0,6,6,
219,0,50,0.6203273892240889,0.37120585534524103,0.9659917072059611,0.6441815452595645,0.09931957695998772,0.0,0.0,False,False,True,183,15,False,1.18,0,0,
220,0,80,0.34600764211270313,0.4473694030980835,1.0,0.4590968310176871,0.1708779914932596,0.0,0.0,False,False,True,170,73,False,1.21,1,1,
221,2,0,0.38968351043247307,0.2637457445971009,0.9822704232998809,0.45847824013482963,0.4077577762369866,0.1455354763698807,0.11950386628422945,False,False,False,-1,0,False,0.0,2,2,
222,1,2,0.474706071164237,0.2747976906623826,1.0,0.44342640549741424,0.3856112018981061,0.0682833683268457,0.04192700919569768,False,False,False,-1,0,False,0.0,4,4,
223,0,1,0.24394889857363947,0.30881187424090234,1.0,0.5519703615350653,0.15997708902885738,0.0,0.0,False,False,False,-1,0,False,0.0,5,5,
224,1,0,0.315274378371053,0.23205876491065125,1.0,0.503591461235325,0.2859300550623087,0.017553746336867102,0.0001756954021445285,False,False,False,-1,0,False,0.0,5,5,
225,1,16,0.3307108881886347,0.303291889369739,0.9691136243596502,0.5523466008231747,0.3700114676535506,0.0415719053632266,0.005673817693396582,False,False,False,-1,0,False,0.0,6,6,
226,0,76,0.1664878311395979,0.22247549657086318,1.0,0.3512258818317977,0.2179145884443171,0.0,0.0,False,False,True,237,59,False,1.15,1,1,
227,1,38,0.3710633184977351,0.07623322008446498,1.0,0.44159762514618767,0.5399459108182756,0.06024096979467229,0.025301471274719014,False,False,False,-1,0,False,0.0,7,7,
228,1,5,0.4083297437460616,0.25764425467433905,0.9644979903093901,0.4674037538350883,0.29797110757087497,0.04880466612591281,0.010830311679374895,False,False,False,-1,0,False,0.0,9,9,
229,2,3,0.6715962730813606,0.1218205643550372,0.9575450082795084,0.4989707858565981,0.03770203409502796,0.09698486628090795,0.028360569776296966,False,False,False,-1,0,False,0.0,5,5,
230,0,12,0.18237436087635306,0.3245492399611234,0.9856444582004036,0.4724733855530913,0.31179391804751033,0.0,0.0,False,False,False,-1,0,False,0.0,6,6,
231,2,0,0.20947732439483416,0.3278334998843769,1.0,0.5533418765917965,0.33906467261690815,0.0597313535902947,0.0029965638598510036,False,False,False,-1,0,False,0.0,3,3,
232,2,1,0.4356029435356983,0.43725917049983726,0.9745646891819733,0.5258036863657269,0.05232913302672023,0.1355861268541533,0.08920487956133867,False,False,False,-1,0,False,0.0,7,7,
233,2,4,0.584588600864435,0.25847972724329304,0.9599588090698546,0.6348735729709475,0.32825032402991655,0.04542243141618185,0.0011064621058932253,False,False,False,-1,0,False,0.0,5,5,
234,1,3,0.11718369136107391,0.3877297442523667,0.9886144672332006,0.5036706922785569,0.06478200192972405,0.020198706438901988,0.0003093358658057111,False,False,False,-1,0,False,0.0,4,4,
235,348,0,1.0,1.0,0.9138856557822522,0.5009015184628015,0.8410336814363156,0.6639077827044709,1.0260997035305612,True,False,False,-1,0,False,0.0,0,0,
236,2,2,0.42459843956129417,0.3534134740078896,1.0,0.44518194918036563,0.11373564374218766,0.06776075167940852,0.012398184576965673,False,False,False,-1,0,False,0.0,8,8,
237,1,25,0.08372786569527993,0.626477703868737,0.9779075896406196,0.4768539670646015,0.05993196809754437,0.10993152819655191,0.2857700382415124,False,False,False,-1,0,False,0.0,7,7,
238,2,78,0.5307668623431336,0.20216479388870373,0.9872070617181448,0.5656832608469229,0.039741003546856564,0.23416866131880823,0.7402804088982426,False,False,False,-1,6,True,0.0,6,6,
239,0,20,0.2811057255510667,0.2080973293404099,1.0,0.5458587790595076,0.20070934257461623,0.0,0.0,False,False,False,-1,0,False,0.0,6,6,
240,1,8,0.4930030265568909,0.40653280716732704,1.0,0.5492676204126091,0.12210382992641948,0.03317711082623144,0.0022858555545923866,False,False,False,-1,0,False,0.0,5,5,
241,0,140,0.20018668323769206,0.2724399146240308,0.7491063657659834,0.4690055500913889,0.3153222380739121,0.0,0.0,False,False,True,316,126,False,1.18,1,1,
242,2,142,0.4578527737058079,0.36359203599353607,0.9447970559345831,0.4574804014142187,0.05350749309218544,0.10241983323845444,0.03201853997028019,False,False,False,-1,116,True,1.12,4,4,
243,0,1,0.3647880774696428,0.09659421660282073,1.0,0.49978407415389137,0.08450356341743058,0.0,0.0,False,False,False,-1,0,False,0.0,3,3,
244,1,0,0.4620563484080734,0.0,0.954201342719765,0.40773896003175075,0.14383713687234015,0.023594351996527728,0.0005786579585206898,False,False,False,-1,0,False,0.0,6,6,
245,2,1,0.05378824793622666,0.2538376418321679,0.9923609698261836,0.4713665302110772,0.1412717249090081,0.09085844004377702,0.02740680678857891,False,False,False,-1,0,False,0.0,5,5,
246,0,0,0.21613976173667473,0.17825733841880928,1.0,0.5354666398606357,0.14590887325606317,0.0,0.0,False,False,False,-1,0,False,0.0,3,3,
247,0,0,0.48128294452942255,0.23136268567750598,1.0,0.5458134198326592,0.03260200719996234,0.0,0.0,False,False,False,-1,0,False,0.0,3,3,
248,2,92,0.493383518139741,0.11471083671869804,0.8018978616369754,0.2263490505285227,0.19743876717044312,0.05036669525474493,0.0015052254916491218,False,False,True,283,94,False,1.09,0,0,
249,1,1,0.509560641675497,0.4682246331491466,0.9782129380906516,0.5934060066526621,0.11336931192244475,0.04262697617418173,0.006276896951018997,False,False,False,-1,0,False,0.0,5,5,
250,1,22,0.42440677005832894,0.2312812963709271,0.9671418934671404,0.44233966220417476,0.24275689575935042,0.021236979600890597,0.00037859033270738236,False,False,False,-1,0,False,0.0,8,8,
251,140,0,1.0,1.0,1.0,0.47654953812401357,0.22202122308793631,2.0,56.02981699931109,True,False,False,-1,0,False,0.0,5,5,
252,0,1,0.34707270040379506,0.7347719632382845,0.9807514218109106,0.4786466752735835,0.17374361744703787,0.0,0.0,False,False,False,-1,0,False,0.0,4,4,
253,2,32,0.18015364628173186,0.539911812386823,1.0,0.4383722399822922,0.43258592691011244,0.04443898393293673,0.0009098336671186693,False,False,False,-1,0,False,0.0,6,6,
254,0,1,0.13488218225456847,0.49407650346414533,1.0,0.49484072986754307,0.2864588092815481,0.0,0.0,False,False,False,-1,0,False,0.0,5,5,
255,0,52,0.06159704923462334,0.7937964458321444,0.9443360489998681,0.5226125217708237,0.25348088888620046,0.0,0.0,False,False,False,-1,0,False,0.0,3,3,
256,0,16,0.2289922648473669,0.05564744628133205,0.9638954854619325,0.5049907762900376,0.12517167617672842,0.0,0.0,False,False,False,-1,0,False,0.0,4,4,
257,1,34,0.571199057268217,0.49668864401630164,0.9579190118778025,0.516328136548063,0.2594244050196362,0.08178695310938872,0.08676711527143827,False,False,False,-1,0,False,0.0,4,4,
258,1,40,0.4081886807157442,0.37017712951879067,1.0,0.5477175037019608,0.2665807479303695,0.033011225272100285,0.002240138443500539,False,False,False,-1,0,False,0.0,3,3,
259,1,0,0.2813386147329087,0.33979923564197984,0.9875307540639549,0.4086125626540852,0.23493583318364883,0.12586329155558681,0.493074620618078,False,False,False,-1,0,False,0.0,6,6,
260,2,35,0.27208653704081853,0.457454619184562,0.9740526694523545,0.49161510000807584,0.2950289381061748,0.06440293798178086,0.006695728262398971,False,False,False,-1,0,False,0.0,2,2,
261,0,0,0.2826791489743152,0.49391975412096795,1.0,0.5023790424887608,0.19666378493105535,0.0,0.0,False,False,False,-1,0,False,0.0,7,7,
262,0,49,0.16769124742253516,0.10450199904459531,0.8015745673260745,0.6177344316732738,0.6226181036462972,0.0,0.0,False,False,True,182,53,False,1.24,1,1,
263,1,9,0.04317804960018397,0.2691400536393191,1.0,0.444295997037481,0.09757929042080268,0.05341286734444942,0.015580148495721254,False,False,False,-1,0,False,0.0,5,5,
264,0,18,0.44740850733881726,0.740533630407221,0.9760793581296052,0.505390546679228,0.020722678670125807,0.0,0.0,False,False,False,-1,0,False,0.0,5,5,
265,2,0,0.35319088709009316,0.5061979466986134,1.0,0.4558005429995367,0.126551324929533,0.10545567519506602,0.07924639047251639,False,False,False,-1,0,False,0.0,3,3,
266,2,2,0.4541859316050967,0.22336889279289623,0.961219695565983,0.49963004304696645,0.02452367267458535,0.1134910378895449,0.055433013342088076,False,False,False,-1,0,False,0.0,4,4,
267,1,1,0.49977923932885826,0.3520011593499332,0.9885339599605875,0.6262030178566517,0.2871158847704686,0.017465977605182766,0.00017218149410163792,False,False,False,-1,0,False,0.0,5,5,
268,2,0,0.29482496398899904,0.310033904521064,1.0,0.5672996469812001,0.1958459985300067,0.12786259565338995,0.29177081770249763,False,False,False,-1,0,False,0.0,4,4,
269,761,0,1.0,1.0,0.958293908793932,0.5207451315648055,0.5042543386745394,2.0,85.62694094804398,True,False,False,-1,0,False,0.0,3,3,
270,2,5,0.5614977717251632,0.3808466396626177,1.0,0.4463415316241374,0.22252546697519704,0.08840056985264616,0.017371580728772998,False,False,False,-1,0,False,0.0,4,4,
271,1,0,0.3481479408964245,0.15386607835744004,0.9633344559222425,0.4473317188033885,0.3709339955305993,0.023712916579424852,0.0005904673046129488,False,False,False,-1,0,False,0.0,2,2,
272,646,1,1.0,1.0,0.9754748252615153,0.5109632062709145,0.7006699509535818,2.0,46.55220619863657,True,False,False,-1,0,False,0.0,1,1,
273,2,0,0.29484915732618727,0.12042560846632584,1.0,0.5151042570918356,0.09802670016612829,0.14804797787662,0.45549037495404077,False,False,False,-1,0,False,0.0,5,5,
274,1,0,0.5849942897120459,0.10888847985339312,0.9754377980235308,0.49154217406530765,0.09799672283489902,0.021558746588568302,0.00040224559144933484,False,False,False,-1,0,False,0.0,4,4,
275,0,24,0.027149001679596378,0.38473173208467293,0.984143538408039,0.5638439872065654,0.35586038948081666,0.0,0.0,False,False,True,113,16,False,1.21,0,0,
276,1,7,0.07596324373044913,0.08965074824298644,1.0,0.5759675653703651,0.024979040043677684,0.05235259525461148,0.01437063290052518,False,False,False,-1,0,False,0.0,5,5,
277,1,6,0.0850735739287381,0.5095759526293528,0.9808046937335977,0.4846678904374654,0.22314499956334832,0.021025140729371714,0.00036359815553217,False,False,False,-1,0,False,0.0,5,5,
278,3,12,0.6183628711586419,0.007626296296357804,0.9730215831055113,0.5369653864573538,0.3860385548886329,0.16092367475637356,0.08638665524647575,False,False,False,-1,0,False,0.0,3,3,
279,0,0,0.26040082621009814,0.4780239160490338,0.974176463935935,0.49167860137301467,0.510675543866051,0.0,0.0,False,False,False,-1,0,False,0.0,3,3,
280,0,0,0.36711228203916174,0.12967643195904235,0.9728144218831052,0.45589538424407006,0.1441978052562964,0.0,0.0,False,False,False,-1,0,False,0.0,6,6,
281,1,1,0.3838521455288073,0.3492726902444404,1.0,0.5161434681530727,0.22049685602828345,0.06462027834119863,0.03357227070617012,False,False,False,-1,0,False,0.0,5,5,
282,0,0,0.26297237075420876,0.737553669550461,1.0,0.5067358322829194,0.16271393327330702,0.0,0.0,False,False,False,-1,0,False,0.0,3,3,
283,2,1,0.17556881870381624,0.4878474238610365,1.0,0.5753104167883528,0.06377082002684235,0.04789969852568215,0.0015250951908830127,False,False,False,-1,0,False,0.0,6,6,
284,1,3,0.5474366629171258,0.17055592155208482,1.0,0.5515842628336495,0.18776152651081235,0.035411026295526046,0.0029724174309042773,False,False,False,-1,0,False,0.0,3,3,
285,2,1,0.4380561446315342,0.1806221337311038,1.0,0.49051251533123724,0.407697880577533,0.11714918133115768,0.11653800758269374,False,False,False,-1,0,False,0.0,7,7,
286,0,8,0.34495496374648227,0.36222450557441527,0.9712745134926019,0.41442987053998637,0.20336778434324568,0.0,0.0,False,False,False,-1,0,False,0.0,4,4,
287,0,0,0.27149807966383316,0.2421846404485886,1.0,0.493109667128818,0.11927335169039278,0.0,0.0,False,False,False,-1,0,False,0.0,6,6,
288,1,3,0.4985790965053154,0.07946239255463429,0.9887836248709218,0.5051032094937782,0.030093955969270218,0.03523397116404842,0.002912969082286192,False,False,False,-1,0,False,0.0,5,5,
289,1,0,0.6573486985380868,0.5790066598887739,1.0,0.5046567174609433,0.34912632405414573,0.1356915720411926,0.6676079717550942,False,False,False,-1,0,False,0.0,3,3,
290,357,0,1.0,1.0,0.9835396396598758,0.49467370517712167,0.6843893528766987,0.6639077827044709,1.1179143143109627,True,False,False,-1,0,False,0.0,2,2,
291,0,0,0.24725046150819738,0.3347477886899055,0.9236593826092874,0.6169352772777953,0.2687614901242238,0.0,0.0,False,False,False,-1,0,False,0.0,3,3,
292,1,0,0.4518161353949172,0.1637576244596914,1.0,0.47859856581052995,0.17907094478073848,0.08729391665104468,0.11282781422647412,False,False,False,-1,0,False,0.0,4,4,
293,1,84,0.43712768298307003,0.42917779645969706,0.9847229288592244,0.5706358394012996,0.02501242776147786,0.02347638023654509,0.000567084799350276,False,False,True,288,37,False,1.18,1,1,
294,1,0,0.1892584262079041,0.5444830593197969,1.0,0.5523492828962903,0.39693042614896984,0.024559719833835796,0.000680163504009205,False,False,False,-1,0,False,0.0,4,4,
295,1,12,0.3882294164913163,0.1609413542966125,0.9889568495708599,0.5590639546534479,0.18751157879648386,0.03351138691066533,0.0023801078244402194,False,False,False,-1,0,False,0.0,5,5,
296,3,1,0.3864266602512969,0.21842072274834445,0.995425465122824,0.548584612382148,0.07605754973675714,0.09123530346524125,0.010420963454875849,False,False,False,-1,0,False,0.0,7,7,
297,2,0,0.4969892545754224,0.08804437234244387,0.9225719601576798,0.421613844162738,0.22044945137443223,0.1532856020597611,0.13388769163478662,False,False,False,-1,0,False,0.0,4,4,
298,0,1,0.21085096122387098,0.4345571781412061,1.0,0.5393869928177916,0.24229174292043099,0.0,0.0,False,False,False,-1,0,False,0.0,2,2,
299,1,0,0.21897342657832147,0.331155732204743,0.9277715304522127,0.5958150968682998,0.41138719972877846,0.028688504209338155,0.0012723452667381544,False,False,False,-1,0,False,0.0,5,5,
300,1,0,0.4906545285588505,0.20636561215598986,0.9734093222904808,0.5044407093716512,0.327260224953236,0.047358706336896754,0.009593949083556642,False,False,False,-1,0,False,0.0,5,5,
301,1,77,0.3897311502684916,0.5860542578876499,0.9901699500871692,0.4949386773736942,0.18617515738270377,0.022440827205672833,0.0004728056823963176,False,False,True,344,27,False,1.12,0,0,
302,0,135,0.3762634197454668,0.377861177138495,0.7132436037876166,0.4475517114251076,0.23914622841312652,0.0,0.0,False,False,False,-1,144,True,1.18,6,6,
303,0,97,0.2445564267123006,0.5697825662413137,0.7609878721102432,0.4833221516374337,0.3073799976905384,0.0,0.0,False,False,True,401,51,False,1.15,1,1,
304,3,0,0.39901282080313405,0.5879442105382392,0.9909904812904722,0.5015104058214266,0.12345105180874895,0.20168821087013614,0.2524174353139717,False,False,False,-1,0,False,0.0,5,5,
305,0,3,0.0705950128911889,0.1835105398399764,0.9109221365730465,0.5755064929356043,0.06936508436489655,0.0,0.0,False,False,False,-1,0,False,0.0,4,4,
306,3,0,0.5276663905026548,0.12573211557289848,0.9883787336313741,0.5139564125246667,0.19121200278138012,0.0862310876281373,0.009435725183659574,False,False,False,-1,0,False,0.0,6,6,
307,0,33,0.053796460840181186,0.19126529825918978,0.929347198882857,0.5470124363759914,0.6183431048797756,0.0,0.0,False,False,True,205,12,False,1.21,1,1,
308,0,28,0.09627574241964879,0.41469455108859754,0.9856473306434061,0.5122338831581054,0.20973794531355225,0.0,0.0,False,False,False,-1,0,False,0.0,6,6,
309,1,0,0.19401544034098267,0.34880180611588274,0.9939609930033919,0.4789005053146645,0.03468813994822885,0.0347080997401786,0.0027416631964951054,False,False,False,-1,0,False,0.0,6,6,
310,0,0,0.4642869064796246,0.13520344278819574,1.0,0.46109144146149317,0.08693440976515328,0.0,0.0,False,False,False,-1,0,False,0.0,3,3,
311,1,1,0.7465977119262124,0.12457706215828292,0.9848886941455929,0.5433436037818448,0.35403323250438906,0.08817344678270213,0.11748002314293432,False,False,False,-1,0,False,0.0,3,3,
312,0,63,0.18194508936428164,0.349138105631385,1.0,0.45577128355222657,0.27202929750460114,0.0,0.0,False,False,False,-1,0,False,0.0,4,4,
313,2,1,0.7971957578009626,0.04793800916184285,1.0,0.5436835217392643,0.48543220350409716,0.07986905463569631,0.011973944228187011,False,False,False,-1,0,False,0.0,7,7,
314,0,0,0.2910208957881907,0.4099092786078681,0.9804966371551324,0.5873702663130773,0.06445856327080783,0.0,0.0,False,False,False,-1,0,False,0.0,4,4,
315,2,2,0.4968154932847667,0.3489309967213806,1.0,0.417959346305347,0.4196681828194034,0.05980156877635751,0.003957684537630369,False,False,False,-1,0,False,0.0,6,6,
316,3,0,0.3010571941029421,0.7465095461051644,0.9644176444781353,0.5328226015815338,0.28832094241537676,0.1707528659967479,0.16989253030090795,False,False,False,-1,0,False,0.0,6,6,
317,0,34,0.043288419863382506,0.29346222286951174,1.0,0.4997995250125174,0.03956040319085302,0.0,0.0,False,False,False,-1,0,False,0.0,4,4,
318,0,0,0.19705931234036336,0.2584001833063178,1.0,0.5268133957651615,0.1137586156102895,0.0,0.0,False,False,False,-1,0,False,0.0,3,3,
319,2,0,0.550601561167232,0.013879803304955786,0.973608749586902,0.47676699837914277,0.02594943275527511,0.21419163844746827,0.8127505311089886,False,False,False,-1,0,False,0.0,5,5,
320,0,1,0.32374844533945907,0.17556913183088252,1.0,0.5561463357109426,0.1858886958073333,0.0,0.0,False,False,False,-1,0,False,0.0,4,4,
321,4,1,0.5284039788730734,0.39492163065783653,1.0,0.495840499658244,0.18406655584871176,0.31466722898390354,0.5253972845706697,False,False,False,-1,0,False,0.0,4,4,
322,1,0,0.6203214615436076,0.14065689503129364,1.0,0.46590840796666827,0.23400938405383243,0.02926951877345722,0.001379433204565685,False,False,False,-1,0,False,0.0,4,4,
323,1,0,0.3848101442913352,0.5928114392031049,0.999095251042183,0.5528973585591593,0.21677344236800852,0.12274801815340104,0.44570040395095073,False,False,False,-1,0,False,0.0,3,3,
324,1,0,0.1942314633517463,0.3206266532601314,1.0,0.43909587859037186,0.34048059692353716,0.09698381951329502,0.1724521389063193,False,False,False,-1,0,False,0.0,4,4,
325,3,4,0.2504952647672879,0.4646719587774769,1.0,0.4973465484175311,0.0776125579337091,0.13763749351754784,0.047996268291765724,False,False,False,-1,0,False,0.0,4,4,
326,1,0,0.26188209854882066,0.05485419791838678,0.9805512053263022,0.5431589274245957,0.37178630707668586,0.14482809702142263,0.8681255332467198,False,False,False,-1,0,False,0.0,6,6,
327,1,15,0.39970981025810204,0.2980406588025766,0.9682285530311423,0.5013505865902984,0.30041745083184274,0.045725808774460974,0.00832875216410449,False,False,False,-1,0,False,0.0,6,6,
328,258,0,1.0,1.0,0.9364959374053271,0.46415984126461957,0.529217137133447,0.49393468446945465,0.31336253371327566,False,False,False,-1,0,False,0.0,1,1,
329,1,35,0.5179711398706637,0.22262617228188625,1.0,0.5730316570139002,0.1880972002036067,0.11159712930101066,0.30362565580828615,False,False,False,-1,0,False,0.0,6,6,
330,1,1,0.14815436953447889,0.6620893958952386,0.8622899157062064,0.5183670481762568,0.35828527647589486,0.05449461261816722,0.016891463920134943,False,False,False,-1,0,False,0.0,4,4,
331,1,0,0.38602935731544125,0.5332012986019046,0.9413918105242962,0.4731887562953577,0.03773857650700637,0.020198706438901988,0.0003093358658057111,False,False,False,-1,0,False,0.0,3,3,
332,0,60,0.35497289950996386,0.1915756481064333,0.9300055189468207,0.43654223727010305,0.35698476176982885,0.0,0.0,False,False,True,232,48,False,1.18,1,1,
333,0,41,0.03491562300085084,0.20380859067957935,0.9658323078343305,0.5053383725964662,0.37860442054926724,0.0,0.0,False,False,True,198,20,False,1.18,0,0,
334,0,23,0.2954322203829733,0.20749235602961968,0.9840547401247547,0.4707869363597256,0.3918682571341831,0.0,0.0,False,False,False,-1,0,False,0.0,4,4,
335,1,1,0.29837462733479847,0.2846788643755572,0.9168722945807423,0.5500159868889534,0.06619135766915445,0.01854880476229905,0.00021941866267632623,False,False,False,-1,0,False,0.0,4,4,
336,0,35,0.5402904178719158,0.35112969373783703,0.9715838587156326,0.42226099731521766,0.204901349846325,0.0,0.0,False,False,False,-1,0,False,0.0,6,6,
337,3,2,0.20530487425582858,0.5230815175244287,1.0,0.41878566787799903,0.24808933725988702,0.11920348983431742,0.0186747876150788,False,False,False,-1,0,False,0.0,5,5,
338,1,1,0.42439107684693694,0.07674538373628156,1.0,0.41932777772106045,0.2035751508874314,0.05476845489263037,0.017236187673607083,False,False,False,-1,0,False,0.0,4,4,
339,1,0,0.21019630314609136,0.11705895030736489,0.9606855355763965,0.5264984763556707,0.262124021374489,0.06270574164924925,0.029739740213364455,False,False,False,-1,0,False,0.0,4,4,
340,0,0,0.13952691882373938,0.6206415227190233,0.9809024838020283,0.5555987170351221,0.35985462657268896,0.0,0.0,False,False,False,-1,0,False,0.0,5,5,
341,2,2,0.2702794822942671,0.03816644742295548,0.9396182319510101,0.4127348992468305,0.11258434060915878,0.1606477738272808,0.18487005389948502,False,False,False,-1,0,False,0.0,4,4,
342,0,0,0.10704156583918975,0.3595774905056954,0.9927882081025555,0.5808336581143063,0.3592634763743264,0.0,0.0,False,False,False,-1,0,False,0.0,3,3,
343,0,4,0.17803810900205336,0.2281878900631175,0.9661466191600065,0.49352799520012436,0.19652467913657715,0.0,0.0,False,False,False,-1,0,False,0.0,4,4,
344,0,12,0.3109758483887556,0.4341964865949588,1.0,0.4069981404419613,0.1511960799350356,0.0,0.0,False,False,False,-1,0,False,0.0,5,5,
345,0,0,0.4503824379555319,0.46816761332080803,0.9663224170899587,0.4863738985373653,0.10523774602715887,0.0,0.0,False,False,False,-1,0,False,0.0,3,3,
346,0,0,0.07154639179368019,0.3340536556223293,0.9951660082023026,0.5018985918911999,0.5060540582285327,0.0,0.0,False,False,False,-1,0,False,0.0,5,5,
347,2,0,0.586170059305999,0.215705032396944,1.0,0.6101071251486488,0.4292133614779341,0.17643666060850313,0.2440961350170956,False,False,False,-1,0,False,0.0,5,5,
348,0,59,0.15201514281555928,0.12199437539035386,0.8189012485343351,0.7000358554439806,0.02005340378048338,0.0,0.0,False,False,True,301,30,False,1.15,1,1,
349,0,0,0.4883701360416583,0.5396474531834916,0.9987346685375923,0.5557663194768301,0.01887093255520212,0.0,0.0,False,False,False,-1,0,False,0.0,1,1,
