agent_id,punish_issued,punished_received,final_r,final_b,final_x,y,L,cap,service,is_enforcer,cadre_fallback,exited,exit_time,exit_intent,disengaged,exit_cost_eff_last,degree,degree_at_end,betweenness
0,1,61,0.19808591089718905,0.3385015453187414,0.9573178524818294,0.5367248280486947,0.3297560680516534,0.020607781186464034,0.00033537136169760145,False,False,True,114,62,False,2.77,5,5,
1,0,204,0.23269254480119525,0.2287867786648437,0.7279233448995642,0.43655400384130844,0.14738629269261933,0.0,0.0,False,False,True,308,254,False,2.05,2,2,
2,0,76,0.3656901112569395,0.3319455259380064,0.9026728516532887,0.37152596434924073,0.3377580374279847,0.0,0.0,False,False,True,68,46,False,3.01,5,5,
3,0,51,0.4650538832059517,0.6220262227167703,0.5248113139054963,0.6777257462227463,0.13406275937543588,0.0,0.0,False,False,True,69,49,False,2.08,1,1,
4,0,0,0.35757386902915034,0.4316619774741413,0.964931742919455,0.5228965733382358,0.03723954044100337,0.0,0.0,False,False,False,-1,0,False,0.0,3,3,
5,0,31,0.5849671601058617,0.1992732363620208,0.9982398121473883,0.5707592159322168,0.49769362271910705,0.0,0.0,False,False,False,-1,0,False,0.0,13,13,
6,0,61,0.3111131249017718,0.4362974088905846,0.9382355052317294,0.42550745280994867,0.38463116238031964,0.0,0.0,False,False,True,198,12,False,1.51,2,2,
7,0,45,0.31930855015422555,0.5201734402452697,0.691476063690841,0.4039152394516644,0.2703684338440195,0.0,0.0,False,False,True,111,44,False,1.8399999999999999,2,2,
8,1,73,0.6456877898556093,0.3209531484171262,0.8121527047264803,0.48895229238269666,0.14393117121037796,0.01694850451710154,0.00015252566467571568,False,False,True,59,35,False,3.01,4,4,
9,0,131,0.46242981937572775,0.20992357859509767,0.6020685966847383,0.6022998641531265,0.07533526046595186,0.0,0.0,False,False,True,131,92,False,2.32,2,2,
10,116,17,1.0,1.0,0.9263163861652123,0.7610638267743439,0.5389767126932933,0.29921102940897143,0.030434914006986846,False,False,True,93,21,False,2.1399999999999997,4,4,
11,0,339,0.514780838244271,0.43709934425417124,0.40597266063899506,0.2922244839026553,0.029130724847044296,0.0,0.0,False,False,True,220,195,False,1.87,3,3,
12,1,49,0.49900733813730624,0.385337078134255,0.6808966543387978,0.4016482965203835,0.034644587577291434,0.01808969871633324,0.0001983370923991752,False,False,True,56,25,False,2.8,3,3,
13,54,188,1.0,1.0,0.958632491948474,0.48322154920844346,0.7293059507571423,0.27202958092172097,0.013547034117042691,False,False,True,247,202,False,1.69,1,1,
14,0,69,0.2978656374944491,0.22974974725292993,0.937758391455312,0.4051239464813892,0.384633614798708,0.0,0.0,False,False,True,68,33,False,1.99,2,2,
15,0,53,0.49914592827528215,0.14208832219280404,0.7882847598808309,0.529365417342362,0.1988956198370971,0.0,0.0,False,False,True,78,31,False,1.54,2,2,
16,0,30,0.2024316912979283,0.3067181784927071,0.7054714379649274,0.716898365715976,0.263424634160341,0.0,0.0,False,False,True,48,26,False,2.41,3,3,
17,1,38,0.3498632339691086,0.31078278508537294,0.9515349362187501,0.3723501552653836,0.1188940908135525,0.03419007701304396,0.002580431467235621,False,False,True,327,20,False,1.54,2,2,
18,0,78,0.23759591115067566,0.3490828600757988,0.6504388169089684,0.595770928255152,0.40876909002195705,0.0,0.0,False,False,True,52,38,False,2.41,3,3,
19,0,0,0.10706983190409483,0.035260010784558114,0.9509868253805237,0.4989067259042448,0.05512049865955267,0.0,0.0,False,False,False,-1,0,False,0.0,9,9,
20,0,5,0.11823691241365157,0.08212556291012893,0.987912138105797,0.47943872221296935,0.3703450809372384,0.0,0.0,False,False,False,-1,0,False,0.0,13,13,
21,594,17,1.0,1.0,0.9030337546648888,0.48337565596346815,0.30693418080318624,1.6531302159494443,49.82826236425333,True,False,False,-1,0,False,0.0,2,2,
22,0,72,0.11435611032839448,0.5967693378636204,0.5167818757032789,0.40070414250809655,0.2821686298963817,0.0,0.0,False,False,True,87,66,False,1.54,2,2,
23,300,58,1.0,1.0,0.9313018871581554,0.5643008266685849,0.5468969127389041,1.0165901475171681,2.635273280226578,False,False,True,324,16,False,1.48,2,2,
24,0,23,0.1500147721327345,0.27164213273507626,0.8038868828982249,0.7216503836406762,0.30690886110836446,0.0,0.0,False,False,True,73,22,False,1.69,1,1,
25,3,5,0.562567523570953,0.6296635318749689,0.9904739164614131,0.4892980451216752,0.18653769030374914,0.22414576320326315,0.498279284468575,False,False,False,-1,0,False,0.0,10,10,
26,1,68,0.19340735983600482,0.25094940840417285,0.9320769505462547,0.5809354622182973,0.17836695831671187,0.022895310553505625,0.0005125997436818695,False,False,True,226,38,False,1.3900000000000001,1,1,
27,0,76,0.1829666807298588,0.09547043579017093,0.6606246110674137,0.45700484792185603,0.4977693758969816,0.0,0.0,False,False,True,99,59,False,1.8399999999999999,3,3,
28,0,30,0.6147800940321514,0.149943053313255,0.676059227689251,0.3443996948260614,0.16493233868553886,0.0,0.0,False,False,True,62,24,False,2.29,3,3,
29,0,4,0.18555257136797812,0.08695748330233477,1.0,0.5268280492310415,0.03299117223258035,0.0,0.0,False,False,False,-1,0,False,0.0,3,3,
30,0,51,0.16925796747419522,0.386582261501871,0.7894960193587401,0.3956205615840307,0.113961566524122,0.0,0.0,False,False,True,97,60,False,1.48,1,1,
31,0,52,0.17236596795817957,0.2847113153672641,0.7927332110981974,0.5606431819025196,0.13002410541162523,0.0,0.0,False,False,True,163,58,False,1.24,1,1,
32,1,3,0.16913773777305782,0.3576416026341825,1.0,0.4895884713420683,0.10373497127017196,0.03612818888643613,0.0032225932765331767,False,False,False,-1,0,False,0.0,10,10,
33,0,16,0.12249174136208384,0.5346200772454752,0.5727002296386559,0.7495240681272327,0.2386321879581299,0.0,0.0,False,False,True,57,12,False,1.9,2,2,
34,1,17,0.6155116220444767,0.32026744505414373,0.9509111658971391,0.45446593530917967,0.30493370835479544,0.0851332833690562,0.10198740773679685,False,False,False,-1,0,False,0.0,13,13,
35,0,49,0.30191141091581425,0.7772431442866796,0.3281051897566224,0.8137077982885264,0.06952829282665,0.0,0.0,False,False,True,75,44,False,1.54,1,1,
36,0,7,0.45227489563980383,0.03859016723868303,1.0,0.5591108392808982,0.03678930507945962,0.0,0.0,False,False,False,-1,0,False,0.0,9,9,
37,2,2,0.26461980739783164,0.21770732862806363,1.0,0.4259053902513402,0.24240591573255185,0.1974756347922992,0.372462736498466,False,False,False,-1,0,False,0.0,12,12,
38,0,22,0.2614636288970792,0.12381247148299782,0.5239490461174067,0.887235485648041,0.07676873424966334,0.0,0.0,False,False,True,38,21,False,1.78,1,1,
39,0,34,0.362788808498921,0.40002150421159066,0.5030414056625927,0.5655121706967193,0.17920271790565365,0.0,0.0,False,False,True,58,37,False,1.42,0,0,
40,0,58,0.24116059383093702,0.35030220818708485,0.9459724890459641,0.46183657902402203,0.3733855456794595,0.0,0.0,False,False,True,176,58,False,1.45,1,1,
41,0,87,0.1885654099178091,0.28179460737789225,0.960976945333455,0.4503686881083751,0.060462963402600337,0.0,0.0,False,False,True,366,32,False,1.15,1,1,
42,1,1,0.0716520956312725,0.33094727540860963,1.0,0.4148372477244673,0.3058128392527283,0.01790925397163782,0.00019048294354016786,False,False,False,-1,0,False,0.0,8,8,
43,0,72,0.4436932573992937,0.37197224687767255,1.0,0.6533127067747635,0.27899233453160543,0.0,0.0,False,False,True,135,80,False,1.54,2,2,
44,0,3,0.15203841486108718,0.35838282359768425,1.0,0.4559655901195256,0.230151834278737,0.0,0.0,False,False,False,-1,0,False,0.0,13,13,
45,1,3,0.28245927701160317,0.10230092709577143,1.0,0.38400809980418255,0.2348323564290572,0.04241384129331082,0.006151359011998617,False,False,False,-1,0,False,0.0,7,7,
46,0,36,0.4517109793625623,0.23697996776055932,0.9706748755529881,0.6173387633021502,0.4549018133645456,0.0,0.0,False,False,True,176,13,False,1.33,0,0,
47,0,66,0.14478432334184907,0.04374115614578016,0.9976582589910538,0.4525094409790895,0.034823920587247016,0.0,0.0,False,False,True,408,31,False,1.18,1,1,
48,0,23,0.2109177357500214,0.36431051563498407,0.8760277026051665,0.5021971443283592,0.2709594387334058,0.0,0.0,False,False,True,80,19,False,1.3900000000000001,1,1,
49,0,187,0.08852341163542289,0.33840580858409347,0.587082289838661,0.5234914556060972,0.49461928691683066,0.0,0.0,False,False,True,309,217,False,1.51,2,2,
50,0,74,0.13745691461993467,0.21933778578568278,1.0,0.7993679236921084,0.46324943981474637,0.0,0.0,False,False,True,218,48,False,1.27,1,1,
51,0,67,0.2295937186545033,0.13796429532540927,0.9095118909898496,0.6901679550582699,0.30924049309930235,0.0,0.0,False,False,True,171,69,False,1.51,2,2,
52,1,19,0.16562602750610758,0.3264557554738443,0.9879794204188576,0.5226057779123776,0.2300333687211463,0.03741834937017657,0.003712128203948726,False,False,False,-1,0,False,0.0,9,9,
53,0,14,0.4237787547875176,0.1419328037604367,0.45200163179680203,0.3120274960971606,0.17860431991831233,0.0,0.0,False,False,True,53,12,False,1.3599999999999999,0,0,
54,0,42,0.6238527963333881,0.28606333323675665,0.9332569836154694,0.46374335511229836,0.07466399300886782,0.0,0.0,False,False,True,117,49,False,1.27,1,1,
55,0,17,0.26085919954523124,0.21166697442918436,0.9224123498428385,0.37641502252303605,0.2001884205319451,0.0,0.0,False,False,False,-1,0,False,0.0,2,2,
56,0,21,0.13279987643499647,0.36779256122970894,0.9509311428305558,0.5141441999040566,0.5142108591440071,0.0,0.0,False,False,False,-1,0,False,0.0,8,8,
57,0,99,0.454390616989284,0.37542323092728935,0.9116753014627894,0.25062673693569604,0.2694807846956572,0.0,0.0,False,False,True,157,117,False,1.54,1,1,
58,0,43,0.4867518848763363,0.40961111695362057,1.0,0.2948658706878151,0.4131093932272928,0.0,0.0,False,False,True,130,40,False,1.45,0,0,
59,0,53,0.15694957550974648,0.39222484204711794,0.9450535586497667,0.6640272825164922,0.5609647126187953,0.0,0.0,False,False,True,124,54,False,1.27,0,0,
60,1,27,0.37040137202564627,0.626166735531655,0.9589915485614219,0.44351668738238526,0.42413190043747495,0.018924464839773173,0.00023788620660575082,False,False,True,115,36,False,1.3,1,1,
61,0,57,0.4146477544995711,0.10315536700303907,0.8835540081473119,0.6006796730656766,0.1578069625477675,0.0,0.0,False,False,True,379,33,False,1.3,1,1,
62,319,0,1.0,1.0,1.0,0.5367514674895116,0.5462570921623718,0.6346225304776792,0.507976792893873,True,False,False,-1,0,False,0.0,2,2,
63,0,50,0.3158585447553042,0.19939522676546012,0.9512210526622804,0.35074072247672294,0.39547032956434486,0.0,0.0,False,False,True,120,53,False,1.3599999999999999,1,1,
64,0,42,0.16624911679093848,0.2591289405049248,0.7960708673516467,0.34375022305251324,0.2506230148175068,0.0,0.0,False,False,True,111,58,False,1.3900000000000001,1,1,
65,0,79,0.13985204955330738,0.3188615427085193,0.929552704042235,0.5134668162365322,0.14279506985858825,0.0,0.0,False,False,True,170,72,False,1.15,1,1,
66,2,1,0.1313601195679426,0.1709000951253683,0.9243333869834326,0.6165241287792299,0.31052085043853983,0.21958094659623395,1.0096816543300895,False,False,False,-1,0,False,0.0,7,7,
67,5,0,0.6730559550226008,0.5894925156776342,0.9775561645562327,0.4676621347518811,0.11425208594087446,0.251866257250901,0.13662185966315385,False,False,False,-1,0,False,0.0,7,7,
68,0,22,0.2815146859979546,0.11911524046042289,0.9950301790156773,0.6772079954648852,0.4483281106246534,0.0,0.0,False,False,True,128,13,False,1.6,1,1,
69,0,161,0.13990731046338373,0.35663534719016454,0.29098111122013187,0.5728438151757177,0.3026218099315072,0.0,0.0,False,False,True,225,197,False,1.12,0,0,
70,130,0,1.0,1.0,0.9255121640961261,0.39216789790322865,0.5460650189454214,0.3114533111381652,0.04244161283186548,False,False,False,-1,0,False,0.0,0,0,
71,0,39,0.17285795522646338,0.2930678762833501,1.0,0.5915581922892433,0.33727430704025696,0.0,0.0,False,False,True,132,34,False,1.51,2,2,
72,0,4,0.46079322928574495,0.15317875068205378,0.9931367618395022,0.459072609076895,0.30333437247487627,0.0,0.0,False,False,False,-1,0,False,0.0,9,9,
73,0,0,0.3004990400612709,0.15324428864278686,0.9784762861216415,0.5288876106120856,0.14149611780491514,0.0,0.0,False,False,False,-1,0,False,0.0,5,5,
74,0,0,0.2715882374844592,0.2727212729185095,0.9559387817529759,0.4326810957127067,0.023737920961200122,0.0,0.0,False,False,False,-1,0,False,0.0,6,6,
75,1,0,0.3023931751802792,0.07077043984469335,1.0,0.5141957408237351,0.1939528650865138,0.0797626240415686,0.07843059997219594,False,False,False,-1,0,False,0.0,5,5,
76,0,78,0.2982703481283298,0.26270771002476856,0.6223084588403673,0.37284968073749053,0.03298885211941579,0.0,0.0,False,False,True,189,81,False,1.45,1,1,
77,0,62,0.6663089806213961,0.31722932017075295,0.8697160862814528,0.4192670879533703,0.2857138585352919,0.0,0.0,False,False,True,177,61,False,1.24,1,1,
78,14,7,0.5706117860018135,0.3814823930070459,1.0,0.4957177487508982,0.5520080755504106,0.34880923437516675,0.12217299916540147,False,False,False,-1,0,False,0.0,5,5,
79,0,23,0.3497343960970431,0.18542071926918918,0.9383348107043475,0.7727101684787958,0.3500712617435844,0.0,0.0,False,False,True,89,25,False,1.3599999999999999,1,1,
80,0,55,0.11992631379581863,0.050111422344003814,0.5043955399171193,0.4971342852486185,0.19462652110986298,0.0,0.0,False,False,True,86,59,False,1.66,2,2,
81,2,3,0.4553215590899564,0.4865527692053411,1.0,0.4979572441322503,0.35598040364040134,0.14664555383984615,0.14341910080455772,False,False,False,-1,0,False,0.0,7,7,
82,1,0,0.22542084437640092,0.06330874814115313,0.9967606308043362,0.4809405887979788,0.21181031303851025,0.08056627261086195,0.08166451475655553,False,False,False,-1,0,False,0.0,2,2,
83,0,68,0.25262568495680915,0.2551395749306274,1.0,0.36188566411458606,0.1797966982879574,0.0,0.0,False,False,True,172,75,False,1.3,1,1,
84,3,3,0.5634204861048692,0.30321319246700984,1.0,0.5126908778315138,0.21683342360557423,0.20252276225101626,0.42851994463868454,False,False,False,-1,0,False,0.0,3,3,
85,394,0,1.0,1.0,0.9407014229628851,0.4292943655647279,0.5174333812234503,0.6507288816788384,0.9695406112299032,True,False,False,-1,0,False,0.0,0,0,
86,0,0,0.30064356641621226,0.19770988278956256,1.0,0.49650312980551553,0.30208412845639276,0.0,0.0,False,False,False,-1,0,False,0.0,9,9,
87,0,1,0.2734214792138836,0.35783560671874837,0.9927576156535198,0.5158582382402443,0.23506999938259762,0.0,0.0,False,False,False,-1,0,False,0.0,2,2,
88,0,80,0.5433757607924914,0.08519524702117569,0.7789847250386538,0.4913072193821908,0.31781278378905486,0.0,0.0,False,False,True,165,91,False,1.33,1,1,
89,0,19,0.494742750386165,0.4428109213917878,0.9610198609743931,0.3057425921125137,0.4372860177648909,0.0,0.0,False,False,True,97,14,False,1.3599999999999999,1,1,
90,0,16,0.14559734838873442,0.5087907211861019,0.9252069286676716,0.5777283541291357,0.05922527862100546,0.0,0.0,False,False,False,-1,0,False,0.0,4,4,
91,2,1,0.1845003232475968,0.037063874975011235,0.9983782635374685,0.43187177024057977,0.3066754836844995,0.18352428488199385,0.39083702976745055,False,False,False,-1,0,False,0.0,4,4,
92,415,0,1.0,1.0,0.9361515779133144,0.3716257933794613,0.693076036033832,0.7265948349088972,1.5307072748325083,True,False,False,-1,0,False,0.0,1,1,
93,1,0,0.1422330188281927,0.42748928105771417,1.0,0.4937174913032376,0.3092477229409132,0.13501311418098663,0.6542558123199923,False,False,False,-1,0,False,0.0,7,7,
94,0,2,0.11484015902252315,0.07926593933648007,1.0,0.4596097968424236,0.2683611494739399,0.0,0.0,False,False,False,-1,0,False,0.0,8,8,
95,1,2,0.3669060938712688,0.4366674505421058,0.9583548409504701,0.4300225545948697,0.13290025100897288,0.025822161963313925,0.0008324392860412688,False,False,False,-1,0,False,0.0,11,11,
96,0,28,0.19107408761958247,0.3145953134081323,0.9374033773001436,0.5585280542807778,0.3681992304021731,0.0,0.0,False,False,True,204,14,False,1.3,1,1,
97,213,0,1.0,1.0,0.9797018914410354,0.5074971033416181,0.4994998244453995,0.4041966907723405,0.1019762438928482,False,False,False,-1,0,False,0.0,1,1,
98,37,203,1.0,1.0,0.6394335997705736,0.6117376844218994,0.6851650713903947,0.2639700270581437,0.008256344677856858,False,False,True,225,180,False,1.3599999999999999,1,1,
99,1,2,0.5023535316159092,0.5810023632654393,0.9888907927819739,0.43965475170062057,0.2952024785856871,0.08137801834384177,0.0850317729660095,False,False,False,-1,0,False,0.0,2,2,
100,2,25,0.35290078098535177,0.22404678826255164,1.0,0.5510007267667621,0.49433519797849673,0.08318493741887752,0.020416290648531232,False,False,False,-1,0,False,0.0,2,2,
101,1,81,0.37218489676420236,0.2203287500087442,0.9927049984532894,0.40971215750896217,0.30403890767272745,0.03092870198739587,0.0017227166180941945,False,False,True,411,47,False,1.21,1,1,
102,0,74,0.2744847853778223,0.2776481576621172,0.901257929749146,0.26403539720501595,0.056166295174498206,0.0,0.0,False,False,True,136,68,False,1.27,1,1,
103,0,0,0.12803944524820807,0.21701877612231432,1.0,0.5040692063834354,0.4180680264304725,0.0,0.0,False,False,False,-1,0,False,0.0,12,12,
104,246,14,1.0,1.0,0.9660666739137656,0.4688740346741068,0.17596102967626712,2.0,51.17068435710506,True,False,False,-1,0,False,0.0,8,8,
105,0,0,0.1803486393528997,0.36810964242548516,0.9727028132689927,0.41770726000829633,0.39068458148932494,0.0,0.0,False,False,False,-1,0,False,0.0,5,5,
106,0,85,0.27059539506757424,0.22753025862818974,0.9922719358234638,0.41439887470403697,0.16801433075898828,0.0,0.0,False,False,True,410,34,False,1.12,0,0,
107,2,2,0.46317977956418843,0.0,0.9526329107936057,0.4017566730703919,0.22414461345941003,0.09457876122594122,0.03168446159417481,False,False,False,-1,0,False,0.0,4,4,
108,287,1,1.0,1.0,0.9982448234663974,0.5373484501130834,0.5520661039690272,0.6220249563330711,0.6727049537984752,True,False,False,-1,0,False,0.0,1,1,
109,0,21,0.08848203400548674,0.15257886999687167,0.7706886335648635,0.4154512216693985,0.5419630263992614,0.0,0.0,False,False,True,85,23,False,1.27,1,1,
110,0,15,0.28713472677594337,0.5390733100677905,0.7231282513537055,0.41406876169575607,0.32314058700588427,0.0,0.0,False,False,True,51,12,False,1.63,2,2,
111,0,1,0.26681417395985485,0.48732441149997163,0.9464495047765235,0.4842498294678307,0.5664192872706851,0.0,0.0,False,False,False,-1,0,False,0.0,3,3,
112,4,0,0.6322824486788587,0.3111042198219065,0.9712188747937547,0.5060975512301908,0.19575827465823045,0.2915395891762499,0.8447062980939928,False,False,False,-1,0,False,0.0,4,4,
113,0,95,0.004907386952552292,0.16741709844273958,0.8247724429250182,0.32900232128790247,0.2893818552982346,0.0,0.0,False,False,True,248,80,False,1.42,1,1,
114,2,0,0.6626582281233105,0.30358482085160116,0.9886714587018959,0.5119906307317991,0.09238552925166324,0.09875666606099869,0.08520051083022905,False,False,False,-1,0,False,0.0,3,3,
115,0,0,0.4358677216609443,0.10582813499931368,1.0,0.5344624374991158,0.14276946174480531,0.0,0.0,False,False,False,-1,0,False,0.0,4,4,
116,2,0,0.2260276996273738,0.07308751593303477,0.9934418679120667,0.5001359415698265,0.10315028652961772,0.08127219620325522,0.018796312134451817,False,False,False,-1,0,False,0.0,9,9,
117,343,0,1.0,1.0,1.0,0.40353121341989723,0.6521276972590687,0.9864711324330906,2.5764751807452035,True,False,False,-1,0,False,0.0,1,1,
118,0,0,0.7770941238909594,0.04286727426336966,1.0,0.5494976830353365,0.33776166025615023,0.0,0.0,False,False,False,-1,0,False,0.0,2,2,
119,0,1,0.06743421312641532,0.37380608155718403,1.0,0.4695419916606864,0.33364630902762715,0.0,0.0,False,False,False,-1,0,False,0.0,6,6,
120,2,0,0.4868564971722781,0.34453453097705405,0.984355116713082,0.45272934634760953,0.2925973877803723,0.06172217251452296,0.0035327539159957727,False,False,False,-1,0,False,0.0,4,4,
121,1,1,0.337830817862118,0.13617971566485476,1.0,0.46470647064979387,0.18163445145038448,0.06559935694349998,0.035669949071146075,False,False,False,-1,0,False,0.0,6,6,
122,2,0,0.35034705924949683,0.2015029104410166,0.9958507415592709,0.49972496961060153,0.29889685861726867,0.07656963838088639,0.02305719935952566,False,False,False,-1,0,False,0.0,4,4,
123,2,0,0.4394209533241955,0.5297403453385591,0.9816300456243453,0.41489986919946203,0.30830467854877414,0.0522918691923487,0.0023280568752809113,False,False,False,-1,0,False,0.0,2,2,
124,0,1,0.19784179689952153,0.11781821770519095,0.9969568499382345,0.44781847208852116,0.055070943863623864,0.0,0.0,False,False,False,-1,0,False,0.0,3,3,
125,1,83,0.6377910467922456,0.4166295710079898,0.23355388622146964,0.4457004426920544,0.43244384751236276,0.01790925397163782,0.00019048294354016786,False,False,True,155,86,False,1.33,1,1,
126,0,1,0.03790185568888227,0.4571508656643017,1.0,0.3465243332715498,0.14763030286176912,0.0,0.0,False,False,False,-1,0,False,0.0,8,8,
127,0,0,0.4177387082509196,0.183839968892209,0.9514183891640302,0.5686366898851682,0.125297480447431,0.0,0.0,False,False,False,-1,0,False,0.0,4,4,
128,1,1,0.42047295846206134,0.2632337709857257,1.0,0.4313658448115707,0.06846642579255827,0.020300207476283406,0.00031564884265888887,False,False,False,-1,0,False,0.0,5,5,
129,0,0,0.26228064212900126,0.621401687217446,0.9994819372574101,0.48948809541545396,0.46499149798907263,0.0,0.0,False,False,False,-1,0,False,0.0,4,4,
130,2,0,0.5011071996833816,0.32965575498446875,1.0,0.48964691815378963,0.23817002972211532,0.07484045940210293,0.007430317643803639,False,False,False,-1,0,False,0.0,3,3,
131,2,1,0.2550992812568353,0.3361233297238979,1.0,0.4614735834860631,0.2908153939882791,0.1174135849417955,0.0656443007451023,False,False,False,-1,0,False,0.0,3,3,
132,202,0,1.0,1.0,1.0,0.5264205423742387,0.3595344439031843,0.4062278299219502,0.1171919337858537,False,False,False,-1,0,False,1.12,1,1,
133,0,0,0.06917764289341073,0.24339318892242295,1.0,0.502745983125382,0.2615901814964824,0.0,0.0,False,False,False,-1,0,False,0.0,4,4,
134,0,1,0.2285674399589191,0.47616700798665973,0.9487250160615389,0.4941400454976847,0.1785220324854199,0.0,0.0,False,False,False,-1,0,False,0.0,2,2,
135,0,45,0.1735217627030019,0.5078430160113862,0.7383104078727837,0.35423602624208345,0.06876160864690702,0.0,0.0,False,False,True,76,54,False,1.3,1,1,
136,0,1,0.4066318984163918,0.14276258023434704,1.0,0.5146495737880019,0.11764300388213295,0.0,0.0,False,False,False,-1,0,False,0.0,4,4,
137,3,0,0.5706170995163072,0.5056657971348923,1.0,0.4348625327205379,0.04475574507488752,0.1852513641787599,0.27932490621840506,False,False,False,-1,0,False,0.0,2,2,
138,0,2,0.05911395733296708,0.32614798699931863,0.9944607927380618,0.4903704663051961,0.19606985653873907,0.0,0.0,False,False,False,-1,0,False,0.0,6,6,
139,0,30,0.03614362311025596,0.3596764302274101,0.7756772479265384,0.7068365007131542,0.4386520970156156,0.0,0.0,False,False,True,61,30,False,1.27,1,1,
140,0,54,0.06667996801807745,0.6271237738576542,0.9112953898006779,0.4411918714164155,0.26262826037556164,0.0,0.0,False,False,True,134,51,False,1.15,0,0,
141,0,34,0.08027414667814232,0.07658279759725461,0.7629228499240951,0.8498239860397727,0.057048181178399805,0.0,0.0,False,False,True,60,32,False,1.27,0,0,
142,2,3,0.1270020500989993,0.5144581584316169,1.0,0.5114513243265902,0.08384015801467017,0.06708500968008817,0.009523364565653496,False,False,False,-1,0,False,0.0,7,7,
143,0,59,0.23970646755956573,0.28785274691320456,0.8400568253256577,0.5417548971142999,0.07906958036644253,0.0,0.0,False,False,True,136,66,False,1.09,0,0,
144,0,0,0.08188098127964001,0.2016038849513594,1.0,0.45875411870937643,0.37570139455820484,0.0,0.0,False,False,False,-1,0,False,0.0,6,6,
145,0,36,0.20989649237881441,0.5883423989060752,0.9587563220852635,0.5680604914629241,0.03610127064577961,0.0,0.0,False,False,True,267,19,False,1.12,0,0,
146,0,4,0.09780409365834013,0.2761937144294981,0.982801628094689,0.47358991657436805,0.04165236154184605,0.0,0.0,False,False,False,-1,0,False,0.0,7,7,
147,1,1,0.34774175386485057,0.49797976475607586,0.9984337738841088,0.5085706853877012,0.1375763595310598,0.017999250222751575,0.0001943703505511917,False,False,False,-1,0,False,0.0,6,6,
148,0,88,0.48788470763519964,0.7130133118914566,0.7928565150001453,0.40563160243053925,0.15266935605177184,0.0,0.0,False,False,True,179,95,False,1.24,1,1,
149,4,1,0.22530941599918558,0.2868896866494089,0.9565545090926799,0.5183466669633722,0.15843904577021525,0.18416603097767967,0.2618643853087923,False,False,False,-1,0,False,0.0,4,4,
150,1,2,0.38577443281999657,0.5545302503147419,1.0,0.5490996731520051,0.27586635041480834,0.07778839964226868,0.07089505042036941,False,False,False,-1,0,False,0.0,5,5,
151,0,26,0.6581062368543548,0.2485969382916036,0.9094756153243205,0.3708514801795515,0.501486197265983,0.0,0.0,False,False,True,104,21,False,1.21,0,0,
152,1,2,0.2174982383620791,0.34242039142747666,1.0,0.566898322170511,0.43288113136194967,0.0478358691314833,0.009989534655931531,False,False,False,-1,0,False,0.0,3,3,
153,0,18,0.17536672855276686,0.48373207426562065,0.9953046857920663,0.5145408915735701,0.2561759606342052,0.0,0.0,False,False,False,-1,0,False,0.0,7,7,
154,0,39,0.37382996149843445,0.6418112194958131,0.2065719527551915,0.6096111296895761,0.038462857054751894,0.0,0.0,False,False,True,80,34,False,1.42,1,1,
155,0,40,0.0618599502357757,0.35294781515904283,0.9237882249524322,0.5202508863369482,0.2555682911955934,0.0,0.0,False,False,True,327,13,False,1.06,0,0,
156,0,15,0.27297346324030486,0.25749775874345987,1.0,0.44124949281512715,0.42066422384054064,0.0,0.0,False,False,False,-1,0,False,0.0,0,0,
157,0,0,0.40774773273509307,0.061401106487844206,0.9752508778693642,0.5348531705822589,0.398380307538279,0.0,0.0,False,False,False,-1,0,False,0.0,1,1,
158,0,40,0.2794197389357075,0.16401657356681965,0.9308680867986182,0.30308842222583976,0.35988114518488884,0.0,0.0,False,False,True,157,34,False,1.12,0,0,
159,0,27,0.18008593063721123,0.4785800167015077,0.801838560148666,0.5430824176282503,0.09281556860616752,0.0,0.0,False,False,True,102,28,False,1.12,0,0,
160,0,3,0.10224217919983826,0.3732124613731174,0.9670708656209025,0.5841233339567911,0.13148685030677854,0.0,0.0,False,False,False,-1,0,False,0.0,5,5,
161,0,29,0.3871689866459682,0.3745126947271296,0.8472375900627115,0.432224738017288,0.17300418902345918,0.0,0.0,False,False,True,123,16,False,1.15,1,1,
162,1,2,0.05565030309894195,0.2963638603834727,0.9600933848441754,0.4899222054720327,0.3747452710013762,0.13299802657519613,0.6157803365090782,False,False,False,-1,0,False,0.0,5,5,
163,2,0,0.37105305121839766,0.44261766395504554,0.9591869049328132,0.4398247697216861,0.39954892014790155,0.10050791919252769,0.07280523775279876,False,False,False,-1,0,False,0.0,3,3,
164,0,26,0.16741603309516823,0.18883557108809074,0.9501725282217244,0.4261002372544811,0.314810172868897,0.0,0.0,False,False,False,-1,0,False,0.0,2,2,
165,0,20,0.14610273579338504,0.19917392782035592,0.7020211025950697,0.32819055086334564,0.1728540256266303,0.0,0.0,False,False,True,103,19,False,1.24,1,1,
166,0,0,0.06241821713864225,0.41052960363241414,0.9760355485815178,0.4990587417806406,0.11505020760325413,0.0,0.0,False,False,False,-1,0,False,0.0,0,0,
167,244,0,1.0,1.0,1.0,0.5263588892416929,0.5399768073290884,0.5432890970906181,0.3121508127874409,True,False,False,-1,0,False,0.0,0,0,
168,0,1,0.05870211275592916,0.2520791061523549,0.9968227968145238,0.4625411239807968,0.1878606583238482,0.0,0.0,False,False,False,-1,0,False,0.0,6,6,
169,0,2,0.07583166520201215,0.5218232771558944,1.0,0.5245799146842768,0.14381219381833313,0.0,0.0,False,False,False,-1,0,False,0.0,4,4,
170,3,18,0.4503264553672688,0.17127014930997264,0.9954697231780479,0.6230609314784983,0.4522875438223485,0.2328554428208748,0.6517427870733417,False,False,False,-1,0,False,0.0,5,5,
171,1,16,0.16848891163481894,0.0,0.9797542097367258,0.5161845348297431,0.09790619402608709,0.029712988846109,0.0014656235970616886,False,False,True,144,13,False,1.18,1,1,
172,1,0,0.3251018822537154,0.35745680284400366,1.0,0.4506229360100591,0.10599734436911847,0.02883266754707352,0.0012983114966715861,False,False,False,-1,0,False,0.0,4,4,
173,0,19,0.11420940838817081,0.59456411426275,0.6978971435398367,0.6543146165208769,0.5261927286653012,0.0,0.0,False,False,True,55,20,False,1.42,1,1,
174,1,2,0.39804456257385934,0.18274439194826436,1.0,0.5162299412509729,0.21501142575465632,0.02407219713062406,0.0006273611596921231,False,False,False,-1,0,False,0.0,1,1,
175,1,0,0.23100271347004256,0.5194433323493732,1.0,0.4562779038815199,0.07619824976310795,0.04831783958130683,0.01040143133687165,False,False,False,-1,0,False,0.0,6,6,
176,1,4,0.29559279580106507,0.33890732801964485,1.0,0.49330167710914924,0.3085370026530412,0.020920015025724856,0.0003563261924215266,False,False,False,-1,0,False,0.0,3,3,
177,1,29,0.30057403391710524,0.6486945665435916,0.8516448405383312,0.7903642137526641,0.2957275037154988,0.021343698091347334,0.0003863166660279412,False,False,True,88,32,False,1.18,0,0,
178,1,25,0.40623840003735817,0.4445591379384751,0.9984748817728616,0.5234136837293213,0.3350019333891328,0.027560846424495803,0.0010824643048977804,False,False,True,130,24,False,1.33,1,1,
179,0,0,0.22484109560811652,0.3533896218299489,1.0,0.49622580206516087,0.21162162050358413,0.0,0.0,False,False,False,-1,0,False,0.0,3,3,
180,0,4,0.15580473942056244,0.3193519621740409,0.9963885676698438,0.5753281881143676,0.19515780006703634,0.0,0.0,False,False,False,-1,0,False,0.0,6,6,
181,211,0,1.0,1.0,0.9889829412583728,0.5710068694720642,0.5695422539519612,0.4964167683110097,0.21453570938577884,True,False,False,-1,0,False,0.0,0,0,
182,532,0,1.0,1.0,1.0,0.5532287513621482,0.5742279621591806,0.9914282738021011,3.0418222979052794,True,False,False,-1,0,False,0.0,1,1,
183,2,2,0.4266204771293722,0.0,0.9440599615092589,0.4131067119244406,0.22311098535276222,0.038560721548133,0.0005974302553552925,False,False,False,-1,0,False,0.0,4,4,
184,1,2,0.36675964833030245,0.12500273276947604,1.0,0.44332772108321894,0.23739397327358575,0.13705873290188894,0.6951353308570327,False,False,False,-1,0,False,0.0,2,2,
185,0,22,0.5344512905404525,0.48408838770697404,0.7848561823013147,0.8009210933363906,0.18356756620217296,0.0,0.0,False,False,True,75,20,False,1.27,1,1,
186,0,44,0.46666160397417683,0.2922690783633441,0.9386210640172329,0.4214966196064477,0.12104226737145107,0.0,0.0,False,False,True,160,34,False,1.09,0,0,
187,2,1,0.2979677395082611,0.3127471900067387,0.9895687438791522,0.48704511617717483,0.1303084430618602,0.12074738054686801,0.19896449892469956,False,False,False,-1,0,False,0.0,3,3,
188,1,1,0.2701443963289357,0.05000393693765906,1.0,0.4976798251449032,0.20942301255205956,0.13167137126010853,0.5913954351833186,False,False,False,-1,0,False,0.0,6,6,
189,1,18,0.6328522071763938,0.5853849127515783,0.9723095912299605,0.4620843997912422,0.21539940887389544,0.017205295706178212,0.0001620558447965088,False,False,False,-1,0,False,0.0,6,6,
190,4,1,0.4188790083218147,0.20295223329178225,0.9720900884241478,0.5321051838637281,0.10120176475237969,0.21607778869120384,0.4178902295122929,False,False,False,-1,0,False,0.0,7,7,
191,0,0,0.20112897262583077,0.3407013728855488,0.937392868724993,0.4222479600101042,0.18514616847683815,0.0,0.0,False,False,False,-1,0,False,0.0,3,3,
192,0,2,0.1691383380260194,0.21099603776605472,0.9872703342510754,0.49505369939483984,0.11908713985625477,0.0,0.0,False,False,False,-1,0,False,0.0,3,3,
193,1,1,0.6048989776313225,0.17115342127226246,0.9760271577890375,0.5318621557933293,0.20185189241116352,0.09132217635538604,0.13532607744362551,False,False,False,-1,0,False,0.0,6,6,
194,0,18,0.09769940554182745,0.3604360384101381,0.8740675797525029,0.42550620262509786,0.0744256501691739,0.0,0.0,False,False,True,73,12,False,1.24,1,1,
195,0,14,0.3229580415432224,0.5738333783124691,1.0,0.5891426465979307,0.1580646281195755,0.0,0.0,False,False,False,-1,0,False,0.0,3,3,
196,4,1,0.580904886947767,0.46398724965319615,0.9398652488441885,0.4328558799885767,0.19124610247933094,0.1454366872991273,0.023162742652218314,False,False,False,-1,0,False,0.0,4,4,
197,1,1,0.33510712457415825,0.10551708361248302,0.9991792269309175,0.4619987808814341,0.09483072060467108,0.05422213955507638,0.016553634641732245,False,False,False,-1,0,False,0.0,5,5,
198,161,0,1.0,1.0,0.9610281934748415,0.5209849856087022,0.6081553446044625,0.373045706121183,0.06391518872501607,True,False,False,-1,0,False,0.0,0,0,
199,0,13,0.22432985339980524,0.08694748356171132,0.6918584327036467,0.3106419213516896,0.43199899086103116,0.0,0.0,False,False,True,64,12,False,1.24,1,1,
200,0,28,0.25825294513848057,0.13851236226145833,0.9828502855983607,0.2583356541802978,0.14268089087973934,0.0,0.0,False,False,True,140,21,False,1.21,1,1,
201,2,1,0.6188348759544859,0.2554822922855358,0.9772370842249845,0.530053074248362,0.12167406049440482,0.07240984038442008,0.0066687528235186136,False,False,False,-1,0,False,0.0,3,3,
202,0,57,0.38539306773869103,0.233395511300096,0.7933577720917797,0.2763943068833508,0.3701742600313372,0.0,0.0,False,False,True,126,58,False,1.33,1,1,
203,0,0,0.4398512834723737,0.25130299638701264,0.994469992093759,0.4086195198289444,0.06307047770767654,0.0,0.0,False,False,False,-1,0,False,0.0,3,3,
204,1,1,0.16406939161271394,0.020380464146476686,1.0,0.46157564590104566,0.23004811059809924,0.13233303644232014,0.6034647297788965,False,False,False,-1,0,False,0.0,4,4,
205,3,1,0.2997885972203657,0.5109288824291998,0.9059772350443274,0.4695699565787595,0.31786856827932475,0.2791479788229182,1.1016141806354416,False,False,False,-1,0,False,0.0,2,2,
206,0,1,0.0980145346642249,0.09900846160025231,0.9824670233754055,0.48763363695575956,0.13282690700970012,0.0,0.0,False,False,False,-1,0,False,0.0,2,2,
207,0,1,0.35259134070755227,0.2718914730178422,1.0,0.43403385902164215,0.20930039429805664,0.0,0.0,False,False,False,-1,0,False,0.0,5,5,
208,0,61,0.20507648622885194,0.616647971582123,0.8410310797643173,0.479119632994713,0.3351908872691424,0.0,0.0,False,False,True,165,73,False,1.09,0,0,
209,1,0,0.3589384310272707,0.2632786879467797,0.986017909500253,0.4535850193247551,0.1292980738567781,0.12398476619620823,0.46407788832877006,False,False,False,-1,0,False,0.0,1,1,
210,1,2,0.27754821610326946,0.12186617289617886,0.9632369243586469,0.506202476305489,0.04413718784145885,0.03741834937017657,0.003712128203948726,False,False,False,-1,0,False,0.0,9,9,
211,1,29,0.1344681307869888,0.16388111867606814,1.0,0.4865160592812625,0.035775931035207355,0.02701374985977188,0.0009984306091742447,False,False,False,-1,5,False,0.0,3,3,
212,2,2,0.4695346429683409,0.6008727097051939,1.0,0.5742835567323253,0.0608638799164432,0.1776400903551684,0.6605327092710112,False,False,False,-1,0,False,0.0,3,3,
213,2,8,0.18421098437889163,0.004087855189742515,0.9372758943651696,0.44544154436616423,0.6093328401326653,0.14093238351900067,0.22796065635439677,False,False,False,-1,0,False,0.0,2,2,
214,0,25,0.1208380348150934,0.10131725678105818,1.0,0.53906902003301,0.3300761699979478,0.0,0.0,False,False,False,-1,0,False,0.0,7,7,
215,1,1,0.21258901447981943,0.2672431309067292,1.0,0.4396372439335989,0.1582078381504968,0.025951921571169774,0.0008494278428992539,False,False,False,-1,0,False,0.0,5,5,
216,2,3,0.6002353241704946,0.31041198545290266,0.9820641339703654,0.4920235763598933,0.16342674926746592,0.135219770650719,0.08068135800420534,False,False,False,-1,0,False,0.0,6,6,
217,1,75,0.6823243067520964,0.25437142982395333,0.7338052131767299,0.35062982023103983,0.44903071174017506,0.02232862306964447,0.0004633495687483912,False,False,True,200,70,False,1.18,1,1,
218,1,2,0.28126550021468494,0.30214294958558213,1.0,0.5321895691995788,0.014944073589225206,0.14338343675363394,0.8337477621301497,False,False,False,-1,0,False,0.0,6,6,
219,0,4,0.21096660003541415,0.06918734217703994,1.0,0.4663037777560038,0.2753024011924069,0.0,0.0,False,False,False,-1,0,False,0.0,2,2,
220,0,13,0.2969931146233592,0.017743667834511846,0.6229948292758019,0.4194061271921548,0.26119848268890916,0.0,0.0,False,False,True,59,16,False,1.21,1,1,
221,1,15,0.3685077263473479,0.2534214025708152,0.9927516465559457,0.5277064537046962,0.0009053084188584076,0.030620188185071593,0.0016544970400176645,False,False,False,-1,0,False,0.0,1,1,
222,0,20,0.07009383288798166,0.6464622180414261,1.0,0.35468557574010756,0.2247418594242001,0.0,0.0,False,False,True,106,18,False,1.18,1,1,
223,1,0,0.4327425050939228,0.7451422324465942,0.9807811360874638,0.48010456139001456,0.05572499089479515,0.02701374985977188,0.0009984306091742447,False,False,False,-1,0,False,0.0,4,4,
224,0,39,0.29117276579184254,0.3446969381766076,0.4485556354013666,0.3789352506084064,0.3623190630993933,0.0,0.0,False,False,True,69,41,False,1.3599999999999999,1,1,
225,1,3,0.22303925890797432,0.37608915173787383,0.9420265424449363,0.48785756260559915,0.10490363316923458,0.023125992326967125,0.0005337356764700849,False,False,False,-1,0,False,0.0,4,4,
226,280,2,1.0,1.0,0.9847538166719659,0.4802480052807797,0.3565631614940112,0.6507288816788384,0.6480855806926685,True,False,False,-1,0,False,1.15,0,0,
227,0,36,0.4240178474521218,0.1578984146724654,1.0,0.4963861047481087,0.5389484346653131,0.0,0.0,False,False,True,162,13,False,1.18,1,1,
228,2,1,0.36528974271635595,0.4564902418786808,0.916626414947728,0.5028638371496377,0.2313923844093428,0.08485842486434488,0.02647105686059635,False,False,False,-1,0,False,0.0,4,4,
229,1,2,0.3873359388400728,0.5537033906705954,0.9515390735767284,0.5147279910506342,0.3068535313119594,0.022105895054524767,0.00044500092582595494,False,False,False,-1,0,False,0.0,6,6,
230,0,76,0.09124518802237885,0.2940439889065643,0.799878771535471,0.5272484509515631,0.23159796218282172,0.0,0.0,False,False,True,189,69,False,1.12,0,0,
231,0,1,0.2978586938543235,0.5147593898288235,1.0,0.4998244091466687,0.12840421182827658,0.0,0.0,False,False,False,-1,0,False,0.0,2,2,
232,0,28,0.05028899406036809,0.23508242420545994,0.9915231722207447,0.4194357251155264,0.48916608611272466,0.0,0.0,False,False,False,-1,1,False,0.0,4,4,
233,1,1,0.41712541101504513,0.46922847993192246,0.991888935314119,0.41577952957923386,0.2667014298156567,0.03779535806689384,0.0038651897167312848,False,False,False,-1,0,False,0.0,3,3,
234,0,0,0.44043235993540875,0.5791428129974119,1.0,0.5338283040185773,0.1719023350089464,0.0,0.0,False,False,False,-1,0,False,0.0,6,6,
235,0,45,0.2538246889704842,0.37212422194985406,0.9303701021629185,0.45612642084555544,0.357288889863219,0.0,0.0,False,False,True,366,14,False,1.09,0,0,
236,0,36,0.202432119430477,0.23151757682794252,0.9254003014699911,0.21328991236428443,0.2016044301684906,0.0,0.0,False,False,True,92,36,False,1.24,0,0,
237,2,1,0.4034652512975257,0.592000819210004,1.0,0.43976634264041237,0.20199627626551164,0.1818133269292331,0.26719012819051996,False,False,False,-1,0,False,0.0,3,3,
238,0,1,0.2733314106036234,0.5794165259794295,0.9994205047110092,0.4843999184231865,0.3403297336788299,0.0,0.0,False,False,False,-1,0,False,0.0,3,3,
239,0,33,0.2626437374316612,0.20695215257221566,0.7863004549027454,0.5672358948090875,0.0787546251007107,0.0,0.0,False,False,True,153,19,False,1.18,0,0,
240,1,0,0.12222021202273024,0.6107027139395025,0.9606359548011266,0.45571020801152284,0.10596878165089302,0.028402336379850006,0.0012219603941753235,False,False,False,-1,0,False,0.0,5,5,
241,0,2,0.25049904209232937,0.3663157219608317,1.0,0.4699818111113364,0.4253602118013329,0.0,0.0,False,False,False,-1,0,False,0.0,4,4,
242,0,1,0.35068785444908906,0.08671533289555775,1.0,0.4704273025857066,0.3953778939077066,0.0,0.0,False,False,False,-1,0,False,0.0,4,4,
243,0,0,0.5137166124400142,0.2480954253840689,1.0,0.4685893046865248,0.27789361053810036,0.0,0.0,False,False,False,-1,0,False,0.0,2,2,
244,0,89,0.255334200876773,0.3868037393312094,1.0,0.30639795554325944,0.2955053576056886,0.0,0.0,False,False,True,195,101,False,1.18,1,1,
245,4,1,0.4970218759715409,0.4329228203392421,1.0,0.43199811888927586,0.05497846504435682,0.106693735271667,0.010156689022375258,False,False,False,-1,0,False,0.0,4,4,
246,1,0,0.21942939227091954,0.06003429296413916,1.0,0.5265603861872028,0.25196732503539426,0.03219415628564114,0.002024907726791319,False,False,False,-1,0,False,0.0,2,2,
247,0,0,0.29122766571657743,0.11305553011292259,0.9306435491106353,0.5200587418441872,0.25567416420426525,0.0,0.0,False,False,False,-1,0,False,0.0,4,4,
248,1,0,0.11661416054190911,0.16367977393559957,0.9339312878083895,0.3953440203455581,0.08570715176904439,0.056724271069303445,0.01985448764436766,False,False,False,-1,0,False,0.0,4,4,
249,2,1,0.548574281229677,0.34737956570947653,1.0,0.5022549947792411,0.09918530174482577,0.2770045681799475,1.4582435029611391,False,False,False,-1,0,False,0.0,4,4,
250,0,0,0.18959793200117536,0.2994684770316651,0.9282085453631161,0.4727333183683675,0.4685085756525117,0.0,0.0,False,False,False,-1,0,False,0.0,3,3,
251,0,4,0.16579430142186763,0.1028618656014564,0.9303195277924545,0.4499244073832726,0.04279469465558309,0.0,0.0,False,False,False,-1,0,False,0.0,1,1,
252,0,0,0.1860717193281756,0.38748219309214543,0.9918755969497747,0.45121154683940184,0.5021000432181002,0.0,0.0,False,False,False,-1,0,False,0.0,2,2,
253,1,0,0.20702876928087222,0.44007182463183975,1.0,0.5305931781964887,0.34745463215113187,0.08950938555071983,0.12482046505169436,False,False,False,-1,0,False,0.0,3,3,
254,1,1,0.2486059838000829,0.39456830897916984,0.9988165138021623,0.504771792681468,0.5080086642882705,0.05729579664079538,0.020673144152819303,False,False,False,-1,0,False,0.0,3,3,
255,2,2,0.8021806494315238,0.1858691366985148,0.9937414535948308,0.3578511326531221,0.14245671430653933,0.12702382667302356,0.2802339184992786,False,False,False,-1,0,False,0.0,3,3,
256,2,0,0.44333499754429617,0.1113282124332108,1.0,0.36767391724355236,0.2849761557419682,0.09565364113409096,0.04901868304257779,False,False,False,-1,0,False,0.0,3,3,
257,0,1,0.23956623211614778,0.6652928131109284,1.0,0.47889552320129974,0.15770614339889444,0.0,0.0,False,False,False,-1,0,False,0.0,6,6,
258,0,38,0.11031065785302423,0.4347597408772379,0.9688187529356872,0.4309172429272471,0.05007377392470402,0.0,0.0,False,False,True,113,42,False,1.24,1,1,
259,0,26,0.3175515354993677,0.40300782258735585,0.9777678913820641,0.10691169078761964,0.1884098120143259,0.0,0.0,False,False,True,78,23,False,1.24,1,1,
260,3,3,0.3423455752841484,0.18170941683641767,1.0,0.5066599245724307,0.1825398384887569,0.14724599139146244,0.24382226395817835,False,False,False,-1,0,False,0.0,4,4,
261,0,4,0.26769535186149357,0.4782476970912007,0.9821751707582931,0.438705025630002,0.18547841289431982,0.0,0.0,False,False,False,-1,0,False,0.0,2,2,
262,0,15,0.5702209102099747,0.14784532331977787,1.0,0.6776828666653745,0.34408478442334073,0.0,0.0,False,False,True,72,14,False,1.18,1,1,
263,1,0,0.44727124359741144,0.1606204675362246,0.9733598386113468,0.41798575789303377,0.21371146112127365,0.022440827205672833,0.0004728056823963176,False,False,False,-1,0,False,0.0,4,4,
264,2,0,0.34507206217091013,0.09525359413491621,1.0,0.4677485352732486,0.2571991015406657,0.091545813903899,0.021471288647280633,False,False,False,-1,0,False,0.0,4,4,
265,343,0,1.0,1.0,0.9847587496647845,0.5076654986754383,0.578438638621496,0.6507288816788384,0.554988191069126,True,False,False,-1,0,False,0.0,0,0,
266,1,22,0.2814552114519708,0.3842970805295562,0.9958041839863232,0.34549082774193846,0.43215746550684553,0.021343698091347334,0.0003863166660279412,False,False,True,120,13,False,1.18,0,0,
267,0,66,0.20614667486652466,0.39341502419341096,0.8756980423312738,0.3467581342007112,0.48944052385238,0.0,0.0,False,False,True,129,68,False,1.12,0,0,
268,1,0,0.40522397922374176,0.36090731244389074,1.0,0.5200124375342424,0.2655097726363649,0.022780834000738097,0.0005023477488082321,False,False,False,-1,0,False,0.0,0,0,
269,1,24,0.10403066095404075,0.5420739672100927,0.8580107066693433,0.8277417071367672,0.5627832622303106,0.021025140729371714,0.00036359815553217,False,False,True,87,32,False,1.18,1,1,
270,1,2,0.4992959979539655,0.5376928802891551,1.0,0.5351007544094761,0.3490936683216257,0.09178108176420709,0.13808783412614847,False,False,False,-1,0,False,0.0,3,3,
271,1,0,0.37065273997475806,0.13839201556555808,0.9960444859299297,0.5109521931552816,0.11146750349658201,0.017730609163270728,0.0001829398189759772,False,False,False,-1,0,False,0.0,4,4,
272,0,1,0.10351879880409362,0.2430360515634801,1.0,0.40754920482532453,0.2916317227686332,0.0,0.0,False,False,False,-1,0,False,0.0,4,4,
273,0,21,0.236916286587104,0.1763782987625679,0.9606680164117235,0.7075403846635256,0.4141816370446449,0.0,0.0,False,False,True,106,15,False,1.09,0,0,
274,0,0,0.16819344743039777,0.7072368383627239,0.9665156857893223,0.4361424149815236,0.10389642233999007,0.0,0.0,False,False,False,-1,0,False,0.0,2,2,
275,1,1,0.1140936478522958,0.26246482440511437,1.0,0.482533833789184,0.4795688289266696,0.1185157458820541,0.38692390084819756,False,False,False,-1,0,False,0.0,4,4,
276,3,0,0.5692847127501411,0.29737286088383674,1.0,0.47544166030646506,0.16631700498646118,0.2297247192373054,0.9769943604951264,False,False,False,-1,0,False,0.0,3,3,
277,1,54,0.2983025310344023,0.05161990051015515,0.9856147104423487,0.11636706232784891,0.12745024617754838,0.029712988846109,0.0014656235970616886,False,False,True,207,58,False,1.15,1,1,
278,1,1,0.16425581934254568,0.08478485386586394,0.9999421198990183,0.47084012193874714,0.03340448805781837,0.03836800534263331,0.004106696313537816,False,False,False,-1,0,False,0.0,4,4,
279,1,0,0.1360372623806224,0.7647124140277567,1.0,0.4115054465373135,0.0834508574436,0.04481812863596217,0.007682175808701076,False,False,False,-1,0,False,0.0,4,4,
280,3,1,0.46865974260309073,0.260653527947039,1.0,0.5226587595164265,0.19944289872910595,0.23576142352762505,0.6679876561556939,False,False,False,-1,0,False,0.0,4,4,
281,0,22,0.5168801101246394,0.27802422029855745,0.9765670858995603,0.18747681569944585,0.15036608265014284,0.0,0.0,False,False,True,76,22,False,1.18,1,1,
282,0,34,0.38472425211880856,0.5291147788142215,0.9564336385077779,0.35332407579764363,0.28551470988204014,0.0,0.0,False,False,True,119,13,False,1.12,0,0,
283,0,27,0.1856060234905607,0.37286715031004847,0.36868385879621046,0.44981154394611156,0.21740290366814188,0.0,0.0,False,False,True,95,26,False,1.21,0,0,
284,0,38,0.37403395210729895,0.3278440685625498,0.8778121381743436,0.41968853941146606,0.049582084338297944,0.0,0.0,False,False,True,128,26,False,1.12,0,0,
285,233,0,1.0,1.0,0.9784359414014911,0.41864620309566164,0.6369883198684799,0.4581584859369382,0.18960749116977701,True,False,False,-1,0,False,0.0,1,1,
286,0,0,0.19164786627307687,0.5087576368286217,0.9688922105347947,0.5089806905362537,0.4351890835682775,0.0,0.0,False,False,False,-1,0,False,0.0,2,2,
287,0,0,0.10576624303577001,0.09441279079533019,1.0,0.48708872520299534,0.2094933587714145,0.0,0.0,False,False,False,-1,0,False,0.0,2,2,
288,0,69,0.6228610699254715,0.196478894918989,0.9654089909797344,0.6088033843460912,0.14428665754840453,0.0,0.0,False,False,True,212,84,False,1.12,0,0,
289,1,0,0.4083934536549767,0.3334254936342481,0.9841444505087922,0.48052697779720444,0.09368146920063784,0.022553595181580736,0.0004824547779554261,False,False,False,-1,0,False,0.0,4,4,
290,0,0,0.21081593341366175,0.6059028740110166,0.9772818316955884,0.5277449085743366,0.4301091887570458,0.0,0.0,False,False,False,-1,0,False,0.0,1,1,
291,1,2,0.4023651459236502,0.0,0.9580792913069052,0.45787084258044836,0.09373702090038397,0.12091598863895926,0.41948965459540316,False,False,False,-1,0,False,0.0,4,4,
292,1,1,0.3620230376096429,0.7337547447149646,0.9707381833076942,0.5340255246843989,0.35859947375621415,0.04327282854938486,0.006669092970423673,False,False,False,-1,0,False,0.0,6,6,
293,272,0,1.0,1.0,1.0,0.5122839563749453,0.6027719456452519,0.7265948349088972,0.7826882219326974,True,False,False,-1,0,False,0.0,0,0,
294,1,1,0.28576075900550096,0.5103448398532456,0.9813934628069386,0.5321336370382708,0.23897589707888453,0.03934176303206054,0.004543203705541535,False,False,False,-1,0,False,0.0,3,3,
295,1,1,0.4445970653514508,0.12609372465495094,0.9782927958410854,0.5011417833491653,0.20002764703330878,0.03836800534263331,0.004106696313537816,False,False,False,-1,0,False,0.0,2,2,
296,292,0,1.0,1.0,1.0,0.37779473339920167,0.5906702267350095,0.5460191930558976,0.4394171553787751,True,False,False,-1,0,False,0.0,2,2,
297,0,21,0.07392139947259088,0.040493937602521596,0.9783968932326578,0.4464440623220833,0.09701924049773546,0.0,0.0,False,False,False,-1,0,False,0.0,4,4,
298,1,27,0.4315578150581484,0.2732206699912738,1.0,0.4727896200234941,0.07350832320145122,0.02395183614497094,0.0006148139364982807,False,False,False,-1,0,False,0.0,6,6,
299,0,50,0.13324656703624854,0.3690399655049793,0.9181680578945052,0.6744387717789647,0.2670471048515019,0.0,0.0,False,False,True,137,41,False,1.18,1,1,
300,3,0,0.22869680564356082,0.5017147221377408,1.0,0.5597594598181773,0.07712833396057081,0.21596053775736493,0.16319144880386094,False,False,False,-1,0,False,0.0,4,4,
301,1,4,0.18426926374243632,0.0,0.9800329897388329,0.43439178040661097,0.1626926024373003,0.01790925397163782,0.00019048294354016786,False,False,False,-1,0,False,0.0,6,6,
302,0,0,0.16228746572955255,0.28739466291031285,1.0,0.5351504653177647,0.19069446331504636,0.0,0.0,False,False,False,-1,0,False,0.0,4,4,
303,0,15,0.25286356754567973,0.3430166004121236,0.7710296328755265,0.4908095654652642,0.17849617575357363,0.0,0.0,False,False,True,70,12,False,1.21,1,1,
304,0,0,0.3332793243532599,0.3861827156687303,1.0,0.5190830924818371,0.49551788759525983,0.0,0.0,False,False,False,-1,0,False,0.0,3,3,
305,0,0,0.5381118287306027,0.2194684700093628,0.9078530016327395,0.5271938471439956,0.24386723904555566,0.0,0.0,False,False,False,-1,0,False,0.0,1,1,
306,3,2,0.4024603222577402,0.24470075692588006,1.0,0.42474503991314677,0.008871624897194338,0.13795507271328414,0.0585877953444305,False,False,False,-1,0,False,0.0,2,2,
307,0,98,0.32949624212501855,0.3796539595575581,0.9030566370710997,0.3971028319359445,0.2769468193456757,0.0,0.0,False,False,True,190,111,False,1.12,0,0,
308,0,35,0.14817395316804507,0.21962254236728276,0.609259582310385,0.9413678031176738,0.5457036901809896,0.0,0.0,False,False,True,98,37,False,1.18,1,1,
309,222,0,1.0,1.0,1.0,0.4619828546869919,0.6222873651801277,0.4021757073184788,0.13191943820341728,True,False,False,-1,0,False,0.0,1,1,
310,2,0,0.18354617326933576,0.014330781981190852,1.0,0.491639281542427,0.36532104610283506,0.07958256612369269,0.009957453456682011,False,False,False,-1,0,False,0.0,2,2,
311,1,0,0.3031852637032473,0.5214204856104098,0.9552565358069258,0.46289362296780473,0.21874615523630878,0.03576781020229393,0.003094978582782463,False,False,False,-1,0,False,0.0,2,2,
312,2,2,0.42458631889356824,0.30873285157918884,1.0,0.5167837328607572,0.4096741939626887,0.14349558500558762,0.3178332600036478,False,False,False,-1,0,False,0.0,4,4,
313,0,2,0.11631787141470211,0.408829978820932,1.0,0.47418564873420127,0.2390729207028095,0.0,0.0,False,False,False,-1,0,False,0.0,4,4,
314,0,1,0.557496193154058,0.03919034763592566,1.0,0.5197367783613424,0.09409580147518436,0.0,0.0,False,False,False,-1,0,False,0.0,4,4,
315,1,0,0.1409562139093521,0.1456288158341627,1.0,0.5122823014551277,0.0894333068147237,0.03219415628564114,0.002024907726791319,False,False,False,-1,0,False,0.0,2,2,
316,0,1,0.21641012854436367,0.29017237448787164,0.9972688532142878,0.5319633183331514,0.47451570237884166,0.0,0.0,False,False,False,-1,0,False,0.0,1,1,
317,1,1,0.09463979293574837,0.2966195192211648,0.7962053714669709,0.48014894374806744,0.4439450641070098,0.06726423051914648,0.03946136563891709,False,False,False,-1,0,False,0.0,3,3,
318,0,16,0.3017939704748125,0.4947331818907173,0.9934581583510025,0.5074282468346555,0.2632501970247423,0.0,0.0,False,False,True,74,12,False,1.15,1,1,
319,4,1,0.2329202717700933,0.3403708888118754,1.0,0.45646790929664355,0.36723001136318517,0.247476831761089,0.42104533200874783,False,False,False,-1,0,False,0.0,7,7,
320,1,1,0.28618104722429877,0.2532363528119864,0.9102759961871356,0.4410941196994853,0.37672067709018336,0.0851332833690562,0.10198740773679685,False,False,False,-1,0,False,0.0,6,6,
321,1,0,0.3399389620166905,0.25866613825328905,1.0,0.43350559968367114,0.44821921030467615,0.04880466612591281,0.010830311679374895,False,False,False,-1,0,False,0.0,2,2,
322,1,0,0.4534271728273605,0.01890403443501626,1.0,0.5254458443254715,0.21449205213553077,0.08729391665104468,0.11282781422647412,False,False,False,-1,0,False,0.0,4,4,
323,0,3,0.5845659893341466,0.23681094084085066,1.0,0.4033945888903225,0.2853523861852946,0.0,0.0,False,False,False,-1,0,False,0.0,4,4,
324,0,0,0.16775932309018007,0.11654614336256915,0.9874450293133725,0.5187283647691721,0.48357580272188133,0.0,0.0,False,False,False,-1,0,False,0.0,2,2,
325,1,1,0.08503273566499361,0.46742624499990604,1.0,0.5383697749946214,0.27724121070244406,0.056440649713956924,0.019457397891480308,False,False,False,-1,0,False,0.0,5,5,
326,1,0,0.29127628487806956,0.24204531419006103,0.9487902839568301,0.43236981651874346,0.48051147055940024,0.055043673258924994,0.017587946605721515,False,False,False,-1,0,False,0.0,0,0,
327,0,0,0.4227658497652345,0.6252290400527682,1.0,0.474030049185599,0.10757552214372515,0.0,0.0,False,False,False,-1,0,False,0.0,2,2,
328,0,0,0.24638016123863124,0.39243636248047525,1.0,0.5165858777881004,0.34436736899153236,0.0,0.0,False,False,False,-1,0,False,0.0,3,3,
329,0,7,0.21719341398027298,0.039664339489665794,1.0,0.43276808503687414,0.1446012048289485,0.0,0.0,False,False,False,-1,0,False,0.0,1,1,
330,0,32,0.4340229667119407,0.49703614055690953,0.9212693339878822,0.5113977159548788,0.4137573477587498,0.0,0.0,False,False,True,185,16,False,1.09,0,0,
331,0,3,0.44745002651308197,0.46120974017071853,0.9999275747730216,0.4420535041674708,0.1935316112592299,0.0,0.0,False,False,False,-1,0,False,0.0,1,1,
332,0,0,0.3874925563582786,0.16660854103981734,0.9156774443858146,0.425085756510444,0.2879867212499546,0.0,0.0,False,False,False,-1,0,False,0.0,2,2,
333,2,0,0.20500822425018164,0.27983347044832535,0.9881949079603946,0.42804918759814126,0.21437099689724204,0.25682790772725644,1.0693674597173288,False,False,False,-1,0,False,0.0,3,3,
334,0,76,0.27723576644815073,0.14157163827439492,0.7529740797861515,0.2209910413234651,0.20709230055763597,0.0,0.0,False,False,True,217,74,False,1.09,0,0,
335,0,1,0.3259978483676306,0.2884242039720442,0.9763706311521826,0.4829116572115087,0.08573405988082679,0.0,0.0,False,False,False,-1,0,False,0.0,3,3,
336,0,0,0.02477475528995857,0.252484733661515,1.0,0.3907636430502163,0.3024807031589315,0.0,0.0,False,False,False,-1,0,False,0.0,2,2,
337,321,0,1.0,1.0,1.0,0.4601013735390732,0.34393676139587614,0.5598768430188013,0.5243416228105781,True,False,False,-1,0,False,0.0,0,0,
338,2,1,0.11957160166191237,0.11837574356170584,0.9470179202959891,0.4219747308512501,0.0451726463290754,0.16865396511587794,0.20351460631512233,False,False,False,-1,0,False,0.0,4,4,
339,210,0,1.0,1.0,0.9765518285795444,0.4486662173459415,0.24482908033081363,0.41653765628673894,0.13508200268474158,False,False,False,-1,0,False,0.0,0,0,
340,3,1,0.4640675562747273,0.4538891330950737,0.9825692025351414,0.4902277196978155,0.32152695455666624,0.2735083451341513,0.5723388280598009,False,False,False,-1,0,False,0.0,5,5,
341,1,2,0.3665315048356929,0.44014555457300353,0.9872573382836822,0.4796701015688151,0.14903705935057848,0.024436921234666616,0.000666560233929021,False,False,False,-1,0,False,0.0,4,4,
342,1,3,0.3095841179780705,0.15187796995594915,1.0,0.42791888082238067,0.03646261062610985,0.05758371521687978,0.021095045053897248,False,False,False,-1,0,False,0.0,5,5,
343,0,30,0.2708438669857119,0.58022423517447,0.6479289502699314,0.4794566972256656,0.300839017836899,0.0,0.0,False,False,True,139,12,False,1.18,1,1,
344,1,2,0.24952029565381392,0.7148485644440356,1.0,0.5252425467295558,0.3542795693275416,0.08729391665104468,0.11282781422647412,False,False,False,-1,0,False,0.0,1,1,
345,1,1,0.4336281676677014,0.2807311681083281,1.0,0.378754883885077,0.19936709425856375,0.01969876326921395,0.00027961512229791625,False,False,False,-1,0,False,0.0,5,5,
346,1,1,0.21830328868578813,0.4964318200186879,1.0,0.4319409419904928,0.14420945003885907,0.021130794702886143,0.0003710185260532347,False,False,False,-1,0,False,0.0,3,3,
347,1,0,0.4486637019529657,0.2524198580654432,1.0,0.4750730082753142,0.07316775352809372,0.06146100136383191,0.027430989459478975,False,False,False,-1,0,False,0.0,4,4,
348,0,0,0.08403512643793858,0.6431363957495629,0.9978021952739249,0.47660154578885744,0.34327058223096873,0.0,0.0,False,False,False,-1,0,False,0.0,5,5,
349,216,0,1.0,1.0,0.9368442692088162,0.48312171123378944,0.3008367517732895,0.4817091851524824,0.19091451731270362,False,False,False,-1,0,False,0.0,0,0,
