agent_id,punish_issued,punished_received,final_r,final_b,final_x,y,L,cap,service,is_enforcer,cadre_fallback,exited,exit_time,exit_intent,disengaged,exit_cost_eff_last,degree,degree_at_end,betweenness
0,0,483,0.4871886007301837,0.2994855075078001,0.6216153502084927,0.4537404544929956,0.18839733192496366,0.0,0.0,False,False,False,-1,419,True,3.16,72,72,
1,4,68,0.6913707814370936,0.24954459467355905,1.0,0.46297030561571895,0.0939022242358626,0.24543122649351354,0.8147338060943692,False,False,False,-1,1,False,1.3599999999999999,12,12,
2,0,156,0.48965059682620554,0.3654132248188904,0.8178286554306508,0.5907357713964189,0.4659998229699061,0.0,0.0,False,False,False,-1,60,True,1.63,21,21,
3,0,772,0.574428956032949,0.333723218584977,0.13143291962224407,0.6047794194618221,0.38912013630467546,0.0,0.0,False,False,False,-1,430,True,3.07,69,69,
4,0,560,0.33010476411428663,0.46168855842231016,0.9746755603851508,0.5349605207398843,0.23750514170068424,0.0,0.0,False,False,False,-1,417,True,2.62,54,54,
5,1,32,0.48019793418695855,0.18065143056622532,1.0,0.45293958218534963,0.04141355846203017,0.13035794933178893,0.5679761759500592,False,False,False,-1,0,False,0.0,42,42,
6,1,1,0.44761590769677717,0.4132401489669576,1.0,0.46085580357332534,0.04093472205122969,0.11215791889548811,0.3098220977635573,False,False,False,-1,0,False,0.0,21,21,
7,777,162,1.0,1.0,1.0,0.5301135225511556,0.44290907292831805,2.0,97.74627847564828,True,False,False,-1,0,False,0.0,48,48,
8,0,631,0.3469551688344406,0.273723833245201,0.7006461167079167,0.37840796724342207,0.33524999349764933,0.0,0.0,False,False,False,-1,406,True,3.6399999999999997,88,88,
9,0,161,0.15407567301380057,0.20742175585731348,0.7548630984424041,0.489167728504437,0.09900828293405943,0.0,0.0,False,False,False,-1,223,True,2.44,48,48,
10,792,412,1.0,1.0,0.9828111242362616,0.4806192343336326,0.5375826566538349,2.0,86.37161060783373,True,False,False,-1,0,False,0.0,53,53,
11,1,3,0.15177942897290403,0.04879153587368701,0.9967163333727225,0.5324240077123562,0.19194493316218988,0.021995365579252142,0.00043610090730943584,False,False,False,-1,0,False,0.0,29,29,
12,0,507,0.40255736868549485,0.25612252148606784,0.21083829870544527,0.5485332881339037,0.44128977869997305,0.0,0.0,False,False,False,-1,420,True,2.2,40,40,
13,0,565,0.16846137694274346,0.09363941538935593,0.9752764689841592,0.4135779201768183,0.4234985931235155,0.0,0.0,False,False,False,-1,412,True,2.29,43,43,
14,0,335,0.1352655219269678,0.22140116802188112,0.31203038082223633,0.5371042386864127,0.21250073187501603,0.0,0.0,False,False,False,-1,400,True,2.1399999999999997,38,38,
15,0,400,0.19498185101835372,0.32052657669080825,0.06093792381555753,0.4634514476743947,0.24185539511176687,0.0,0.0,False,False,False,-1,414,True,2.1399999999999997,38,38,
16,1,315,0.29389476265935754,0.7532411710270863,0.4252994750004961,0.6348435220170636,0.1953629563493242,0.021236979600890597,0.00037859033270738236,False,False,False,-1,388,True,1.99,33,33,
17,0,0,0.2191566331172337,0.03682092482179684,0.9986436145445116,0.43324037403186055,0.0815037019883519,0.0,0.0,False,False,False,-1,0,False,0.0,10,10,
18,2,61,0.30713884330501773,0.5025857784473876,1.0,0.4768933087472758,0.24789865507641512,0.07811121159139171,0.02102234382139238,False,False,False,-1,3,False,0.0,28,28,
19,0,545,0.8085660769189531,0.17798746446387956,0.4897393989573257,0.45915089901974787,0.48620257550870033,0.0,0.0,False,False,False,-1,405,True,2.6799999999999997,56,56,
20,1,0,0.4380759238843706,0.427384519664219,1.0,0.41460318431855364,0.38070259788565564,0.021775961807599102,0.00041883131137998217,False,False,False,-1,0,False,0.0,23,23,
21,1,152,0.42854891848657695,0.3779439457592406,0.7783045368891414,0.5584711186199088,0.05935886534275765,0.10667453287345714,0.2531472110554577,False,False,False,-1,8,True,1.96,32,32,
22,0,217,0.4514908508464073,0.26284819397543396,0.8330909510449135,0.4392914706627946,0.4153873070736106,0.0,0.0,False,False,False,-1,397,True,1.8399999999999999,28,28,
23,2,56,0.19010707640118035,0.6734214202640998,0.9855481200490259,0.5028111748543944,0.24931802449525858,0.09499117848885302,0.06693658397888262,False,False,False,-1,0,False,1.66,22,22,
24,0,139,0.04141225968902446,0.2466616391922137,0.6514134853574142,0.4933315386486852,0.235568364091099,0.0,0.0,False,False,False,-1,18,True,1.66,22,22,
25,757,58,1.0,1.0,0.9475099424692419,0.46383791896306786,0.5732270627350465,2.0,100.31237899874925,True,False,False,-1,0,False,0.0,27,27,
26,1,39,0.6041397067836629,0.16363173011142443,0.9720903871537458,0.4299793139692964,0.1894111335851915,0.09458334905333794,0.15588307481006441,False,False,False,-1,0,False,0.0,22,22,
27,0,460,0.13025166648971795,0.13649341696106612,0.8361421724223298,0.52030803560772,0.31230332172931635,0.0,0.0,False,False,False,-1,403,True,1.8399999999999999,28,28,
28,0,237,0.21766824840460966,0.5732475064206104,0.6926519919234947,0.4034684317011414,0.3834347042362633,0.0,0.0,False,False,False,-1,414,True,1.6,20,20,
29,0,77,0.0915589284247275,0.2538024396172433,1.0,0.5835650141408806,0.3884285778050955,0.0,0.0,False,False,False,-1,3,False,1.81,27,27,
30,4,17,0.5235147709193622,0.2548883209082978,0.9519557699269003,0.5097211200943518,0.47516166068358573,0.29079092769813936,0.36215510695439623,False,False,False,-1,0,False,0.0,18,18,
31,1,333,0.5709116866887985,0.28245471115862186,0.5094216940555683,0.6092650682952052,0.11644122846797743,0.01694850451710154,0.00015252566467571568,False,False,False,-1,395,True,1.75,25,25,
32,0,273,0.09626499164916974,0.5610523419852943,0.9465569262890624,0.5797951758057209,0.13799463416531765,0.0,0.0,False,False,False,-1,378,True,1.6,20,20,
33,3,53,0.5793501390802104,0.10889486870076458,1.0,0.44153026519919913,0.3353022496095623,0.22799949641302228,0.44948215295365396,False,False,False,-1,0,False,0.0,27,27,
34,7,22,0.7647175041199696,0.7422632618217654,1.0,0.5867672346745565,0.05102234955186534,0.35326577384981883,0.5181623166883964,False,False,False,-1,0,False,0.0,21,21,
35,0,66,0.23158836159557217,0.10080503308477928,1.0,0.47629665969065527,0.03475909842417552,0.0,0.0,False,False,False,-1,7,True,0.0,23,23,
36,1,120,0.21912479905765372,0.20736962159329947,0.8777618512429453,0.6216027499941037,0.13066438435782712,0.12031140869576447,0.4110998615034951,False,False,False,-1,23,True,1.75,25,25,
37,776,94,1.0,1.0,0.9747563205712222,0.49824273694042265,0.2527793054705708,2.0,90.94015217046585,True,False,False,-1,0,False,0.0,18,18,
38,0,832,0.11431573564094816,0.42070856237738896,0.8858180486850962,0.4999230276049828,0.03082265556146788,0.0,0.0,False,False,False,-1,418,True,2.1399999999999997,38,38,
39,0,150,0.2055774465647486,0.11755173350816576,0.9596906451527273,0.5498504274886108,0.1952084765800579,0.0,0.0,False,False,False,-1,12,True,1.54,18,18,
40,2,13,0.48398895855667495,0.15787656356848662,0.9574794879907835,0.50887858887265,0.3535986312989492,0.1546116929897136,0.20229562426993827,False,False,False,-1,0,False,0.0,20,20,
41,0,54,0.365150044262336,0.1799789233573285,1.0,0.5614701853777545,0.35287617924555703,0.0,0.0,False,False,False,-1,0,False,1.48,16,16,
42,0,237,0.1730968104794043,0.14465538825006757,0.5652080732523868,0.5369250587014452,0.17184701888529952,0.0,0.0,False,False,False,-1,392,True,1.3599999999999999,12,12,
43,0,1,0.28935032322724563,0.2087316108799,0.9999387751162272,0.4064724458503548,0.03761133073451231,0.0,0.0,False,False,False,-1,0,False,0.0,13,13,
44,891,8,1.0,1.0,1.0,0.5493755761485909,0.5837431733759334,2.0,103.30322989485624,True,False,False,-1,0,False,0.0,12,12,
45,1,85,0.6453464049120825,0.16390423196662504,0.9886103198331374,0.5558347366219045,0.3493469578096556,0.025822161963313925,0.0008324392860412688,False,False,False,-1,0,False,1.51,17,17,
46,1,173,0.610456416471472,0.07533516622187392,0.920163057048079,0.5472984656628788,0.1756607236604621,0.02081541495059623,0.00034919966857309604,False,False,False,-1,147,True,1.3599999999999999,12,12,
47,0,289,0.34710052820984316,0.30888625493395516,0.14663027352559282,0.5023644162816031,0.02378563530400944,0.0,0.0,False,False,False,-1,376,True,1.75,25,25,
48,2,35,0.6003529825961502,0.31804953188203855,0.9520226791052857,0.5546157391355805,0.11482134483627962,0.2531949779324294,1.0194461031378113,False,False,False,-1,0,False,0.0,19,19,
49,0,25,0.2279008189900457,0.33835121471192403,1.0,0.5158179089070324,0.2873661187812702,0.0,0.0,False,False,False,-1,0,False,0.0,15,15,
50,715,134,1.0,1.0,0.9586279433536458,0.5023396073135429,0.5991829987238789,2.0,93.16525530941934,True,False,False,-1,0,False,0.0,15,15,
51,0,188,0.42604858029056936,0.39895599311963237,0.43103975566088404,0.5838726823769728,0.257758017679194,0.0,0.0,False,False,False,-1,335,True,1.6,20,20,
52,0,112,0.21973238308699197,0.12913105711415712,0.9339445065250478,0.47182035959670277,0.2217618830603797,0.0,0.0,False,False,False,-1,19,True,1.42,14,14,
53,0,107,0.4035166327980198,0.3346983730329869,0.8195154898531967,0.5281699633432274,0.06569805144264837,0.0,0.0,False,False,False,-1,12,True,1.45,15,15,
54,1,2,0.21231761163323246,0.506525630143757,0.9901931374663542,0.5072947802955773,0.05240157054043238,0.021995365579252142,0.00043610090730943584,False,False,False,-1,0,False,0.0,22,22,
55,4,48,0.5428693816874174,0.48512908353254114,1.0,0.562748741301986,0.3178418826180497,0.31652759831480076,0.6903188971855018,False,False,False,-1,0,False,0.0,16,16,
56,5,0,0.5492233595152215,0.7502042536915446,0.9948204047122692,0.491881543654252,0.19080496521893675,0.5367500165011294,1.9030854099416132,False,False,False,-1,0,False,0.0,14,14,
57,2,20,0.40371127880860835,0.3912996841711843,0.9681758590393328,0.49620835762190685,0.19777666055583717,0.1566692082745353,0.2145303607247676,False,False,False,-1,0,False,0.0,12,12,
58,3,1,0.21546738979283128,0.1928132000729256,1.0,0.5714156300257818,0.4623142596904507,0.23363882284745982,0.691831752997666,False,False,False,-1,0,False,0.0,15,15,
59,0,72,0.4233673756150957,0.3749509225337184,1.0,0.6469996973222962,0.22103106626622984,0.0,0.0,False,False,False,-1,0,False,1.33,11,11,
60,2,12,0.3399789972486579,0.3198503647445671,1.0,0.5375122314353088,0.42517366124298794,0.1455888158290883,0.3957412275918285,False,False,False,-1,0,False,0.0,12,12,
61,2,289,0.6472182708907708,0.5331616061663309,0.8850961400566434,0.4134410184259921,0.07674615331349749,0.03575409583934602,0.0003930217838013037,False,False,False,-1,407,True,1.3599999999999999,12,12,
62,0,194,0.17138762684968611,0.09435900992574714,0.9680450651849687,0.47443200383341166,0.3040065804978085,0.0,0.0,False,False,False,-1,281,True,1.3,10,10,
63,0,95,0.12777329892137285,0.15952237171645298,0.8768285839881054,0.5178446689567343,0.1669922833185311,0.0,0.0,False,False,False,-1,11,True,1.3,10,10,
64,1,16,0.22683245935370422,0.14184588470236648,0.9968150251988623,0.5697475262904907,0.1602563322842281,0.01790925397163782,0.00019048294354016786,False,False,False,-1,0,False,0.0,23,23,
65,4,0,0.39136663560100887,0.5602322045664719,1.0,0.5338765915293996,0.1679771704815196,0.3048160184793516,0.37112206704068346,False,False,False,-1,0,False,0.0,9,9,
66,960,166,1.0,1.0,1.0,0.521880117170702,0.5063461752993808,2.0,106.84209680165729,True,False,False,-1,0,False,0.0,11,11,
67,2,3,0.40983834018728843,0.32756334532382325,0.9953133674768752,0.5284229192111056,0.14796488380688927,0.1393101211051536,0.4031518870932772,False,False,False,-1,0,False,0.0,17,17,
68,0,3,0.20830523144254642,0.3923804836902305,0.9939302681553099,0.500492860108804,0.41371734271020466,0.0,0.0,False,False,False,-1,0,False,0.0,18,18,
69,2,126,0.7084832951357061,0.6508587781116179,0.7462749550106863,0.5881935218052287,0.41155002147640746,0.042558970056587375,0.0008745338545603945,False,False,False,-1,5,False,1.3599999999999999,12,12,
70,0,158,0.2322148520505243,0.4603599125780342,0.9053317694037559,0.4059332519139511,0.07995118300547993,0.0,0.0,False,False,False,-1,27,True,1.48,16,16,
71,7,0,0.7013325519106584,0.38751865106494987,1.0,0.5299857481228786,0.09447222586467384,0.7078388478596016,2.645445358311253,False,False,False,-1,0,False,0.0,12,12,
72,0,61,0.5090042674607715,0.042507149865779796,1.0,0.5443806992382015,0.3037886079617807,0.0,0.0,False,False,False,-1,0,False,0.0,12,12,
73,6,2,0.6110934538779595,0.32895858611164575,1.0,0.4439464563126912,0.25124056887588814,0.3611786725509341,0.8554101497611034,False,False,False,-1,0,False,0.0,9,9,
74,1,15,0.27938382995323174,0.7795007695872269,0.9188119891161107,0.5598738110906806,0.1035612830396252,0.016779443184543448,0.00014648564835455732,False,False,False,-1,0,False,0.0,13,13,
75,0,2,0.35796610462623313,0.6492932102986418,0.9628008920483939,0.5104552509593225,0.24561971236026486,0.0,0.0,False,False,False,-1,0,False,0.0,13,13,
76,0,45,0.08062888621520103,0.2826036170222757,1.0,0.482064393601054,0.5750255202250479,0.0,0.0,False,False,False,-1,0,False,0.0,17,17,
77,0,184,0.30011203870633313,0.3439849131340933,0.8906962210174824,0.5426711826508341,0.43747675419098664,0.0,0.0,False,False,False,-1,266,True,1.54,18,18,
78,0,185,0.10520834881090646,0.4036372350554631,0.9884619593385563,0.5662106028594831,0.28059705175969196,0.0,0.0,False,False,False,-1,85,True,1.33,11,11,
79,0,105,0.05843764287473758,0.4122302060617508,0.9844108909198762,0.5860409722216752,0.11253679146390666,0.0,0.0,False,False,False,-1,10,True,1.27,9,9,
80,0,20,0.5351055918378982,0.12726585581656677,0.9800617239068683,0.45128858100245983,0.24745591306753867,0.0,0.0,False,False,False,-1,0,False,0.0,14,14,
81,2,10,0.43345935071628805,0.17152058851562427,1.0,0.42444100406688406,0.1688327725966953,0.08334716123683485,0.016584581714507992,False,False,False,-1,0,False,0.0,15,15,
82,0,1,0.2066428588654678,0.33034059514237313,1.0,0.5128108437493913,0.4615348023393809,0.0,0.0,False,False,False,-1,0,False,0.0,8,8,
83,906,0,1.0,1.0,0.949463412410377,0.5702288961445926,0.5680995018463076,2.0,113.3360421089689,True,False,False,-1,0,False,0.0,11,11,
84,0,144,0.45454017680269915,0.24156028148250758,1.0,0.5363637437365708,0.3827156704868937,0.0,0.0,False,False,False,-1,46,True,1.78,26,26,
85,1,58,0.6796549104499208,0.1375135687794155,1.0,0.5106302362050169,0.11800585302712402,0.02883266754707352,0.0012983114966715861,False,False,False,-1,11,True,0.0,10,10,
86,0,68,0.1997899400490161,0.7533571554443219,0.9846683721339429,0.537147158672385,0.18377372142347134,0.0,0.0,False,False,False,-1,0,False,1.3900000000000001,13,13,
87,0,24,0.1723615561092459,0.34236572100842194,0.9856262410623756,0.520584710811267,0.168581979222809,0.0,0.0,False,False,False,-1,0,False,0.0,9,9,
88,0,212,0.553025369861447,0.25613732112045356,0.9293052310199764,0.5221761775219679,0.13564697429026254,0.0,0.0,False,False,False,-1,380,True,1.33,11,11,
89,1,11,0.334124995136546,0.46978397496691604,0.9866281101875802,0.529177816653206,0.16731079070841484,0.14053720393197056,0.7690223892601038,False,False,False,-1,0,False,0.0,14,14,
90,0,71,0.2856058607403482,0.13203389375982091,0.951587183861597,0.519700533719514,0.5037953687521339,0.0,0.0,False,False,False,-1,19,True,1.45,15,15,
91,1,55,0.34203064060760346,0.12895229082240983,1.0,0.5282690989797363,0.04426771966099326,0.05993976494569893,0.024795441849224633,False,False,False,-1,0,False,1.21,7,7,
92,1,2,0.4175723171242828,0.3072079170192,0.9771929757776029,0.4769816549870076,0.2603605326716629,0.033343829976112,0.002332505667951415,False,False,False,-1,0,False,0.0,12,12,
93,796,79,1.0,1.0,1.0,0.571373321691798,0.38635532754885354,2.0,93.89638210760145,True,False,False,-1,0,False,0.0,9,9,
94,5,1,0.4521368690544967,0.3534863067650099,0.9911250691420032,0.5217897534551242,0.20713352148241868,0.4075781129658374,0.5083306813555487,False,False,False,-1,0,False,0.0,9,9,
95,889,0,1.0,1.0,1.0,0.5798046463540859,0.28725807499241524,2.0,109.74026822910963,True,False,False,-1,0,False,0.0,9,9,
96,0,137,0.15062983965224214,0.161045827550729,0.9710642903706133,0.3686820001023778,0.0802335052152675,0.0,0.0,False,False,False,-1,2,False,1.24,8,8,
97,0,335,0.3129474537205335,0.1400390685183743,0.777462945409069,0.5122847409797138,0.12857872284218347,0.0,0.0,False,False,False,-1,409,True,1.24,8,8,
98,0,203,0.429144316219368,0.6375567793786675,0.7006641603834618,0.5830078754467946,0.2622351893056509,0.0,0.0,False,False,False,-1,369,True,1.48,16,16,
99,2,0,0.4431778110972032,0.4172185655707089,0.9936790736973564,0.4952244502796899,0.2259603034050457,0.24689747090245795,1.057996290280598,False,False,False,-1,0,False,0.0,8,8,
100,719,77,1.0,1.0,0.9804156375244962,0.44816334344675174,0.6335031758470092,2.0,100.79534459166618,True,False,False,-1,0,False,0.0,10,10,
101,1,71,0.3876049034353108,0.12188492886804575,1.0,0.5147260089900311,0.11872673462352404,0.11911130239402422,0.39482030698795667,False,False,False,-1,3,False,1.33,11,11,
102,6,1,0.8213655760957872,0.45873516655703694,0.9855034417952647,0.564601476899056,0.29006742716159517,0.46013475690960626,0.9112097480969671,False,False,False,-1,0,False,0.0,13,13,
103,4,1,0.6444717125263469,0.24505882569675472,0.9954327704956503,0.5018706387450631,0.264522728764215,0.10970955736524739,0.011819620749486035,False,False,False,-1,0,False,0.0,14,14,
104,4,0,0.5332429902282727,0.24796107999743153,1.0,0.5646172695172474,0.0357675194136855,0.3378421525731577,0.5947150622964847,False,False,False,-1,0,False,0.0,6,6,
105,0,68,0.423002206446431,0.38176770824453393,1.0,0.4684396115103126,0.38244466665957966,0.0,0.0,False,False,False,-1,0,False,1.27,9,9,
106,910,0,1.0,1.0,1.0,0.4657545655367637,0.673499046869882,1.99,99.10666106366611,True,False,False,-1,0,False,0.0,13,13,
107,0,55,0.30963071945879284,0.382137003855528,1.0,0.5039913496473849,0.3632191821103594,0.0,0.0,False,False,False,-1,7,True,0.0,14,14,
108,2,14,0.6816304133075292,0.19582776406967498,0.9973091515778736,0.6731538864217376,0.5277640169575677,0.10299773319574038,0.046975393703187054,False,False,False,-1,0,False,0.0,8,8,
109,0,270,0.5615869524861201,0.182536191488389,0.7082363350190275,0.4674216437013275,0.3291881471976046,0.0,0.0,False,False,False,-1,396,True,1.3599999999999999,12,12,
110,0,59,0.2326117979302107,0.6506325273051384,1.0,0.4965690889828587,0.0020250102770882593,0.0,0.0,False,False,False,-1,0,False,1.18,6,6,
111,0,68,0.32174128157515897,0.6543563124335108,1.0,0.4663307729864618,0.20755612637548057,0.0,0.0,False,False,False,-1,1,False,1.3,10,10,
112,1,23,0.21600572424813694,0.361295950928365,0.9308235966912746,0.5239008943814408,0.05869025218062638,0.12460780522231983,0.4735488656416021,False,False,False,-1,0,False,0.0,7,7,
113,0,74,0.16499406063322306,0.4777830492812235,0.9735163945143754,0.47400506261988334,0.12897987061210026,0.0,0.0,False,False,False,-1,3,False,1.42,14,14,
114,0,116,0.18244716626155044,0.29605862002242356,1.0,0.6100477425319087,0.03727189075007106,0.0,0.0,False,False,False,-1,0,False,1.27,9,9,
115,3,4,0.7070858839953449,0.14300088727880028,0.9885716629284437,0.5066211277964672,0.3505759149133849,0.2297024202632964,0.21928219066452834,False,False,False,-1,0,False,0.0,10,10,
116,1,58,0.3069255508791932,0.5760730254688611,0.9922636636768555,0.5214610080549273,0.5037454451533091,0.1019690742498986,0.21106092070697655,False,False,False,-1,0,False,1.21,7,7,
117,0,74,0.08732361404152457,0.17987268877248527,0.9628909486554496,0.44972047539620397,0.3040733704205891,0.0,0.0,False,False,False,-1,0,False,1.27,9,9,
118,1,1,0.19697812940121198,0.1522657559625481,1.0,0.4523778634966462,0.05292362580315207,0.022440827205672833,0.0004728056823963176,False,False,False,-1,0,False,0.0,7,7,
119,0,55,0.17607057486288688,0.29104927205555425,0.9947491718684591,0.4883964311245471,0.30804233960447686,0.0,0.0,False,False,False,-1,0,False,1.45,15,15,
120,2,14,0.6201551598002767,0.5533785474357639,0.9600712160000608,0.6129166849763837,0.2596484109930189,0.18117520566956535,0.3313683133722357,False,False,False,-1,0,False,0.0,22,22,
121,1,0,0.1155046522879703,0.47191402959005757,0.9882980858098477,0.5202336995821106,0.10306093832954638,0.06559935694349998,0.035669949071146075,False,False,False,-1,0,False,0.0,9,9,
122,4,27,0.49073247005360365,0.37543643694440376,0.993309596280609,0.45554412247359727,0.35972186563645053,0.3796638790136187,1.1127504253084815,False,False,False,-1,0,False,0.0,9,9,
123,1,0,0.27901109597923485,0.5212574662117659,1.0,0.532510796442532,0.19747168753113956,0.06931794735587557,0.04454671224967667,False,False,False,-1,0,False,0.0,10,10,
124,3,48,0.2702158028957965,0.3879235104103732,1.0,0.49783650270575575,0.0603665470189167,0.09718911603714993,0.007169163696350931,False,False,False,-1,0,False,0.0,12,12,
125,3,1,0.4604166078016719,0.27258493401729444,0.8409328052010816,0.5144340278150539,0.3490333076471642,0.1514220180807442,0.05020392434239351,False,False,False,-1,0,False,0.0,8,8,
126,801,1,1.0,1.0,0.889837465225014,0.5476154780999585,0.5494635667240811,2.0,107.32615579242737,True,False,False,-1,0,False,0.0,10,10,
127,0,93,0.38615633826787954,0.4045760842920446,0.9795053463832317,0.47239719604943803,0.07575117345722075,0.0,0.0,False,False,False,-1,7,True,1.27,9,9,
128,0,108,0.10561019997492997,0.4220401163108449,0.966582123012167,0.5119124913799601,0.4096462220089918,0.0,0.0,False,False,False,-1,14,True,1.3599999999999999,12,12,
129,0,0,0.009132045618406562,0.34880861893780496,0.9947822534889476,0.5407555032420791,0.21086236439839112,0.0,0.0,False,False,False,-1,0,False,0.0,10,10,
130,2,2,0.7207369982801041,0.0607764177219121,0.9896071074918611,0.52976718817419,0.14646590173681465,0.10300907814208693,0.07448481348296004,False,False,False,-1,0,False,0.0,13,13,
131,0,3,0.19176378666614177,0.3938614804807627,1.0,0.5624291632264277,0.26264995978778977,0.0,0.0,False,False,False,-1,0,False,0.0,14,14,
132,1,27,0.3642911603515319,0.19824155006114821,1.0,0.4792711949120715,0.01005996543981297,0.10403420517469755,0.22882502872494706,False,False,False,-1,0,False,0.0,11,11,
133,789,177,1.0,1.0,0.9961262409259537,0.4553540013492183,0.48325582887465734,2.0,105.36866660919146,True,False,False,-1,0,False,0.0,8,8,
134,800,223,1.0,1.0,1.0,0.5044023164193329,0.6208737903236567,2.0,107.83979171346354,True,False,False,-1,0,False,0.0,12,12,
135,0,100,0.1748774029544284,0.18293490572013268,0.9863108552283122,0.5115479557885235,0.05284585052589053,0.0,0.0,False,False,False,-1,9,True,1.42,14,14,
136,0,198,0.12194040934683989,0.34455559963348414,0.3464709751451215,0.40588420120085944,0.09739836196262384,0.0,0.0,False,False,False,-1,387,True,1.27,9,9,
137,0,18,0.04205806984391763,0.4606560726414972,0.990258723501291,0.5005004084660395,0.16520884204255967,0.0,0.0,False,False,False,-1,0,False,0.0,9,9,
138,1,51,0.280940624921585,0.1956273139681177,0.9626196370911232,0.5730480787621621,0.16746941905475965,0.08556108881312181,0.10406878340489474,False,False,False,-1,5,False,1.18,6,6,
139,4,12,0.5613125192958291,0.38240959068812896,0.9987853302846442,0.5151150554531193,0.10108320430251788,0.3234697498462145,0.5263171050824778,False,False,False,-1,0,False,0.0,8,8,
140,3,17,0.4419569761359021,0.5189620077424901,1.0,0.4888936521184034,0.01608885510987461,0.24419709193598646,0.7344411530378744,False,False,False,-1,0,False,0.0,11,11,
141,4,70,0.8309335778202194,0.22880744040781462,0.9958087423165337,0.5650720085651576,0.3466534597313271,0.423566713659553,1.1286420501371603,False,False,False,-1,0,False,1.27,9,9,
142,1,14,0.26142830255189614,0.3029005793764472,0.9976811210840082,0.555135940714738,0.13805250818138837,0.024193162945350816,0.0006401644486654318,False,False,False,-1,0,False,0.0,9,9,
143,0,118,0.3781542223259396,0.21083063492770723,0.8023853232716576,0.48802935116448704,0.08936102509563763,0.0,0.0,False,False,False,-1,29,True,1.45,15,15,
144,0,1,0.14774692723131677,0.13937259679151112,1.0,0.5335352416928411,0.030985823150209688,0.0,0.0,False,False,False,-1,0,False,0.0,9,9,
145,0,1,0.1413190830986738,0.6133432488904161,1.0,0.4926185999565455,0.21394171423735855,0.0,0.0,False,False,False,-1,0,False,0.0,10,10,
146,0,248,0.2654675049290355,0.8354981640573812,0.7314203612452898,0.42005827922959615,0.07019603591456772,0.0,0.0,False,False,False,-1,398,True,1.3,10,10,
147,0,0,0.1437988670174528,0.5610331324476704,0.9745164150302049,0.4907707429568701,0.053410450666289015,0.0,0.0,False,False,False,-1,0,False,0.0,7,7,
148,854,60,1.0,1.0,0.9916143330025879,0.5962674102740316,0.5531926538280323,2.0,109.04172959182786,True,False,False,-1,0,False,0.0,12,12,
149,1,9,0.3328620596012579,0.1435321241669733,1.0,0.5061206778135257,0.45255616283802547,0.026213400238549303,0.0008844521479584068,False,False,False,-1,0,False,0.0,8,8,
150,876,92,1.0,1.0,0.9149836857468465,0.5958447388654513,0.7186263583651459,2.0,107.73133190333887,True,False,False,-1,0,False,0.0,7,7,
151,2,66,0.48037477942620277,0.20797555320465863,0.8405075012659433,0.4841552042763446,0.3686944840269447,0.10549986968881352,0.08735758257605125,False,False,False,-1,0,False,1.3599999999999999,12,12,
152,0,1,0.07211118585361115,0.1756619889995608,1.0,0.5737138965974451,0.2861612029340084,0.0,0.0,False,False,False,-1,0,False,0.0,11,11,
153,5,0,0.7883381641219263,0.3583004451850047,0.9797158744143408,0.529910537547702,0.20017311741744662,0.35982990098329687,0.8376575706527223,False,False,False,-1,0,False,0.0,10,10,
154,3,0,0.8205715382572686,0.31437765641031457,0.9744559336121591,0.4808623229646785,0.23506908992797837,0.1833379817188923,0.4274973473664605,False,False,False,-1,0,False,0.0,6,6,
155,0,17,0.21729859417890413,0.5251797089822361,1.0,0.4389347081735788,0.09543891057417074,0.0,0.0,False,False,False,-1,0,False,0.0,6,6,
156,2,95,0.5877270284748868,0.8302356685120025,0.900462618303665,0.5396749017112312,0.2231249823937497,0.11656523834468598,0.07155292858566034,False,False,False,-1,0,False,1.3,10,10,
157,2,81,0.4730362350574619,0.39177532115059577,1.0,0.47959998401695514,0.053267270631559956,0.13931915835829167,0.34340681856980404,False,False,False,-1,2,False,1.3599999999999999,12,12,
158,0,351,0.4376253924784531,0.6065667940970093,0.29680205270087184,0.5166161818796593,0.032500567046355774,0.0,0.0,False,False,False,-1,392,True,1.3,10,10,
159,0,0,0.36222884463899646,0.7211309657677613,0.9819583509272783,0.5448539010880435,0.19723627791057965,0.0,0.0,False,False,False,-1,0,False,0.0,8,8,
160,937,38,1.0,1.0,1.0,0.5193011147718298,0.4528559689408301,2.0,115.88950281902441,True,False,False,-1,0,False,0.0,9,9,
161,1,55,0.41113647979834483,0.6607413422798778,1.0,0.5191521512209367,0.037373327245078185,0.07001636055238562,0.0463834988022456,False,False,False,-1,0,False,1.27,9,9,
162,0,73,0.10129727570961254,0.2713359942994667,0.9613543380400432,0.5538405658676536,0.23329576168004754,0.0,0.0,False,False,False,-1,3,False,1.24,8,8,
163,0,11,0.2779643269036126,0.2876282313354569,0.9688617050574715,0.4186074112511724,0.3163387179539485,0.0,0.0,False,False,False,-1,0,False,0.0,6,6,
164,0,52,0.09584668617868065,0.4151527760911052,0.9381675949786925,0.4693462408259353,0.5597042514111684,0.0,0.0,False,False,False,-1,0,False,1.18,6,6,
165,0,61,0.17088942823586412,0.3837219277900118,1.0,0.477974486678722,0.23618537112381635,0.0,0.0,False,False,False,-1,1,False,1.18,6,6,
166,1,1,0.31479749622646974,0.62858450606363,0.9679905551989384,0.4934071352010248,0.20851051914685229,0.03401912662797874,0.0025288228378909086,False,False,False,-1,0,False,0.0,9,9,
167,2,1,0.4984994002893752,0.6192533480125045,1.0,0.5422956099358478,0.41817264550045735,0.1413089830416421,0.20023621441992853,False,False,False,-1,0,False,0.0,10,10,
168,0,0,0.21147408356720618,0.550399481440312,1.0,0.43799443298289453,0.2820361165725096,0.0,0.0,False,False,False,-1,0,False,0.0,7,7,
169,0,0,0.6274731393171401,0.35864964578903474,1.0,0.5115902863785504,0.30245264205775807,0.0,0.0,False,False,False,-1,0,False,0.0,7,7,
170,3,96,0.5575049276257465,0.40041393634557587,0.9957093611488766,0.4650512507321139,0.4170302277536277,0.23430992912912343,0.5449326576269918,False,False,False,-1,0,False,1.21,7,7,
171,0,142,0.08870732848907095,0.3138259073094756,1.0,0.49087365296013186,0.3707551121956849,0.0,0.0,False,False,False,-1,43,True,1.24,8,8,
172,0,241,0.14731836016481764,0.00655662064632247,0.9839707619937387,0.4044989251710382,0.4308195460203159,0.0,0.0,False,False,False,-1,339,True,1.3599999999999999,12,12,
173,0,1,0.5205458197380552,0.559394229699572,0.9773790873032331,0.47872177538537986,0.43327725833820646,0.0,0.0,False,False,False,-1,0,False,0.0,10,10,
174,0,0,0.21221229084920304,0.45267835103886245,1.0,0.5212829296240672,0.3207568782770879,0.0,0.0,False,False,False,-1,0,False,0.0,9,9,
175,828,1,1.0,1.0,0.9742037946685022,0.47556345026257774,0.5679040666372998,1.98005,95.28389902267878,True,False,False,-1,0,False,0.0,15,15,
176,1,67,0.21972246919835123,0.30004866585758294,0.9687486245568342,0.49277701782692773,0.25355124975027366,0.07398533493248176,0.05792641784140538,False,False,False,-1,0,False,1.3,10,10,
177,1,13,0.6520266012910931,0.5167996103149252,0.9821688906112895,0.5435319644311204,0.24950367934752926,0.02883266754707352,0.0012983114966715861,False,False,False,-1,0,False,0.0,8,8,
178,0,250,0.2532680302108937,0.2734384660091326,0.4904863059466977,0.4984803083219585,0.42165649349364653,0.0,0.0,False,False,False,-1,393,True,1.24,8,8,
179,0,82,0.17672296179306993,0.26862537291405536,1.0,0.49040787476812747,0.2264278746395197,0.0,0.0,False,False,False,-1,0,False,1.24,8,8,
180,0,13,0.24286149521427772,0.3770397023206594,0.9644981761485344,0.5820563364683617,0.4714678460887018,0.0,0.0,False,False,False,-1,0,False,0.0,7,7,
181,0,123,0.33537808560392496,0.5574545001742297,0.7367372663680484,0.4837591263876371,0.16433002423920295,0.0,0.0,False,False,False,-1,5,False,1.21,7,7,
182,0,81,0.25384252572151644,0.09948215969691429,0.993956499273076,0.473945369104973,0.20322544242137838,0.0,0.0,False,False,False,-1,6,True,1.18,6,6,
183,3,36,0.5724866222263241,0.41670390150098313,1.0,0.44947306032436407,0.43462121633742695,0.1505157775776622,0.08590475017384137,False,False,False,-1,0,False,0.0,8,8,
184,1,73,0.25126397482697627,0.12348138502958646,1.0,0.611749228259896,0.10671630562670566,0.0728810945604476,0.054519881060988006,False,False,False,-1,3,False,1.27,9,9,
185,1,1,0.3864647030857143,0.344201645971707,1.0,0.4895226066912009,0.22823346804401234,0.06692790936655076,0.03867213832613875,False,False,False,-1,0,False,0.0,8,8,
186,2,42,0.5986762959600097,0.16168732345522754,0.9939858478470126,0.5396308209196959,0.3779864589559424,0.17554810996564998,0.36857141737189936,False,False,False,-1,0,False,0.0,6,6,
187,0,265,0.6591894058199869,0.10450141476101035,0.3146612590130538,0.4158208488706865,0.42062383057333497,0.0,0.0,False,False,False,-1,407,True,1.27,9,9,
188,2,152,0.4203012915547447,0.7123005356277903,0.8985268823413483,0.40353453753699386,0.1519234656451108,0.11388301862164148,0.14705811862183576,False,False,False,-1,39,True,1.33,11,11,
189,5,0,0.7709703292263462,0.22679696907927052,1.0,0.5473912474363053,0.409994146591307,0.30931859904289594,0.7135311417925946,False,False,False,-1,0,False,0.0,10,10,
190,4,14,0.5732888492845305,0.5990317926340325,1.0,0.5208237941056674,0.17030283026943108,0.20057350313901404,0.08847955819569739,False,False,False,-1,0,False,0.0,7,7,
191,0,0,0.06484031370278533,0.13392315987954317,0.9618351830159583,0.5388176785287725,0.36428079041687295,0.0,0.0,False,False,False,-1,0,False,0.0,9,9,
192,0,293,0.4168187953722089,0.39080462456521425,0.9771228625576643,0.530437582282542,0.3362868244626291,0.0,0.0,False,False,False,-1,383,True,1.33,11,11,
193,1,0,0.4559260702563007,0.3632891968024087,0.9742267547598794,0.518322356443608,0.10448744657544969,0.055043673258924994,0.017587946605721515,False,False,False,-1,0,False,0.0,7,7,
194,0,1,0.10934962000673917,0.3749075723935991,1.0,0.535492866476352,0.1304471765078012,0.0,0.0,False,False,False,-1,0,False,0.0,12,12,
195,1,53,0.25172800526480266,0.25133620545519464,0.9619292224388152,0.44247293034993473,0.3284086099882203,0.03351138691066533,0.0023801078244402194,False,False,False,-1,0,False,1.24,8,8,
196,3,67,0.5286602016546537,0.4598967266266831,1.0,0.5827171267357761,0.1318101270589163,0.09835118577923674,0.010405696310065627,False,False,False,-1,0,False,1.3,10,10,
197,0,207,0.36340560922594345,0.5492406302073813,0.607259745237881,0.5195961569408861,0.36402491185018565,0.0,0.0,False,False,False,-1,359,True,1.3,10,10,
198,0,10,0.17586015831281684,0.43114451509236906,0.9943714792395111,0.6024493889785971,0.23181829224075667,0.0,0.0,False,False,False,-1,0,False,0.0,6,6,
199,5,37,0.9432170627670846,0.7411543143324014,1.0,0.5666300127401782,0.2165802750891926,0.36778583746570875,1.176861145982271,False,False,False,-1,0,False,0.0,6,6,
200,1,56,0.44859486109108293,0.6409286487960548,0.968112795782358,0.4506881492429981,0.3460451301480174,0.12970615958513,0.5566166524310581,False,False,False,-1,0,False,0.0,8,8,
201,1,32,0.39958511396041746,0.24348063041019496,0.9773837411227773,0.517861403022259,0.0450106377759053,0.05183037811694673,0.013801555837664382,False,False,False,-1,0,False,1.27,9,9,
202,7,1,0.7091689719824401,0.6056978373250608,1.0,0.5390766842030298,0.009734894366433607,0.41898158822743825,1.0374903757904193,False,False,False,-1,0,False,0.0,9,9,
203,0,162,0.12372497777580607,0.31746474343215836,0.8720301714997148,0.4965808643780194,0.2084172317283364,0.0,0.0,False,False,False,-1,178,True,1.3,10,10,
204,1,12,0.18914182075966263,0.3953853292738002,0.9762225360161977,0.47596649471617813,0.3247368400109363,0.040746682281796315,0.005233348786033648,False,False,False,-1,0,False,0.0,8,8,
205,1,81,0.23337674582955462,0.37813546894032257,0.8626207065658363,0.480422504492777,0.5474272574951536,0.10721058580246949,0.25831348066883436,False,False,False,-1,5,False,1.27,9,9,
206,4,0,0.5331665422956504,0.285194632364425,1.0,0.6225389128110839,0.24770926825675674,0.20211456597480726,0.12924391955970557,False,False,False,-1,0,False,0.0,7,7,
207,873,0,1.0,1.0,0.9973147851782809,0.5337087300975736,0.6673568307787732,2.0,117.99818080321799,True,False,False,-1,0,False,0.0,8,8,
208,1,103,0.10421997639060385,0.33501665760468735,0.919723045392911,0.4123007218117529,0.2384351495030475,0.020920015025724856,0.0003563261924215266,False,False,False,-1,19,True,1.21,7,7,
209,0,194,0.5798756643087547,0.4994103418671837,0.09907074517239656,0.5241665353456844,0.06508092032306545,0.0,0.0,False,False,False,-1,327,True,1.24,8,8,
210,0,55,0.21222025116606344,0.3782581656903307,0.905255006291646,0.6017363044539265,0.22108999662918266,0.0,0.0,False,False,False,-1,7,True,0.0,7,7,
211,1,2,0.2589396192708976,0.5653359649469504,0.9945553725549563,0.5597248500175223,0.4095416313739055,0.12777027894005197,0.5238831403348924,False,False,False,-1,0,False,0.0,8,8,
212,2,39,0.2810171405003471,0.26255454124958855,0.9877583642117205,0.523963102008474,0.22458970986534255,0.213359786872838,0.5067077658536151,False,False,False,-1,0,False,0.0,9,9,
213,1,0,0.14031767583591997,0.5031653516309283,0.9749570151388947,0.5134137477622193,0.21379664706144172,0.027838535819293252,0.0011270973603683678,False,False,False,-1,0,False,0.0,7,7,
214,1,3,0.3693061648653636,0.3740846669656108,0.9989256421960162,0.42517608326237816,0.2902571543171489,0.08056627261086195,0.08166451475655553,False,False,False,-1,0,False,0.0,8,8,
215,0,42,0.10278441847982613,0.5839600122399569,1.0,0.458796999091383,0.4902094209663638,0.0,0.0,False,False,False,-1,0,False,0.0,8,8,
216,1,32,0.26981137617556006,0.310682750012923,1.0,0.4956436122190329,0.4254190646491698,0.05341286734444942,0.015580148495721254,False,False,False,-1,0,False,0.0,7,7,
217,2,0,0.2482970118761828,0.281148347135177,0.9855533918438804,0.5533206788832843,0.31407768388475743,0.07362689632015207,0.01681680615791805,False,False,False,-1,0,False,0.0,9,9,
218,0,97,0.1173761954677799,0.2535251563046614,0.9708986260339438,0.524036766808639,0.47668533973821814,0.0,0.0,False,False,False,-1,2,False,1.27,9,9,
219,0,60,0.017831252679366884,0.4331516175386125,1.0,0.3981528736609514,0.19457647539087874,0.0,0.0,False,False,False,-1,0,False,1.18,6,6,
220,4,1,0.433041044726137,0.3943575523074152,0.9972650482278053,0.5744890230092649,0.150992068168425,0.3380176604772547,0.7226439978009377,False,False,False,-1,0,False,0.0,9,9,
221,0,190,0.3949703433945224,0.17903177461569,1.0,0.4671040512255831,0.09362668135425449,0.0,0.0,False,False,False,-1,286,True,1.18,6,6,
222,2,3,0.6601637891301265,0.7292572876060857,1.0,0.4839927882675929,0.010045918182670133,0.10629160601545436,0.030537091051613657,False,False,False,-1,0,False,0.0,9,9,
223,5,0,0.5211251543689072,0.6821089885767966,0.9979627480642248,0.4608869341659602,0.1264236820446632,0.4136007650333612,0.9694293115925614,False,False,False,-1,0,False,0.0,7,7,
224,2,18,0.7508333775084062,0.6255248015229602,1.0,0.48982706923839137,0.021975330571809695,0.07530969048411354,0.010024014640541505,False,False,False,-1,0,False,0.0,7,7,
225,1,0,0.42749374744300006,0.21128035210355586,1.0,0.46930926100201137,0.38041298783083594,0.03817616531592014,0.00402456238726706,False,False,False,-1,0,False,0.0,6,6,
226,0,26,0.27284000109020334,0.3511936870206699,0.941010094157153,0.49876994334915364,0.4518108010017072,0.0,0.0,False,False,False,-1,0,False,0.0,8,8,
227,1,0,0.3636264582888194,0.5077574145295423,0.994346478807939,0.45469038689058666,0.1812185480356718,0.021025140729371714,0.00036359815553217,False,False,False,-1,0,False,0.0,8,8,
228,0,13,0.19378370264168726,0.24803438570111191,1.0,0.5124717177313112,0.4276346503618582,0.0,0.0,False,False,False,-1,0,False,0.0,8,8,
229,3,8,0.3194331705479818,0.5062020397192838,1.0,0.49940940750981283,0.14306341838372452,0.19988095612338877,0.2622692436884907,False,False,False,-1,0,False,0.0,8,8,
230,4,2,0.49254840274431744,0.6924929439717442,0.9546839977907481,0.4943358488224807,0.1873183497119371,0.22973418719971198,0.48153858757751955,False,False,False,-1,0,False,0.0,10,10,
231,1,0,0.3162452934470577,0.515419802792936,0.989016295886242,0.5606311993777199,0.03510305207238351,0.10299646397807995,0.21976355758743915,False,False,False,-1,0,False,0.0,7,7,
232,1,0,0.16634646931386712,0.7280495323909222,0.9716149389570217,0.46156761186245265,0.056853759266265624,0.0558776542330602,0.018686884934977686,False,False,False,-1,0,False,0.0,7,7,
233,7,13,0.9096028611367294,0.959646599407328,0.9971172808241301,0.4804555907117458,0.2792147234566256,0.24960078792056178,0.046764581512408865,False,False,False,-1,0,False,0.0,8,8,
234,1,1,0.23640885594115707,0.33863892678440277,0.9812267939993967,0.44825621855371667,0.22113416834920244,0.047358706336896754,0.009593949083556642,False,False,False,-1,0,False,0.0,7,7,
235,1,1,0.4139017052091093,0.597497719700825,1.0,0.5407237990472381,0.08521342084952348,0.08097112825212256,0.08333113750668932,False,False,False,-1,0,False,0.0,9,9,
236,3,36,0.5653273617485854,0.29683081064669314,1.0,0.44059674464521864,0.35273126906225527,0.15724594811453238,0.07495082999803934,False,False,False,-1,0,False,0.0,8,8,
237,7,0,0.8352172301367247,0.8314910859211972,1.0,0.41593058435410585,0.22903185289952835,0.6138449723915763,1.341308425455177,False,False,False,-1,0,False,0.0,7,7,
238,1,2,0.29902530844938646,0.17934877377679695,1.0,0.5541925335558766,0.09227082096643972,0.04481812863596217,0.007682175808701076,False,False,False,-1,0,False,0.0,7,7,
239,4,18,0.7226054434063091,0.2271239365465201,1.0,0.5401012781409387,0.0739187480097088,0.33214656397949166,1.1378197428046395,False,False,False,-1,0,False,0.0,8,8,
240,5,12,0.6789747909387054,0.8576931080985692,0.9363144399886824,0.5174475496401253,0.2952614295864658,0.3505601564800853,0.5524156695076918,False,False,False,-1,0,False,0.0,7,7,
241,1,1,0.4376165444502741,0.24194809209532522,1.0,0.40165688933954624,0.24180827692641974,0.04481812863596217,0.007682175808701076,False,False,False,-1,0,False,0.0,6,6,
242,12,1,1.0,0.8421219746497879,0.9537612167604608,0.4783787991511492,0.2958649658027473,0.9703503036002566,2.5292205298468415,False,False,False,-1,0,False,0.0,8,8,
243,0,0,0.5474967953243001,0.07504522609638915,0.9804354322002179,0.4807704145899663,0.2769798731436263,0.0,0.0,False,False,False,-1,0,False,0.0,6,6,
244,4,29,0.5175783304214079,0.4443859110772457,0.9499218094618899,0.4995832088971163,0.16856870588324924,0.358600262551014,0.8675098262020305,False,False,False,-1,0,False,0.0,6,6,
245,1068,0,1.0,1.0,0.977291106466207,0.5089437316494346,0.5332161581990826,2.0,131.63873952818753,True,False,False,-1,0,False,0.0,7,7,
246,1,126,0.5422543599052296,0.1209990530890438,0.9544275345846265,0.4909148237301971,0.2895420053382116,0.04954411828432109,0.011507016293566985,False,False,False,-1,22,True,1.27,9,9,
247,0,69,0.37149211245101965,0.08487950634337532,0.9973076130808347,0.5391009534783252,0.1570484142621545,0.0,0.0,False,False,False,-1,0,False,1.18,6,6,
248,1,1,0.20467746985919918,0.3555422404732438,0.919721484144841,0.5203986318547863,0.28981434547381935,0.04136404583641047,0.00556034133952865,False,False,False,-1,0,False,0.0,6,6,
249,1,0,0.08136328635071341,0.18947309345180874,1.0,0.5346666944050582,0.06061909648741161,0.025436762968241218,0.0007834851965077539,False,False,False,-1,0,False,0.0,9,9,
250,0,16,0.14408909064250006,0.4255330365478584,1.0,0.5026529743958659,0.15081058696764205,0.0,0.0,False,False,False,-1,0,False,0.0,9,9,
251,0,0,0.36615501567219344,0.5751502319370264,0.9858576343251482,0.5321058613103219,0.20520344413878266,0.0,0.0,False,False,False,-1,0,False,0.0,7,7,
252,0,70,0.1847311075812612,0.6576555376925171,0.9876496324413052,0.48260779954035826,0.13982332189697008,0.0,0.0,False,False,False,-1,3,False,1.24,8,8,
253,0,1,0.15502313340635265,0.19201269322568967,0.9527425433481803,0.5339999754516318,0.5295520341453445,0.0,0.0,False,False,False,-1,0,False,0.0,7,7,
254,0,126,0.21305328041485008,0.4116313926448007,0.9877990969888244,0.56730794938767,0.17719203925041532,0.0,0.0,False,False,False,-1,0,False,1.18,6,6,
255,0,2,0.21057636907636446,0.2745597803046184,0.9909860535691656,0.504797960943421,0.44318876989085254,0.0,0.0,False,False,False,-1,0,False,0.0,6,6,
256,0,0,0.15333747317365554,0.4854929034801552,0.9948234571074582,0.5736938611866893,0.1502013929138217,0.0,0.0,False,False,False,-1,0,False,0.0,8,8,
257,0,24,0.04597015026700508,0.23615655685244608,1.0,0.45483867799119715,0.016523210150644802,0.0,0.0,False,False,False,-1,0,False,0.0,7,7,
258,1026,0,1.0,1.0,1.0,0.584985292305838,0.46366113701488193,2.0,122.81248061823011,True,False,False,-1,0,False,0.0,6,6,
259,1,0,0.7945048913835462,0.08820668239929103,0.9663802818327929,0.4443317793105298,0.21958942969873477,0.018456060738487552,0.0002150302894227997,False,False,False,-1,0,False,0.0,7,7,
260,913,21,1.0,1.0,0.9968656330100687,0.5954794562578378,0.583273795490241,1.99,105.41826411645732,True,False,False,-1,0,False,0.0,7,7,
261,1,14,0.2027234957919366,0.5326342115197992,1.0,0.4766242708101063,0.43278533578133377,0.04115722560722842,0.005449134512738076,False,False,False,-1,0,False,0.0,6,6,
262,1,1,0.3544207368251547,0.10393867204711485,1.0,0.5276060792483364,0.3434576585793866,0.07324733121653025,0.055632531694885724,False,False,False,-1,0,False,0.0,8,8,
263,935,15,1.0,1.0,0.9719936615002538,0.54465050118063,0.8069858688782459,2.0,101.8974924122711,True,False,False,-1,0,False,0.0,9,9,
264,3,9,0.6275673205485441,0.735142801336951,0.9047224651685909,0.4507341971454984,0.20246692082669115,0.19796227934779706,0.5436520176513746,False,False,False,-1,0,False,0.0,7,7,
265,0,1,0.25613896401576236,0.7272329964413902,1.0,0.5281105504916389,0.20693501796885938,0.0,0.0,False,False,False,-1,0,False,0.0,8,8,
266,2,0,0.3399870265749615,0.29485399935828793,0.9987465903908057,0.49152941411038187,0.13057163910413047,0.06555385365003026,0.005941557349141943,False,False,False,-1,0,False,0.0,7,7,
267,1,15,0.39976568952572034,0.4469654660154675,1.0,0.5126301348383916,0.1630255627196816,0.027838535819293252,0.0011270973603683678,False,False,False,-1,0,False,0.0,6,6,
268,3,0,0.40898018777164896,0.7250722131524141,1.0,0.5738502478621972,0.287879712121486,0.20672127963218295,0.25405233629957813,False,False,False,-1,0,False,0.0,6,6,
269,1,25,0.1467464675596111,0.2445131703486623,0.9356532862927235,0.46677231652305556,0.04709595639372813,0.0526156736227251,0.014663911122984877,False,False,False,-1,0,False,0.0,6,6,
270,7,28,1.0,0.2217149738689929,1.0,0.4954881062664814,0.1503626642763168,0.6646223100817809,2.9905909121565677,False,False,False,-1,0,False,0.0,9,9,
271,2,0,0.5069697138448094,0.17832069251255275,1.0,0.5773641265006279,0.31458176988638703,0.147065736393681,0.11493297823816266,False,False,False,-1,0,False,0.0,7,7,
272,1,0,0.3970007667336508,0.33793835738361555,0.97578638334766,0.4737741618345362,0.17921825378563927,0.07324733121653025,0.055632531694885724,False,False,False,-1,0,False,0.0,7,7,
273,4,1,0.7233415423144783,0.7379022158283953,0.9565731389823081,0.5074413470136762,0.038827961924469356,0.3607371787430748,0.9252354077246373,False,False,False,-1,0,False,0.0,6,6,
274,3,0,0.587825350464322,0.36822222744060384,0.9694926345763025,0.5455301699139795,0.23789683952568064,0.2045716042259585,0.687257219716596,False,False,False,-1,0,False,0.0,6,6,
275,0,1,0.26921463344648927,0.07630280576096118,1.0,0.4399843810756088,0.1811301180916476,0.0,0.0,False,False,False,-1,0,False,0.0,7,7,
276,1,161,0.5776685245353045,0.2750214781949213,0.6550342290146111,0.5545861578423938,0.23585918875316328,0.02661056626639605,0.0009397149019099258,False,False,False,-1,84,True,1.21,7,7,
277,4,2,0.7720733946465634,0.3722937960336665,0.9876108324987154,0.5839594987352903,0.33774099893050347,0.37893255200897136,1.292879091478071,False,False,False,-1,0,False,0.0,6,6,
278,0,47,0.0852753699238852,0.45830703731027667,1.0,0.5439243028904521,0.07399780302971813,0.0,0.0,False,False,False,-1,2,False,0.0,10,10,
279,2,1,0.3081925735666448,0.1521327263485237,0.9993793607461066,0.5215787098244752,0.18490055466428096,0.1006680845722977,0.09236781988760824,False,False,False,-1,0,False,0.0,7,7,
280,0,11,0.25200126551203866,0.42996045032543256,1.0,0.4024602120741619,0.19706952487699875,0.0,0.0,False,False,False,-1,0,False,0.0,6,6,
281,0,167,0.13887358965758026,0.3991756123895714,0.8146625319829118,0.404058123483942,0.3799887117501136,0.0,0.0,False,False,False,-1,14,True,1.21,7,7,
282,2,41,0.22081507381599536,0.35229103598141953,0.9228043351828776,0.5430626544545516,0.3103773345659456,0.12422827921032428,0.253322906457602,False,False,False,-1,0,False,0.0,7,7,
283,1,3,0.28361431343402316,0.7881434773685956,0.9305182313152478,0.49443484392872705,0.07061439194116109,0.07215410564220713,0.052360893770972874,False,False,False,-1,0,False,0.0,8,8,
284,1,0,0.37191396649675856,0.24664501279087456,1.0,0.5093832619423131,0.16759186188098896,0.06270574164924925,0.029739740213364455,False,False,False,-1,0,False,0.0,6,6,
285,3,0,0.34943431804456665,0.8366968620234014,1.0,0.45279096151438514,0.05549709503612618,0.30609752310710747,0.9129733621494311,False,False,False,-1,0,False,0.0,6,6,
286,0,12,0.27686875470376754,0.712016668960049,1.0,0.590056986466178,0.3239119417798021,0.0,0.0,False,False,False,-1,0,False,0.0,6,6,
287,0,0,0.474115139089872,0.46051956330569777,1.0,0.5243389202057308,0.31556207600781255,0.0,0.0,False,False,False,-1,0,False,0.0,6,6,
288,1,73,0.4009806976690959,0.2960491455681412,0.9651182872447018,0.5247697055402675,0.0896105595087768,0.028545061688291462,0.0012468983614033913,False,False,False,-1,0,False,1.18,6,6,
289,2,56,0.3850344276216191,0.3799288206969108,1.0,0.4621318487720836,0.3568025292174318,0.10366075623389347,0.027603111675328765,False,False,False,-1,15,True,1.18,6,6,
290,1,0,0.24833400855280074,0.30361305032862385,0.970592891358369,0.5238635185758219,0.21439058312398857,0.021343698091347334,0.0003863166660279412,False,False,False,-1,0,False,0.0,6,6,
291,0,0,0.16247592396648333,0.5748103061890609,0.8864798196925342,0.4202842399920078,0.13752879097082674,0.0,0.0,False,False,False,-1,0,False,0.0,7,7,
292,1,0,0.34348739325563254,0.6847352856662812,0.9830243870193658,0.5413968089539886,0.28486856291800045,0.06897135761909619,0.043655778004683135,False,False,False,-1,0,False,0.0,7,7,
293,1,40,0.3858340273914027,0.5895755648545009,0.9648882047733448,0.5299563024350479,0.0341501875309439,0.0864231598324505,0.10835983278310574,False,False,False,-1,1,False,1.18,6,6,
294,1,0,0.16122525168345198,0.49492621563585815,1.0,0.5323277972014814,0.45932006312097806,0.06794195148521147,0.04108846901178373,False,False,False,-1,0,False,0.0,6,6,
295,0,209,0.05446022544948004,0.1973635856995667,0.22196494679337808,0.4810518413673392,0.12748726583034356,0.0,0.0,False,False,False,-1,407,True,1.18,6,6,
296,0,0,0.10465418444364134,0.18312067077270291,0.978648590059453,0.5230080470704815,0.4884455353534381,0.0,0.0,False,False,False,-1,0,False,0.0,7,7,
297,2,0,0.5623761433149914,0.19399247826077787,0.9888590401850599,0.5445267639559702,0.1640998281809939,0.06435713445205475,0.010523563418371443,False,False,False,-1,0,False,0.0,6,6,
298,0,1,0.11207144456119347,0.271189036815275,0.9607532149147525,0.5603957356884445,0.0644676835278229,0.0,0.0,False,False,False,-1,0,False,0.0,9,9,
299,2,1,0.30430213169045883,0.40786278043000246,1.0,0.4979220014173059,0.14358849937109083,0.1049457553490915,0.052667510202082525,False,False,False,-1,0,False,0.0,8,8,
300,5,1,0.5364776545611775,0.19675015866389636,1.0,0.6133170171219524,0.11616193095695598,0.3670564901990444,0.6453507922761978,False,False,False,-1,0,False,0.0,6,6,
301,1,0,0.4728021933969618,0.33928379151451116,0.9935702087569657,0.5434526495184155,0.030215049969892778,0.09411043230807126,0.15276541331386312,False,False,False,-1,0,False,0.0,6,6,
302,0,0,0.3640799425344653,0.25822813947135437,1.0,0.5278062739060448,0.23154975751428047,0.0,0.0,False,False,False,-1,0,False,0.0,6,6,
303,2,1,0.4579377929252947,0.4044362136690264,0.9787360777486849,0.5060014915504432,0.4569811354697998,0.04235134721094154,0.0007677763313206453,False,False,False,-1,0,False,0.0,7,7,
304,852,91,1.0,1.0,1.0,0.6203440853322298,0.538480545966982,2.0,109.08907675942069,True,False,False,-1,0,False,0.0,7,7,
305,5,0,0.9159115034675958,0.3944746199550002,1.0,0.40001678122215995,0.1767513423030327,0.3731757581396053,0.720424314621138,False,False,False,-1,0,False,0.0,7,7,
306,1,117,0.36265320877377727,0.1457138053477573,1.0,0.5315721845388147,0.5365553570319201,0.040951439479192275,0.0053401518224833145,False,False,False,-1,0,False,1.18,6,6,
307,2,11,0.3169920221448091,0.6335606905111725,1.0,0.49793184975594834,0.42568301304193024,0.0762796519269455,0.016685911517645972,False,False,False,-1,0,False,0.0,6,6,
308,1,54,0.5567910978414666,0.29922368858262616,1.0,0.5576899531550414,0.4230819526778459,0.04526969383193573,0.007998933578405951,False,False,False,-1,0,False,1.18,6,6,
309,3,0,0.7742608621376251,0.3957230407094643,1.0,0.530630808473078,0.33411449086904715,0.26810745479443654,0.8951321692173279,False,False,False,-1,0,False,0.0,7,7,
310,4,40,0.4520797044057465,0.257711102105063,1.0,0.4590085435738949,0.14399866733840389,0.4122732714298487,0.8887893070303008,False,False,False,-1,0,False,0.0,7,7,
311,1,0,0.24650617054332227,0.2882565568978507,0.9613996275143087,0.4483261424391825,0.32037351758900195,0.09944521251920549,0.19078235561879187,False,False,False,-1,0,False,0.0,7,7,
312,0,145,0.39312237820439744,0.2378952496150462,0.9645221733330702,0.5106822372584106,0.251174980147273,0.0,0.0,False,False,False,-1,31,True,1.18,6,6,
313,2,96,0.2838335318205202,0.6162987544597516,1.0,0.4171240695835013,0.12438292949032567,0.1998898744104633,0.3893517461607997,False,False,False,-1,0,False,1.18,6,6,
314,1,0,0.17127035464112855,0.05288628354418756,1.0,0.3941280827974548,0.22677721854653127,0.06726423051914648,0.03946136563891709,False,False,False,-1,0,False,0.0,6,6,
315,1,9,0.38746967074243266,0.6114041674670733,0.9981872508290254,0.5435511650352565,0.1896730693969664,0.10299646397807995,0.21976355758743915,False,False,False,-1,0,False,0.0,6,6,
316,1,15,0.23644946647771328,0.4552020489893488,1.0,0.5271916401924504,0.22234729073264276,0.017205295706178212,0.0001620558447965088,False,False,False,-1,0,False,0.0,6,6,
317,1,2,0.5323029231704173,0.09829520044350341,1.0,0.5533057870166552,0.07057159151507085,0.01711926922764732,0.0001588147279005786,False,False,False,-1,0,False,0.0,7,7,
318,3,61,0.47856354852968486,0.548803326570116,0.9944797686306552,0.46404834942660655,0.04265968592447086,0.1314345720301835,0.10512425802559441,False,False,False,-1,0,False,1.18,6,6,
319,1,2,0.2956922724252658,0.18835892530101386,0.9707223370536975,0.5159366543905215,0.09025238986041792,0.14925,0.98,False,False,False,-1,0,False,0.0,6,6,
320,0,75,0.150567766499075,0.5387952873087314,0.9865141477458096,0.403126553692864,0.11663490653455652,0.0,0.0,False,False,False,-1,0,False,1.18,6,6,
321,0,0,0.12185501160948911,0.20344892874392978,0.9918573094561001,0.4944270590320537,0.42725279093688234,0.0,0.0,False,False,False,-1,0,False,0.0,6,6,
322,964,33,1.0,1.0,0.9957862111199514,0.45925187606007056,0.5570304260880344,2.0,114.38924822437276,True,False,False,-1,0,False,0.0,6,6,
323,1,93,0.7118965038341967,0.1936569486795294,0.808825045758874,0.5322108007638022,0.4339249993234164,0.08556108881312181,0.10406878340489474,False,False,False,-1,38,True,1.18,6,6,
324,0,95,0.2929234168646538,0.15732993948745164,1.0,0.5442014650288021,0.12892786084099536,0.0,0.0,False,False,False,-1,0,False,1.18,6,6,
325,1,1,0.21684862856587633,0.3864580639364317,0.9526280447186187,0.4651282044340871,0.26119664766247613,0.04880466612591281,0.010830311679374895,False,False,False,-1,0,False,0.0,6,6,
326,863,58,1.0,1.0,0.9439980713761795,0.4694701347455599,0.5874711873310262,1.98005,98.29711190983402,True,False,False,-1,0,False,0.0,6,6,
327,1,53,0.41005237050959603,0.2846193195457717,1.0,0.5627955576656959,0.009005857193658541,0.12274801815340104,0.44570040395095073,False,False,False,-1,0,False,1.18,6,6,
328,0,205,0.499503477949792,0.23809791491859503,0.430417751951391,0.47608675873304634,0.4715814531543485,0.0,0.0,False,False,False,-1,230,True,1.21,7,7,
329,1050,0,1.0,1.0,0.975586946744811,0.521159561726101,0.6416655085074413,2.0,130.96797033515233,True,False,False,-1,0,False,0.0,6,6,
330,0,2,0.13230661791660173,0.31145246214407846,1.0,0.5718724336372396,0.41291921529179393,0.0,0.0,False,False,False,-1,0,False,0.0,6,6,
331,0,1,0.1870855344067076,0.09653755750906279,1.0,0.43826542483260156,0.2664694132331312,0.0,0.0,False,False,False,-1,0,False,0.0,6,6,
332,4,1,0.49149551084340526,0.1825693959319731,0.9791675880659187,0.49556777721953577,0.27882153642504776,0.15789045455134412,0.028904111630752388,False,False,False,-1,0,False,0.0,6,6,
333,1,0,0.3071104477681556,0.4468313020025687,0.9913826910630611,0.48762993971013097,0.27296699718698564,0.1363734392373795,0.6812326242398921,False,False,False,-1,0,False,0.0,6,6,
334,0,88,0.20910931751494194,0.22378488331853114,0.9261065302807661,0.494694497275356,0.19252355386046152,0.0,0.0,False,False,False,-1,6,True,1.21,7,7,
335,2,36,0.4444417169569428,0.6420043451383914,0.950563013000585,0.46576592349841384,0.04091731341167217,0.15485987172315496,0.32827075414024937,False,False,False,-1,0,False,0.0,6,6,
336,0,2,0.2846658415623239,0.6006098501158904,0.9578272299307905,0.5009372511881458,0.03234979271182949,0.0,0.0,False,False,False,-1,0,False,0.0,6,6,
337,0,78,0.4271429407590233,0.12008731252749369,1.0,0.5290011259234476,0.11262236069633266,0.0,0.0,False,False,False,-1,13,True,1.18,6,6,
338,0,118,0.20028339584802016,0.20453813671391727,0.9643348748477991,0.5085766723203051,0.3426467031496874,0.0,0.0,False,False,False,-1,19,True,1.18,6,6,
339,5,1,0.7559182041190764,0.5333815679786347,1.0,0.4930956241960382,0.08354592332023399,0.35199157231789685,1.0651739295578573,False,False,False,-1,0,False,0.0,6,6,
340,0,0,0.10774913479133208,0.6856136750218561,1.0,0.6131964726313333,0.23410868917067892,0.0,0.0,False,False,False,-1,0,False,0.0,7,7,
341,1,0,0.45637047481935317,0.210649720074137,0.9775038080768791,0.5365557379144994,0.1875044495423754,0.04504334536277605,0.007838954906837833,False,False,False,-1,0,False,0.0,6,6,
342,2,0,0.5018102231147118,0.19827766479733017,1.0,0.5312239373801051,0.22370836766348046,0.13507350953755579,0.3041927406076364,False,False,False,-1,0,False,0.0,6,6,
343,1,0,0.23312935471815663,0.4856399883170689,0.9823869760917056,0.5240440597670496,0.2567921453016565,0.016779443184543448,0.00014648564835455732,False,False,False,-1,0,False,0.0,6,6,
344,0,0,0.022957983763442335,0.39895498852215,1.0,0.5424866974266148,0.35605158798225034,0.0,0.0,False,False,False,-1,0,False,0.0,6,6,
345,1,41,0.5287899538221734,0.521315998880681,0.9665980087792706,0.5158295047399365,0.205433350914088,0.033679785839864654,0.0024286814535104282,False,False,False,-1,0,False,0.0,6,6,
346,1,0,0.23119944188605265,0.3859766431275734,0.9981836019725608,0.5629556552407687,0.3807743177174265,0.11674688356029621,0.3641696800871167,False,False,False,-1,0,False,0.0,6,6,
347,0,2,0.2091662791427285,0.3259273072601558,0.9889271257512459,0.5097705768731976,0.13021405386876503,0.0,0.0,False,False,False,-1,0,False,0.0,6,6,
348,0,11,0.03503458112397058,0.5819095542462934,1.0,0.5593035277756767,0.14219573855170312,0.0,0.0,False,False,False,-1,0,False,0.0,6,6,
349,0,0,0.39699084366446585,0.9256594300155387,0.9048362144393106,0.45409889971665623,0.31102494150421806,0.0,0.0,False,False,False,-1,0,False,0.0,6,6,
