t,mean_x,mean_y,mean_x_all,mean_y_all,mean_L,y0,mean_epc,mean_r,mean_b,fund_prevalence,mean_epc_all,mean_r_all,mean_b_all,fund_prevalence_all,punish_rate,mean_punished,exit_rate,mean_exit_intent,exit_attempt_rate,exit_success_rate,p_opp_mean,stay_value,mean_degree_active,threat,A,budget,enforcer_frac,n_cadre_fallback,cap_mean,cap_p90,service_mean,service_p90,monopoly_on,enforcer_punish_share_step,alpha_punish_revalue,delta_outside_degrade,mu_membership_reward,pi_reward,lam_punish
0,0.3579605308037155,0.5077727076179395,0.3579605308037155,0.5077727076179395,0.26107685272754566,0.5,0.0,0.33369796589576517,0.3279135358137105,0.005714285714285714,0.0,0.33369796589576517,0.3279135358137105,0.005714285714285714,0.0,0.0,0.0,0.0,0.0,0.0,0.5,0.0,11.794285714285714,0.0,0.0,0.0,0.0,0,0.0,0.0,0.0,0.0,0.0,0.0,0.0,0.3,0.2,0.5,0.25
1,0.3663722005023792,0.5082385825338471,0.3663722005023792,0.5082385825338471,0.26107685272754566,0.5073806164839121,0.5742857142857143,0.33449796589576514,0.3285135358137105,0.005714285714285714,0.5742857142857143,0.33449796589576514,0.3285135358137105,0.005714285714285714,0.022857142857142857,0.022857142857142857,0.0,0.008571428571428572,0.0,0.0,0.022570648537122796,0.13196634914903713,11.794285714285714,0.0,0.0,0.15,0.08,28,0.0034285714285714284,0.0,0.022857142857142857,0.0,0.0,0.75,0.0,0.3,0.2,0.5,0.25
2,0.37718134147809484,0.5078572149816112,0.37718134147809484,0.5078572149816112,0.26107685272754566,0.5141656085635229,0.8257142857142857,0.3360408230386223,0.32967067867085337,0.005714285714285714,0.8257142857142857,0.3360408230386223,0.32967067867085337,0.005714285714285714,0.037142857142857144,0.04,0.0,0.011428571428571429,0.0,0.0,0.022570648537122796,0.13196634914903713,11.794285714285714,0.0,0.0,0.15,0.08,26,0.009411428571428572,0.0,0.0624,0.0,0.0,1.0,0.0,0.3,0.2,0.5,0.25
3,0.38732058042039885,0.5076968495723942,0.38732058042039885,0.5076968495723942,0.26107685272754566,0.5201670191075327,0.8942857142857142,0.33672653732433655,0.3301849643851391,0.005714285714285714,0.8942857142857142,0.33672653732433655,0.3301849643851391,0.005714285714285714,0.02,0.02,0.0,0.022857142857142857,0.0,0.0,0.022570648537122796,0.13196634914903713,11.794285714285714,0.0,0.0,0.15,0.08,21,0.012364371428571429,0.0,0.08115199999999999,0.0,0.0,0.8571428571428571,0.0,0.3,0.2,0.5,0.25
4,0.3968186064722573,0.5083744936079269,0.3968186064722573,0.5083744936079269,0.26107685272754566,0.5250415527186992,0.9171428571428571,0.3380408230386223,0.3311706786708534,0.008571428571428572,0.9171428571428571,0.3380408230386223,0.3311706786708534,0.008571428571428572,0.03428571428571429,0.03428571428571429,0.0,0.008571428571428572,0.0,0.0,0.022570648537122796,0.13196634914903713,11.794285714285714,0.0,0.0,0.15,0.08,20,0.017445406714285714,0.0,0.1138146742857143,0.0,0.0,1.0,0.0,0.3,0.2,0.5,0.25
5,0.40501477343254944,0.508528479121625,0.40501477343254944,0.508528479121625,0.26107685272754566,0.5289377756624283,0.8942857142857142,0.33935510875290803,0.3321563929565677,0.008571428571428572,0.8942857142857142,0.33935510875290803,0.3321563929565677,0.008571428571428572,0.03428571428571429,0.03428571428571429,0.0,0.0,0.0,0.0,0.022570648537122796,0.13196634914903713,11.794285714285714,0.0,0.0,0.15,0.08,16,0.022501036823571432,0.0,0.14582409508571428,0.0,0.0,0.9166666666666666,0.0,0.3,0.2,0.5,0.25
6,0.413768541830243,0.5089731042671461,0.413768541830243,0.5089731042671461,0.26107685272754566,0.5322674746221165,0.9028571428571428,0.3407265373243366,0.3331849643851391,0.011428571428571429,0.9028571428571428,0.3407265373243366,0.3331849643851391,0.011428571428571429,0.03428571428571429,0.03428571428571429,0.0,0.022857142857142857,0.0,0.0,0.022570648537122796,0.13196634914903713,11.794285714285714,0.0,0.0,0.15,0.08,11,0.027531388782310713,0.0,0.17719332746971428,0.0,0.0,0.9166666666666666,0.0,0.3,0.2,0.5,0.25
7,0.42243618241388453,0.508996221124417,0.42243618241388453,0.508996221124417,0.26107685272754566,0.5368524641456998,0.8828571428571429,0.3422593061069665,0.3343421072422819,0.011428571428571429,0.8828571428571429,0.3422593061069665,0.3343421072422819,0.011428571428571429,0.045714285714285714,0.045714285714285714,0.0,0.017142857142857144,0.0,0.0,0.022570648537122796,0.13196634914903713,11.794285714285714,0.0,0.0,0.15,0.08,10,0.034250874695542013,0.0,0.21936374663460567,0.0,0.0,0.875,0.0,0.3,0.2,0.5,0.25
8,0.43210020461584725,0.5097357493118145,0.43210020461584725,0.5097357493118145,0.26107685272754566,0.5409199060403584,0.8885714285714286,0.34305930610696644,0.3350706786708534,0.011428571428571429,0.8885714285714286,0.34305930610696644,0.3350706786708534,0.011428571428571429,0.03142857142857143,0.03142857142857143,0.0,0.014285714285714285,0.0,0.0,0.022570648537122796,0.13196634914903713,11.794285714285714,0.0,0.0,0.15,0.08,8,0.03879390603635002,0.0,0.24640504313048503,0.0,0.0,0.9090909090909091,0.0,0.3,0.2,0.5,0.25
9,0.44084618425120886,0.5108696184536615,0.44084618425120886,0.5108696184536615,0.26107685272754566,0.5450359930151615,0.9,0.34391644896410933,0.33588496438513915,0.014285714285714285,0.9,0.34391644896410933,0.33588496438513915,0.014285714285714285,0.03142857142857143,0.03142857142857143,0.0,0.005714285714285714,0.0,0.0,0.022570648537122796,0.13196634914903713,11.794285714285714,0.0,0.0,0.15,0.08,7,0.04331422222045398,0.0,0.2729055136964467,0.0,0.0,0.9090909090909091,0.0,0.3,0.2,0.5,0.25
10,0.4488397885905025,0.511542156321436,0.4488397885905025,0.511542156321436,0.26107685272754566,0.5476183403764028,0.9028571428571428,0.3450593061069665,0.3368278215279963,0.02,0.9028571428571428,0.3450593061069665,0.3368278215279963,0.02,0.03428571428571429,0.03428571428571429,0.0,0.008571428571428572,0.0,0.0,0.022570648537122796,0.13196634914903713,11.794285714285714,0.0,0.0,0.15,0.08,6,0.048240508252208845,0.0,0.3017331177082321,0.0,0.0,1.0,0.0,0.3,0.2,0.5,0.25
11,0.4582219807860419,0.5120292750036848,0.4582219807860419,0.5120292750036848,0.26107685272754566,0.5495098620609847,0.9142857142857143,0.34637359182125216,0.33782323391601204,0.025714285714285714,0.9142857142857143,0.34637359182125216,0.33782323391601204,0.025714285714285714,0.04,0.04,0.0,0.0,0.0,0.0,0.022570648537122796,0.13196634914903713,11.794285714285714,0.0,0.0,0.15,0.08,6,0.05382995189727306,0.0,0.33569845535406745,0.0,0.0,1.0,0.0,0.3,0.2,0.5,0.25
12,0.4678906749542167,0.5116910561511105,0.4678906749542167,0.5116910561511105,0.26107685272754566,0.5510248538859598,0.9285714285714286,0.34723073467839505,0.33846609105886916,0.025714285714285714,0.9285714285714286,0.34723073467839505,0.33846609105886916,0.025714285714285714,0.022857142857142857,0.022857142857142857,0.0,0.008571428571428572,0.0,0.0,0.022570648537122796,0.13196634914903713,11.794285714285714,0.0,0.0,0.15,0.08,6,0.05698937356635813,0.0,0.351841629104129,0.0,0.0,1.0,0.0,0.3,0.2,0.5,0.25
13,0.47614554038262447,0.5130217254685452,0.47614554038262447,0.5130217254685452,0.26107685272754566,0.5524323371786831,0.8885714285714286,0.3490021632498236,0.33979466248744056,0.03142857142857143,0.8885714285714286,0.3490021632498236,0.33979466248744056,0.03142857142857143,0.045714285714285714,0.045714285714285714,0.0,0.011428571428571429,0.0,0.0,0.022570648537122796,0.13196634914903713,11.794285714285714,0.0,0.0,0.15,0.08,6,0.0635615695556692,0.0,0.3905190822363321,0.0,0.0,1.0,0.0,0.3,0.2,0.5,0.25
14,0.4860654902995527,0.5135123824184219,0.4860654902995527,0.5135123824184219,0.26107685272754566,0.5532315489774107,0.9114285714285715,0.3507834754242256,0.34125180534458344,0.03142857142857143,0.9114285714285715,0.3507834754242256,0.34125180534458344,0.03142857142857143,0.054285714285714284,0.05714285714285714,0.0,0.008571428571428572,0.0,0.0,0.022570648537122796,0.13196634914903713,11.794285714285714,0.0,0.0,0.15,0.08,4,0.07078137991274693,0.0,0.4398515577344626,0.0,0.0,1.0,0.0,0.3,0.2,0.5,0.25
15,0.4938545910127032,0.5141395050145355,0.4938545910127032,0.5141395050145355,0.26107685272754566,0.553856696693104,0.8971428571428571,0.3525856833967335,0.342623233916012,0.03142857142857143,0.8971428571428571,0.3525856833967335,0.342623233916012,0.03142857142857143,0.05142857142857143,0.054285714285714284,0.0,0.014285714285714285,0.0,0.0,0.022570648537122796,0.13196634914903713,11.794285714285714,0.0,0.0,0.15,0.08,4,0.07762203716769735,0.0,0.4853402408654876,0.0,0.0,0.9473684210526315,0.0,0.3,0.2,0.5,0.25
16,0.5038329519087859,0.5144761651143293,0.5038329519087859,0.5144761651143293,0.26107685272754566,0.5542911062717524,0.92,0.3538920005182401,0.3440027036811384,0.037142857142857144,0.92,0.3538920005182401,0.3440027036811384,0.037142857142857144,0.05142857142857143,0.05142857142857143,0.0,0.017142857142857144,0.0,0.0,0.022570648537122796,0.13196634914903713,11.794285714285714,0.0,0.0,0.15,0.08,4,0.08249092698185885,0.0,0.5270620074767493,0.0,0.0,0.9444444444444444,0.0,0.3,0.2,0.5,0.25
17,0.5125631080660712,0.514897211513436,0.5125631080660712,0.514897211513436,0.26107685272754566,0.5547496017786772,0.9171428571428571,0.3552864312087473,0.3453694070031895,0.04,0.9171428571428571,0.3552864312087473,0.3453694070031895,0.04,0.04857142857142857,0.054285714285714284,0.0,0.014285714285714285,0.0,0.0,0.022570648537122796,0.13196634914903713,11.794285714285714,0.0,0.0,0.15,0.08,4,0.08931696011698903,0.13872004384023753,0.5708064816129286,0.7298896209067274,0.0,0.8947368421052632,0.0,0.3,0.2,0.5,0.25
18,0.5204155701510091,0.5164899586105735,0.5204155701510091,0.5164899586105735,0.26107685272754566,0.5554954371219478,0.9142857142857143,0.3559150026373188,0.34601203706142475,0.04,0.9142857142857143,0.3559150026373188,0.34601203706142475,0.04,0.037142857142857144,0.037142857142857144,0.0,0.017142857142857144,0.0,0.0,0.022570648537122796,0.13196634914903713,11.794285714285714,0.0,0.0,0.15,0.08,3,0.09195478762958621,0.13802644362103636,0.5965332091235271,0.7152918284885929,0.0,1.0,0.0,0.3,0.2,0.5,0.25
19,0.5289457700451684,0.5170709342421803,0.5289457700451684,0.5170709342421803,0.26107685272754566,0.5562416320387833,0.9057142857142857,0.3566007169230331,0.3471263227757105,0.04,0.9057142857142857,0.3566007169230331,0.3471263227757105,0.04,0.05142857142857143,0.05142857142857143,0.0,0.022857142857142857,0.0,0.0,0.022570648537122796,0.13196634914903713,11.794285714285714,0.0,0.0,0.15,0.08,3,0.09466601440572397,0.13733631140293118,0.636031116369628,0.7009859919188209,0.0,1.0,0.0,0.3,0.2,0.5,0.25
20,0.5377768378526262,0.517576753873101,0.5377768378526262,0.517576753873101,0.26107685272754566,0.5569026530347997,0.9,0.35757074187950677,0.34789995488082137,0.04,0.9,0.35757074187950677,0.34789995488082137,0.04,0.054285714285714284,0.054285714285714284,0.0,0.025714285714285714,0.0,0.0,0.022570648537122796,0.13196634914903713,11.794285714285714,0.0,0.0,0.15,0.08,3,0.0981925414765525,0.1392052625817053,0.6775962083279496,0.7400763865283538,0.0,0.9473684210526315,0.0,0.3,0.2,0.5,0.25
21,0.5469249827656759,0.5176290900554248,0.5469249827656759,0.5176290900554248,0.26107685272754566,0.5574008727795985,0.9257142857142857,0.3582194782675192,0.3488775519917145,0.04,0.9257142857142857,0.3582194782675192,0.3488775519917145,0.04,0.05142857142857143,0.05142857142857143,0.0,0.02,0.0,0.0,0.022570648537122796,0.13196634914903713,11.794285714285714,0.0,0.0,0.15,0.08,2,0.102496280493817,0.14060782564248914,0.715472855589962,0.7705918227075738,0.0,0.8888888888888888,0.0,0.3,0.2,0.5,0.25
22,0.557236770838445,0.5185307279589676,0.557236770838445,0.5185307279589676,0.26107685272754566,0.5578104520327175,0.8857142857142857,0.3591142639032085,0.34956326627742873,0.04,0.8857142857142857,0.3591142639032085,0.34956326627742873,0.04,0.045714285714285714,0.045714285714285714,0.0,0.017142857142857144,0.0,0.0,0.022570648537122796,0.13196634914903713,11.794285714285714,0.0,0.0,0.15,0.08,2,0.10581975178453436,0.13990478651427668,0.7468776841924486,0.7551799862534223,0.0,1.0,0.0,0.3,0.2,0.5,0.25
23,0.5677768869523233,0.5194239954155432,0.5677768869523233,0.5194239954155432,0.26107685272754566,0.5579565209034539,0.9085714285714286,0.36031426390320853,0.350548980563143,0.04,0.9085714285714286,0.36031426390320853,0.350548980563143,0.04,0.06285714285714286,0.06857142857142857,0.0,0.03428571428571429,0.0,0.0,0.022570648537122796,0.13196634914903713,11.794285714285714,0.0,0.0,0.15,0.08,1,0.11026179588275452,0.1392052625817053,0.8005115590800281,0.7400763865283538,0.0,1.0,0.0,0.3,0.2,0.5,0.25
24,0.5776119848552164,0.5205217418898067,0.5776119848552164,0.5205217418898067,0.26107685272754566,0.5583255177800375,0.8971428571428571,0.36185712104606566,0.35196326627742874,0.04857142857142857,0.8971428571428571,0.36185712104606566,0.35196326627742874,0.04857142857142857,0.06571428571428571,0.06571428571428571,0.0,0.04,0.0,0.0,0.022570648537122796,0.13196634914903713,11.794285714285714,0.0,0.0,0.15,0.08,1,0.11564858122618595,0.13850923626879677,0.8502156136127133,0.7252748587977867,0.0,1.0,0.0,0.3,0.2,0.5,0.25
25,0.5873067040488397,0.5212332304915664,0.5873067040488397,0.5212332304915664,0.26107685272754566,0.5580103177993484,0.9257142857142857,0.36266844502639245,0.35290612342028593,0.04857142857142857,0.9257142857142857,0.36266844502639245,0.35290612342028593,0.04857142857142857,0.05714285714285714,0.06,0.0,0.03428571428571429,0.0,0.0,0.022570648537122796,0.13196634914903713,11.794285714285714,0.0,0.0,0.15,0.08,0,0.11758419546291216,0.1378166900874528,0.893211301340459,0.710769361621831,0.0,1.0,0.0,0.3,0.2,0.5,0.25
26,0.5970973951384347,0.5221113531921573,0.5970973951384347,0.5221113531921573,0.26107685272754566,0.5578590594356562,0.88,0.36345121321016594,0.3538118873258993,0.04857142857142857,0.88,0.36345121321016594,0.3538118873258993,0.04857142857142857,0.05142857142857143,0.05714285714285714,0.0,0.04,0.0,0.0,0.022570648537122796,0.13196634914903713,11.794285714285714,0.0,0.0,0.15,0.08,0,0.11982704779394338,0.13823937518482593,0.9324899324565071,0.7200968702513383,0.0,0.95,0.0,0.3,0.2,0.5,0.25
27,0.607168759340302,0.5230720293261661,0.607168759340302,0.5230720293261661,0.26107685272754566,0.5575213675699348,0.9142857142857143,0.36482266322796925,0.35509306872080726,0.05142857142857143,0.9142857142857143,0.36482266322796925,0.35509306872080726,0.05142857142857143,0.07428571428571429,0.07714285714285714,0.0,0.04857142857142857,0.0,0.0,0.022570648537122796,0.13196634914903713,11.794285714285714,0.0,0.0,0.15,0.08,0,0.12431334112640222,0.13754817830890181,0.9909829909502339,0.7056949328463115,0.0,1.0,0.0,0.3,0.2,0.5,0.25
28,0.616082265724597,0.5242769954829112,0.616082265724597,0.5242769954829112,0.26107685272754566,0.5568745646553734,0.92,0.3651523819343444,0.355607354435093,0.054285714285714284,0.92,0.3651523819343444,0.355607354435093,0.054285714285714284,0.05142857142857143,0.05142857142857143,0.0,0.05714285714285714,0.0,0.0,0.022570648537122796,0.13196634914903713,11.794285714285714,0.0,0.0,0.15,0.08,0,0.12491977513505592,0.1368604374173573,1.0225919025598007,0.6915810341893852,0.0,1.0,0.0,0.3,0.2,0.5,0.25
29,0.6252838994982161,0.5251147150311366,0.6252838994982161,0.5251147150311366,0.26107685272754566,0.5561000223516338,0.9142857142857143,0.3655125868865156,0.35652681196431407,0.05714285714285714,0.9142857142857143,0.3655125868865156,0.35652681196431407,0.05714285714285714,0.05714285714285714,0.05714285714285714,0.0,0.04857142857142857,0.0,0.0,0.022570648537122796,0.13196634914903713,11.794285714285714,0.0,0.0,0.15,0.08,0,0.12718046197366634,0.14124342103715634,1.0592829216514617,0.7847167237347998,0.0,0.9,0.0,0.3,0.2,0.5,0.25
30,0.6328473007999103,0.526303212120392,0.6328473007999103,0.526303212120392,0.26107685272754566,0.5555433261505007,0.9,0.3664598745019418,0.35769008444099887,0.05714285714285714,0.9,0.3664598745019418,0.35769008444099887,0.05714285714285714,0.08,0.08571428571428572,0.0,0.04857142857142857,0.0,0.0,0.022570648537122796,0.13196634914903713,11.794285714285714,0.0,0.0,0.15,0.08,0,0.13031238500016235,0.14075013549576013,1.1238115489327183,0.7738274310228492,0.0,0.9666666666666667,0.0,0.3,0.2,0.5,0.25
31,0.6392176131970395,0.5272181140676253,0.6392176131970395,0.5272181140676253,0.26107685272754566,0.5551396956823802,0.8971428571428571,0.3666884459305132,0.35816151301242743,0.05714285714285714,0.8971428571428571,0.3666884459305132,0.35816151301242743,0.05714285714285714,0.054285714285714284,0.054285714285714284,0.0,0.06,0.0,0.0,0.022570648537122796,0.13196634914903713,11.794285714285714,0.0,0.0,0.15,0.08,0,0.13140155159312572,0.1400463848182813,1.1556210322397782,0.7583508824023922,0.0,1.0,0.0,0.3,0.2,0.5,0.25
32,0.6473999916686574,0.5271114095847614,0.6473999916686574,0.5271114095847614,0.26107685272754566,0.5547650013866436,0.92,0.3671455887876561,0.3586791920700277,0.05714285714285714,0.92,0.3671455887876561,0.3586791920700277,0.05714285714285714,0.054285714285714284,0.05714285714285714,0.0,0.06571428571428571,0.0,0.0,0.022570648537122796,0.13196634914903713,11.794285714285714,0.0,0.0,0.15,0.08,0,0.13322968740658866,0.14131439763064235,1.1896514687378397,0.7863181864362998,0.0,0.95,0.0,0.3,0.2,0.5,0.25
33,0.6573139624935711,0.5272323451432193,0.6573139624935711,0.5272323451432193,0.26107685272754566,0.5545608542319764,0.9171428571428571,0.3677237916490079,0.3596220492128848,0.06,0.9171428571428571,0.3677237916490079,0.3596220492128848,0.06,0.08,0.08,0.0,0.06857142857142857,0.0,0.0,0.022570648537122796,0.13196634914903713,11.794285714285714,0.0,0.0,0.15,0.08,0,0.13529291661385923,0.14124342103715634,1.245858439363083,0.7847167237347998,0.0,0.9642857142857143,0.0,0.3,0.2,0.5,0.25
34,0.6679487483160768,0.5287648028192238,0.6679487483160768,0.5287648028192238,0.26107685272754566,0.5541581244570307,0.9,0.3682952202204365,0.36056490635574195,0.06,0.9,0.3682952202204365,0.36056490635574195,0.06,0.06571428571428571,0.07714285714285714,0.0,0.08285714285714285,0.0,0.0,0.022570648537122796,0.13196634914903713,11.794285714285714,0.0,0.0,0.15,0.08,0,0.1372158813165042,0.14053720393197056,1.2980841277186785,0.7690223892601038,0.0,1.0,0.0,0.3,0.2,0.5,0.25
35,0.6772327612090817,0.5299295003459454,0.6772327612090817,0.5299295003459454,0.26107685272754566,0.5538245455474993,0.9171428571428571,0.36866851753242375,0.3610791920700277,0.06,0.9171428571428571,0.36866851753242375,0.3610791920700277,0.06,0.04857142857142857,0.05142857142857143,0.0,0.08571428571428572,0.0,0.0,0.022570648537122796,0.13196634914903713,11.794285714285714,0.0,0.0,0.15,0.08,0,0.1385573479443707,0.1398345179123107,1.323551016592876,0.7536419414749017,0.0,1.0,0.0,0.3,0.2,0.5,0.25
36,0.6882075138578927,0.5302521950422521,0.6882075138578927,0.5302521950422521,0.26107685272754566,0.553586489452463,0.9342857142857143,0.3690113746752809,0.36142204921288484,0.06,0.9342857142857143,0.3690113746752809,0.36142204921288484,0.06,0.05714285714285714,0.06285714285714286,0.0,0.11428571428571428,0.0,0.0,0.022570648537122796,0.13196634914903713,11.794285714285714,0.0,0.0,0.15,0.08,0,0.1397195683296667,0.13948846274746088,1.3599371391181616,0.7464194730696198,0.0,0.9545454545454546,0.0,0.3,0.2,0.5,0.25
37,0.6972318035505021,0.5307933502737638,0.6972318035505021,0.5307933502737638,0.26107685272754566,0.5531966830903905,0.8971428571428571,0.3694685175324238,0.3619363349271706,0.06,0.8971428571428571,0.3694685175324238,0.3619363349271706,0.06,0.06,0.06,0.0,0.12857142857142856,0.0,0.0,0.022570648537122796,0.13196634914903713,11.794285714285714,0.0,0.0,0.15,0.08,0,0.14182594768330756,0.13879102043372357,1.3927383963357982,0.7314910836082273,0.0,1.0,0.0,0.3,0.2,0.5,0.25
38,0.7089278548801492,0.530941639402246,0.7089278548801492,0.530941639402246,0.26107685272754566,0.5531512153090274,0.9057142857142857,0.37009553971755527,0.3630314721875142,0.06285714285714286,0.9057142857142857,0.37009553971755527,0.3630314721875142,0.06285714285714286,0.07714285714285714,0.08285714285714285,0.0,0.15714285714285714,0.0,0.0,0.022570648537122796,0.13196634914903713,11.794285714285714,0.0,0.0,0.15,0.08,0,0.1436976652596776,0.13809706533155494,1.4477407712662251,0.7168612619360628,0.0,1.0,0.0,0.3,0.2,0.5,0.25
39,0.7174723362326497,0.5321888097177553,0.7174723362326497,0.5321888097177553,0.26107685272754566,0.5527067939129681,0.9114285714285715,0.37032411114612673,0.36346004361608564,0.06285714285714286,0.9114285714285715,0.37032411114612673,0.36346004361608564,0.06285714285714286,0.04857142857142857,0.054285714285714284,0.0,0.16857142857142857,0.0,0.0,0.022570648537122796,0.13196634914903713,11.794285714285714,0.0,0.0,0.15,0.08,0,0.1439287625242882,0.14075013549576013,1.4730716701266149,0.7738274310228492,0.0,0.9473684210526315,0.0,0.3,0.2,0.5,0.25
40,0.7261980944434471,0.5329003422850431,0.7261980944434471,0.5329003422850431,0.26107685272754566,0.5525253701333706,0.9228571428571428,0.3710669682889839,0.3641716318273977,0.06571428571428571,0.9228571428571428,0.3710669682889839,0.3641716318273977,0.06571428571428571,0.06285714285714286,0.06857142857142857,0.0,0.17714285714285713,0.002857142857142857,0.0,0.022570648537122796,0.13196634914903713,11.794285714285714,0.0,0.0,0.15,0.08,0,0.14543711871166679,0.14195318697201642,1.5121816652955113,0.8007313507497957,0.0,0.9583333333333334,0.0,0.3,0.2,0.5,0.25
41,0.7339488251207519,0.5326376701260078,0.7339488251207519,0.5326376701260078,0.26107685272754566,0.5521341024074753,0.9,0.3713464490101595,0.36425734611311195,0.06571428571428571,0.9,0.3713464490101595,0.36425734611311195,0.06571428571428571,0.06285714285714286,0.07142857142857142,0.0,0.19428571428571428,0.002857142857142857,0.0,0.022570648537122796,0.13196634914903713,11.794285714285714,0.0,0.0,0.15,0.08,0,0.14519521883239417,0.14124342103715634,1.5533666034181721,0.7847167237347998,0.0,1.0,0.0,0.3,0.2,0.5,0.25
42,0.7430261797989002,0.5328280698057705,0.7430261797989002,0.5328280698057705,0.26107685272754566,0.551866311439315,0.8942857142857142,0.3714607347244453,0.36451448897025485,0.06571428571428571,0.8942857142857142,0.3714607347244453,0.36451448897025485,0.06571428571428571,0.054285714285714284,0.06571428571428571,0.0,0.19142857142857142,0.002857142857142857,0.0,0.022570648537122796,0.13196634914903713,11.794285714285714,0.0,0.0,0.15,0.08,0,0.14541095987751787,0.14053720393197056,1.5880135570640947,0.7690223892601038,0.0,1.0,0.0,0.3,0.2,0.5,0.25
43,0.7511781906922692,0.5335938620014902,0.7511781906922692,0.5335938620014902,0.26107685272754566,0.551635637503215,0.8885714285714286,0.371975020438731,0.36507163182739766,0.06571428571428571,0.8885714285714286,0.371975020438731,0.36507163182739766,0.06571428571428571,0.05142857142857143,0.05142857142857143,0.0,0.2257142857142857,0.002857142857142857,0.0,0.022570648537122796,0.13196634914903713,11.794285714285714,0.0,0.0,0.15,0.08,1,0.14733582177322996,0.14067880223597518,1.607681857351384,0.7721932854090737,0.0,0.8888888888888888,0.0,0.3,0.2,0.5,0.25
44,0.7584981875579186,0.5344544861280053,0.7584981875579186,0.5344544861280053,0.26107685272754566,0.5514931423341413,0.8628571428571429,0.37214644901015953,0.3655196221902197,0.06571428571428571,0.8628571428571429,0.37214644901015953,0.3655196221902197,0.06571428571428571,0.07714285714285714,0.08857142857142856,0.0,0.26285714285714284,0.002857142857142857,0.0,0.022570648537122796,0.13196634914903713,11.794285714285714,0.0,0.0,0.15,0.08,0,0.1485617850523385,0.14131439763064235,1.6640996487757849,0.7863181864362998,0.0,0.967741935483871,0.0,0.3,0.2,0.5,0.25
45,0.7653854723441028,0.5358097815710153,0.7653854723441028,0.5358097815710153,0.26107685272754566,0.5515340998047669,0.9028571428571428,0.3722389922721061,0.36598051806531967,0.06571428571428571,0.9028571428571428,0.3722389922721061,0.36598051806531967,0.06571428571428571,0.06857142857142857,0.07714285714285714,0.0,0.29714285714285715,0.005714285714285714,0.0,0.022570648537122796,0.13196634914903713,11.794285714285714,0.0,0.0,0.15,0.08,0,0.14865721587639608,0.14060782564248914,1.7079605129431261,0.7705918227075738,0.0,1.0,0.0,0.3,0.2,0.5,0.25
46,0.7738535949252371,0.5356069943043621,0.7738535949252371,0.5356069943043621,0.26107685272754566,0.5516302220900193,0.8942857142857142,0.37246756370067746,0.3664016019470273,0.06571428571428571,0.8942857142857142,0.37246756370067746,0.3664016019470273,0.06571428571428571,0.06857142857142857,0.06857142857142857,0.0,0.3142857142857143,0.011428571428571429,0.0,0.022570648537122796,0.13196634914903713,11.794285714285714,0.0,0.0,0.15,0.08,0,0.14936978979344268,0.14075013549576013,1.7423727312556925,0.7738274310228492,0.0,0.9583333333333334,0.0,0.3,0.2,0.5,0.25
47,0.7777061140501108,0.5367074470597702,0.7777061140501108,0.5367074470597702,0.26107685272754566,0.5517431797822494,0.8828571428571429,0.373096135129249,0.3669587448041701,0.06857142857142857,0.8828571428571429,0.373096135129249,0.3669587448041701,0.06857142857142857,0.07142857142857142,0.07428571428571429,0.0,0.35428571428571426,0.011428571428571429,0.0,0.022570648537122796,0.13196634914903713,11.794285714285714,0.0,0.0,0.15,0.08,0,0.15176380511235046,0.14417637058482624,1.7818109909162925,0.8524992736482793,0.0,0.9230769230769231,0.0,0.3,0.2,0.5,0.25
48,0.784949968370462,0.5375248240903892,0.784949968370462,0.5375248240903892,0.26107685272754566,0.551951732411183,0.8857142857142857,0.3733818494149633,0.3673016019470273,0.06857142857142857,0.8857142857142857,0.3733818494149633,0.3673016019470273,0.06857142857142857,0.07714285714285714,0.08285714285714285,0.0,0.3914285714285714,0.014285714285714285,0.0,0.022570648537122796,0.13196634914903713,11.794285714285714,0.0,0.0,0.15,0.08,0,0.1523679524185377,0.14345548873190211,1.82903191395511,0.8354492881753136,0.0,1.0,0.0,0.3,0.2,0.5,0.25
49,0.794697966129474,0.53781589576593,0.7932848215619174,0.5376506020476788,0.26107685272754566,0.5521037541966413,0.828080229226361,0.3732393340946506,0.3677349009995871,0.06876790830945559,0.8257142857142857,0.37343899227210614,0.367515887661313,0.06857142857142857,0.06571428571428571,0.06857142857142857,0.002857142857142857,0.41714285714285715,0.011461318051575931,0.002857142857142857,0.022591097861548285,0.1319663491490371,11.736389684813753,0.0,0.0,0.15,0.08022922636103152,0,0.15249125622787357,0.1427382112882426,1.861022704247436,0.8187403024118074,0.0,1.0,0.0,0.3,0.2,0.5,0.25
50,0.8013533166021428,0.5378170417297189,0.7999211567475215,0.5375979588927744,0.26107685272754566,0.5522133071894114,0.8997134670487106,0.37341125386542423,0.36812172048382785,0.06876790830945559,0.8971428571428571,0.3736104208435347,0.36790160194702726,0.06857142857142857,0.05714285714285714,0.07428571428571429,0.002857142857142857,0.4228571428571429,0.011461318051575931,0.0,0.02261097269773715,0.1319663491490371,11.736389684813753,0.0,0.0,0.15,0.08022922636103152,0,0.15352354338996574,0.1428826773150215,1.8980879644482014,0.8221780795234651,0.0,0.9615384615384616,0.0,0.3,0.2,0.5,0.25
51,0.8076080643628145,0.5381406320294622,0.8061580338003055,0.5379911442194839,0.26107685272754566,0.5522249673674863,0.8510028653295129,0.37358317363619786,0.36825066031190806,0.06876790830945559,0.8485714285714285,0.37378184941496323,0.36803017337559873,0.06857142857142857,0.05714285714285714,0.06285714285714286,0.002857142857142857,0.4542857142857143,0.014326647564469915,0.0,0.02261097269773715,0.1319663491490371,11.736389684813753,0.0,0.0,0.15,0.08022922636103152,0,0.1537545006694445,0.14410395653631553,1.9229833480163803,0.8507630225817854,0.0,0.9545454545454546,0.0,0.3,0.2,0.5,0.25
52,0.8146367663822925,0.5385357618534683,0.8131666538140135,0.5383950790008115,0.26107685272754566,0.5521666922491081,0.8194842406876791,0.3738123999972294,0.3686374797961488,0.06876790830945559,0.8171428571428572,0.3740104208435347,0.36841588766131295,0.06857142857142857,0.05714285714285714,0.06571428571428571,0.002857142857142857,0.5171428571428571,0.014326647564469915,0.0,0.02261097269773715,0.1319663491490371,11.736389684813753,0.0,0.0,0.15,0.08022922636103152,0,0.15355587245181154,0.14338343675363394,1.9502379667703384,0.8337477621301497,0.0,1.0,0.0,0.3,0.2,0.5,0.25
53,0.8201105941970381,0.5392557665556397,0.818624842120717,0.5391772837549444,0.26107685272754566,0.5522546774313856,0.8595988538681948,0.37421354612903457,0.3690242992803895,0.06876790830945559,0.8571428571428571,0.3744104208435347,0.3688016019470273,0.06857142857142857,0.06285714285714286,0.06857142857142857,0.002857142857142857,0.54,0.017191977077363897,0.0,0.02261097269773715,0.1319663491490371,11.736389684813753,0.0,0.0,0.15,0.08022922636103152,0,0.15487138308598106,0.14352790278041283,1.9798046360063601,0.8371855392418075,0.0,0.9166666666666666,0.0,0.3,0.2,0.5,0.25
54,0.8249210659703803,0.5399641356505933,0.8234215696889925,0.5398445626102764,0.26107685272754566,0.5523359365828193,0.8710601719197708,0.37448048201278294,0.36962601847809723,0.06876790830945559,0.8685714285714285,0.3746765940533295,0.3694016019470273,0.06857142857142857,0.08571428571428572,0.10571428571428572,0.002857142857142857,0.6171428571428571,0.017191977077363897,0.0,0.02261097269773715,0.1319663491490371,11.736389684813753,0.0,0.0,0.15,0.08022922636103152,0,0.155808748295569,0.14281026326651078,2.045922829000519,0.8204418284569713,0.0,1.0,0.0,0.3,0.2,0.5,0.25
55,0.8309109904801896,0.541145192436797,0.8293943801287739,0.5410250761738595,0.26107685272754566,0.5523948151029902,0.8681948424068768,0.37448048201278294,0.36971197836348396,0.06876790830945559,0.8657142857142858,0.3746765940533295,0.36948731623274156,0.06857142857142857,0.05714285714285714,0.07142857142857142,0.002857142857142857,0.6628571428571428,0.017191977077363897,0.0,0.02261097269773715,0.1319663491490371,11.736389684813753,0.0,0.0,0.15,0.08022922636103152,0,0.15557213312551973,0.14209621195017821,2.07643294384908,0.8040329918878318,0.0,1.0,0.0,0.3,0.2,0.5,0.25
56,0.8354219154824102,0.541818390009123,0.8338924167738451,0.541671931515411,0.26107685272754566,0.552485055385798,0.836676217765043,0.37493893473484596,0.3702277376758049,0.06876790830945559,0.8342857142857143,0.3751337369104723,0.3700016019470273,0.06857142857142857,0.08,0.1,0.002857142857142857,0.6885714285714286,0.017191977077363897,0.0,0.02261097269773715,0.1319663491490371,11.736389684813753,0.0,0.0,0.15,0.08022922636103152,0,0.15670061558703388,0.1413857308904273,2.134904284972098,0.7879523320500753,0.0,1.0,0.0,0.3,0.2,0.5,0.25
57,0.8432885414448987,0.5413935651231891,0.8417365666621552,0.5412801471559578,0.26107685272754566,0.5524811738693429,0.8653295128939829,0.37522546768613546,0.37081067341327845,0.06876790830945559,0.8628571428571429,0.37541945119618664,0.3705828721538223,0.06857142857142857,0.10857142857142857,0.12571428571428572,0.002857142857142857,0.7371428571428571,0.017191977077363897,0.0,0.02261097269773715,0.1319663491490371,11.736389684813753,0.0,0.0,0.15,0.08022922636103152,0,0.15791611322338445,0.14067880223597518,2.217920484986942,0.7721932854090737,0.0,0.9545454545454546,0.0,0.3,0.2,0.5,0.25
58,0.8476550588764017,0.5409113897345731,0.8461894732797254,0.5408457275514919,0.26107685272754566,0.5525682691100358,0.8275862068965517,0.3745669899433269,0.37070650303641034,0.06896551724137931,0.8228571428571428,0.37553373691047237,0.3707543007252509,0.06857142857142857,0.08857142857142856,0.11142857142857143,0.005714285714285714,0.7771428571428571,0.014367816091954023,0.002857142857142857,0.022643628783209965,0.1319663491490371,11.683908045977011,0.0,0.0,0.15,0.08045977011494253,0,0.15824010480012465,0.1399754082247953,2.2849906467157743,0.7567494197008923,0.0,1.0,0.0,0.3,0.2,0.5,0.25
59,0.8516989525404269,0.5411994334417253,0.8503752138107751,0.5408731191313119,0.26107685272754566,0.552398671980973,0.8559077809798271,0.37537702412169444,0.3711179287218041,0.069164265129683,0.8485714285714285,0.37610516548190087,0.3711284549697227,0.06857142857142857,0.09142857142857143,0.10285714285714286,0.008571428571428572,0.84,0.01729106628242075,0.002857142857142857,0.022674760581101825,0.1319663491490371,11.60806916426513,0.0,0.0,0.15,0.08069164265129683,0,0.16016261927612402,0.1392755311836713,2.3421479766386013,0.7416144313068743,0.0,1.0,0.0,0.3,0.2,0.5,0.25
60,0.8585623353224086,0.5420346558977495,0.8571797675974826,0.5416704968749221,0.26107685272754566,0.5521385595169788,0.861671469740634,0.37589575611016707,0.37161569465295086,0.069164265129683,0.8542857142857143,0.3766194511961866,0.37162195433574524,0.06857142857142857,0.08285714285714285,0.09714285714285714,0.008571428571428572,0.8857142857142857,0.023054755043227664,0.0,0.022697669701551137,0.1319663491490371,11.60806916426513,0.0,0.0,0.15,0.08069164265129683,0,0.1622465211797434,0.13990478651427668,2.3924478742486865,0.7551799862534223,0.0,0.9705882352941176,0.0,0.3,0.2,0.5,0.25
61,0.8625530834264687,0.5432021780740446,0.8611363092892221,0.5427704465025716,0.26107685272754566,0.5517262195878168,0.8184438040345822,0.37629921432342356,0.3718318329814811,0.07204610951008646,0.8114285714285714,0.3770194511961866,0.3718362400500311,0.07142857142857142,0.10285714285714286,0.12285714285714286,0.008571428571428572,0.9514285714285714,0.025936599423631124,0.0,0.022697669701551137,0.1319663491490371,11.60806916426513,0.0,0.0,0.15,0.08069164265129683,0,0.16303358141314825,0.1400463848182813,2.4674560596208557,0.7583508824023922,0.0,0.9767441860465116,0.0,0.3,0.2,0.5,0.25
62,0.8681791321410333,0.543440378955367,0.8667141347290904,0.5430235065651685,0.26107685272754566,0.5512504056369613,0.7896253602305475,0.3764721249862477,0.37191828831289325,0.07204610951008646,0.7828571428571428,0.3771908797676152,0.37192195433574526,0.07142857142857142,0.10285714285714286,0.12571428571428572,0.008571428571428572,1.002857142857143,0.025936599423631124,0.0,0.022697669701551137,0.1319663491490371,11.60806916426513,0.0,0.0,0.15,0.08069164265129683,0,0.16373170207393964,0.1393461528941899,2.5438212241427243,0.7431838647543443,0.0,1.0,0.0,0.3,0.2,0.5,0.25
63,0.8731746405247625,0.5434240303340985,0.8716668244695305,0.5429179551037705,0.26107685272754566,0.5509420948893277,0.8386167146974063,0.37699085697472046,0.3721776543071295,0.07492795389048991,0.8314285714285714,0.3777051654819009,0.37217909719288816,0.07428571428571429,0.09714285714285714,0.12285714285714286,0.008571428571428572,1.0457142857142858,0.02881844380403458,0.0,0.022697669701551137,0.1319663491490371,11.60806916426513,0.0,0.0,0.15,0.08069164265129683,0,0.16576932999214136,0.14075013549576013,2.6158019425170127,0.7738274310228492,0.0,0.9767441860465116,0.0,0.3,0.2,0.5,0.25
64,0.8778340508981283,0.5433376067868855,0.8762862970396958,0.5427549530979054,0.26107685272754566,0.5508484308950847,0.829971181556196,0.3775672258508011,0.37252347563277793,0.07492795389048991,0.8228571428571428,0.3782765940533294,0.3725219543357453,0.07428571428571429,0.08,0.09428571428571429,0.008571428571428572,1.082857142857143,0.03170028818443804,0.0,0.022697669701551137,0.1319663491490371,11.60806916426513,0.0,0.0,0.15,0.08069164265129683,0,0.16728220048146636,0.14195318697201642,2.657771617952387,0.8007313507497957,0.0,0.9393939393939394,0.0,0.3,0.2,0.5,0.25
65,0.8818446237931735,0.5433684046555025,0.8802624935956409,0.5428328003889624,0.26107685272754566,0.5509259445347519,0.8213256484149856,0.3784317791649221,0.3731718906183687,0.07780979827089338,0.8142857142857143,0.3791337369104723,0.3731648114786024,0.07714285714285714,0.08571428571428572,0.10857142857142857,0.008571428571428572,1.1285714285714286,0.0345821325648415,0.0,0.022697669701551137,0.1319663491490371,11.60806916426513,0.0,0.0,0.15,0.08069164265129683,0,0.1691590759076305,0.14174781023026894,2.713187614164767,0.7966371310413225,0.0,0.9736842105263158,0.0,0.3,0.2,0.5,0.25
66,0.8866972806035786,0.5437954460400247,0.8850735562048138,0.5432551521528516,0.26107685272754566,0.5510173448584748,0.8184438040345822,0.3785470529401383,0.3732583459497808,0.07780979827089338,0.8114285714285714,0.37924802262475804,0.3732505257643167,0.07714285714285714,0.08285714285714285,0.09714285714285714,0.008571428571428572,1.2,0.037463976945244955,0.0,0.022697669701551137,0.1319663491490371,11.60806916426513,0.0,0.0,0.15,0.08069164265129683,0,0.16948299624237806,0.1410390711791176,2.7560667190243295,0.780704388420496,0.0,1.0,0.0,0.3,0.2,0.5,0.25
67,0.8903493633420685,0.5446845650411346,0.888694335376974,0.5441266436528435,0.26107685272754566,0.5513024650689221,0.8040345821325648,0.378895407302294,0.3737338502725474,0.07780979827089338,0.7971428571428572,0.379593391092381,0.3737219543357453,0.07714285714285714,0.1,0.11714285714285715,0.008571428571428572,1.2571428571428571,0.043227665706051875,0.0,0.022697669701551137,0.1319663491490371,11.60806916426513,0.0,0.0,0.15,0.08069164265129683,0,0.1703469886601057,0.14490087495962437,2.8180882417866995,0.8698972180084482,0.0,0.975609756097561,0.0,0.3,0.2,0.5,0.25
68,0.8952689885106752,0.5438915180945736,0.8935717923298495,0.5433363189203558,0.26107685272754566,0.5516884934156966,0.8270893371757925,0.3794717761783748,0.3741661269296079,0.07780979827089338,0.82,0.3801648196638096,0.37415052576431673,0.07714285714285714,0.09714285714285714,0.11428571428571428,0.008571428571428572,1.3257142857142856,0.04610951008645533,0.0,0.022697669701551137,0.1319663491490371,11.60806916426513,0.0,0.0,0.15,0.08069164265129683,0,0.17142760982735702,0.14512141044428042,2.8760121912366796,0.8754321799220495,0.0,0.975,0.0,0.3,0.2,0.5,0.25
69,0.8987077493388748,0.5441253399018209,0.896981078065236,0.5435985472205289,0.26107685272754566,0.5520194007069444,0.7896253602305475,0.3801634188296716,0.3744411180805192,0.07780979827089338,0.7828571428571428,0.38085053394952384,0.3744231598482202,0.07714285714285714,0.11714285714285715,0.13714285714285715,0.008571428571428572,1.4057142857142857,0.04899135446685879,0.0,0.022697669701551137,0.1319663491490371,11.60806916426513,0.0,0.0,0.15,0.08069164265129683,0,0.1723403303496488,0.148578375,2.9556348045548035,0.9623600000000003,0.0,0.9583333333333334,0.0,0.3,0.2,0.5,0.25
70,0.901760187937024,0.5445877478007222,0.9000073529039725,0.544065354477076,0.26107685272754566,0.5524324798204306,0.7896253602305475,0.3805830932550987,0.37483016707187367,0.07780979827089338,0.7828571428571428,0.3812666111655902,0.3748088741339345,0.07714285714285714,0.10285714285714286,0.12857142857142856,0.008571428571428572,1.4885714285714287,0.05187319884726225,0.0,0.022697669701551137,0.1319663491490371,11.60806916426513,0.0,0.0,0.15,0.08069164265129683,0,0.173078200126472,0.16032352760246144,3.0250935370351364,1.0041740898613798,0.0,0.9555555555555556,0.0,0.3,0.2,0.5,0.25
71,0.9047938896058189,0.5452277382417962,0.9030150514156065,0.5447236456230954,0.26107685272754566,0.552903680533685,0.8213256484149856,0.38112636009572615,0.3752192160632282,0.07780979827089338,0.8142857142857143,0.381805221433298,0.37519458841964887,0.07714285714285714,0.12,0.14285714285714285,0.008571428571428572,1.5342857142857143,0.05475504322766571,0.0,0.022697669701551137,0.1319663491490371,11.60806916426513,0.0,0.0,0.15,0.08069164265129683,0,0.17355381625085747,0.16086853496444908,3.1074488091515766,1.0197306080641513,0.0,0.98,0.0,0.3,0.2,0.5,0.25
72,0.9073833682312749,0.5457411983667532,0.9055823345099868,0.5452867642260902,0.26107685272754566,0.5534846810979251,0.8069164265129684,0.38112636009572615,0.3754353543917585,0.07780979827089338,0.8,0.381805221433298,0.37540887413393453,0.07714285714285714,0.09142857142857143,0.10571428571428572,0.008571428571428572,1.5971428571428572,0.05475504322766571,0.0,0.022697669701551137,0.1319663491490371,11.60806916426513,0.0,0.0,0.15,0.08069164265129683,0,0.17322876145531751,0.16006419228962684,3.1510141186828298,0.9993359959028683,0.0,1.0,0.0,0.3,0.2,0.5,0.25
73,0.9092456957970367,0.5461815940006467,0.9074286992680423,0.5457592985900555,0.26107685272754566,0.5539822082331723,0.792507204610951,0.38135690764615837,0.37586922100367115,0.07780979827089338,0.7857142857142857,0.3820337928618694,0.37583902188917373,0.07714285714285714,0.10571428571428572,0.13714285714285715,0.008571428571428572,1.68,0.05475504322766571,0.0,0.022697669701551137,0.1319663491490371,11.60806916426513,0.0,0.0,0.15,0.08069164265129683,0,0.1740189033623266,0.16061049632817867,3.2251366934520305,1.01498927598481,0.0,0.9583333333333334,0.0,0.3,0.2,0.5,0.25
74,0.9106983283378037,0.5466198716184163,0.9088688806727454,0.5461940690368028,0.26107685272754566,0.5543427394596269,0.7953890489913544,0.3815704246549942,0.37599890400078934,0.07780979827089338,0.7885714285714286,0.38224547972491524,0.3759675933177451,0.07714285714285714,0.10285714285714286,0.14,0.008571428571428572,1.76,0.05187319884726225,0.0,0.022697669701551137,0.1319663491490371,11.60806916426513,0.0,0.0,0.15,0.08069164265129683,0,0.17446109884194352,0.16048244384653776,3.3006339595829894,1.0126894904651134,0.0,0.9795918367346939,0.0,0.3,0.2,0.5,0.25
75,0.9130840354738032,0.5463271857933792,0.9112341388904366,0.5458898629942864,0.26107685272754566,0.5547726745919184,0.7377521613832853,0.3820891566434668,0.3763879529921438,0.07780979827089338,0.7314285714285714,0.38275976543920087,0.3763533076034595,0.07714285714285714,0.1,0.14285714285714285,0.008571428571428572,1.8257142857142856,0.05763688760806916,0.0,0.022697669701551137,0.1319663491490371,11.60806916426513,0.0,0.0,0.15,0.08069164265129683,0,0.176445650490591,0.2549369528690925,3.3774784232484723,1.1202324565829866,0.0,0.94,0.0,0.3,0.2,0.5,0.25
76,0.9160326989558908,0.546192291819626,0.9141575281141063,0.5458070557622262,0.26107685272754566,0.5553347773134497,0.7665706051873199,0.38231970419389916,0.3767430024727369,0.07780979827089338,0.76,0.38298833686777234,0.3767053138027904,0.07714285714285714,0.11142857142857143,0.14285714285714285,0.008571428571428572,1.8971428571428572,0.05475504322766571,0.0,0.022697669701551137,0.1319663491490371,11.60806916426513,0.0,0.0,0.15,0.08069164265129683,0,0.17721956652385232,0.253662268104747,3.4527859976406465,1.0978278074513268,0.0,1.0,0.0,0.3,0.2,0.5,0.25
77,0.9195971492860625,0.5468513175401128,0.9176914260128766,0.5464806778177597,0.26107685272754566,0.5559681849261935,0.8126801152737753,0.38231970419389916,0.3767430024727369,0.07780979827089338,0.8057142857142857,0.38298833686777234,0.3767053138027904,0.07714285714285714,0.12285714285714286,0.1457142857142857,0.008571428571428572,1.9828571428571429,0.05475504322766571,0.0,0.022697669701551137,0.1319663491490371,11.60806916426513,0.0,0.0,0.15,0.08069164265129683,0,0.17713218583051876,0.25239395676422327,3.5294445634021185,1.0758712513023003,0.0,1.0,0.0,0.3,0.2,0.5,0.25
78,0.9220300468792019,0.5470385872350106,0.9201034701980746,0.5466541957803468,0.26107685272754566,0.5566312002340548,0.7463976945244957,0.38231970419389916,0.3767430024727369,0.07780979827089338,0.74,0.38298833686777234,0.3767053138027904,0.07714285714285714,0.12857142857142856,0.15142857142857144,0.008571428571428572,2.0542857142857143,0.06051873198847262,0.0,0.022697669701551137,0.1319663491490371,11.60806916426513,0.0,0.0,0.15,0.08069164265129683,0,0.17710295347279476,0.2511319869804022,3.6102842435626483,1.0543538262762544,0.0,1.0,0.0,0.3,0.2,0.5,0.25
79,0.9244930751043966,0.5478598031183056,0.9225453867527676,0.5475154658071851,0.26107685272754566,0.5573065641548987,0.7953890489913544,0.38231970419389916,0.3767430024727369,0.07780979827089338,0.7885714285714286,0.38298833686777234,0.3767053138027904,0.07714285714285714,0.09142857142857143,0.12571428571428572,0.008571428571428572,2.1342857142857143,0.069164265129683,0.0,0.022697669701551137,0.1319663491490371,11.60806916426513,0.0,0.0,0.15,0.08069164265129683,0,0.17693143870543074,0.24987632704550014,3.6637928444056804,1.033266749750729,0.0,1.0,0.0,0.3,0.2,0.5,0.25
80,0.9258740512626218,0.5488376873305418,0.9239145259724941,0.5484735301625638,0.26107685272754566,0.557932861060644,0.7319884726224783,0.38260788863193945,0.37695914080126713,0.07780979827089338,0.7257142857142858,0.3832740511534866,0.37691959951707604,0.07714285714285714,0.12285714285714286,0.15428571428571428,0.008571428571428572,2.2057142857142855,0.069164265129683,0.0,0.022697669701551137,0.1319663491490371,11.60806916426513,0.0,0.0,0.15,0.08069164265129683,0,0.1781034957976179,0.2556539405136422,3.7448027018032812,1.1460738771706023,0.0,0.9444444444444444,0.0,0.3,0.2,0.5,0.25
81,0.9288034829340852,0.5493483549268987,0.9268119752423252,0.5487187777148256,0.26107685272754566,0.5584988050148826,0.7109826589595376,0.38309195901013493,0.3767931525577128,0.07803468208092486,0.7028571428571428,0.3833311940106295,0.3769624566599332,0.07714285714285714,0.1,0.12,0.011428571428571429,2.2657142857142856,0.06936416184971098,0.002857142857142857,0.022719646852865368,0.1319663491490371,11.560693641618498,0.0,0.0,0.15,0.08092485549132948,0,0.17821283546148695,0.25974998282077916,3.789906647767215,1.1664876830293998,0.0,0.9761904761904762,0.0,0.3,0.2,0.5,0.25
82,0.9304387875211632,0.5489800165038019,0.9284226563481482,0.5482689764570053,0.26107685272754566,0.5589588421803039,0.744927536231884,0.3826073819221683,0.3777483402535742,0.0782608695652174,0.7342857142857143,0.3834454797249153,0.3770481709456475,0.07714285714285714,0.10857142857142857,0.12571428571428572,0.014285714285714285,2.34,0.06956521739130435,0.002857142857142857,0.02276053373743874,0.1319663491490371,11.443478260869565,0.0,0.0,0.15,0.08115942028985507,0,0.1786339177091795,0.25845123290667527,3.839822800526157,1.1431579293688119,0.0,0.9772727272727273,0.0,0.3,0.2,0.5,0.25
83,0.9316801894647603,0.5489746970571061,0.9296136918737293,0.5479526129375916,0.26107685272754566,0.5593965293193343,0.7877906976744186,0.3830920855588575,0.3781656262660715,0.07848837209302326,0.7742857142857142,0.38350262258205814,0.37709102808850464,0.07714285714285714,0.1,0.12571428571428572,0.017142857142857144,2.4057142857142857,0.06686046511627906,0.002857142857142857,0.022836984582627503,0.1319663491490371,11.290697674418604,0.0,0.0,0.15,0.08139534883720931,0,0.17888289097777646,0.2571589767421419,3.8887406302299192,1.1202947707814355,0.0,0.9772727272727273,0.0,0.3,0.2,0.5,0.25
84,0.9337979934359327,0.5495456948205678,0.9316951906339671,0.5486141934212406,0.26107685272754566,0.5598087563005415,0.7761627906976745,0.383208364628625,0.378252835568397,0.07848837209302326,0.7628571428571429,0.38361690829634376,0.3771767423742189,0.07714285714285714,0.12285714285714286,0.1457142857142857,0.017142857142857144,2.4885714285714284,0.06686046511627906,0.0,0.022873533847762407,0.1319663491490371,11.290697674418604,0.0,0.0,0.15,0.08139534883720931,0,0.17975847795145902,0.2573039714171385,3.9566801033396066,1.1469613795633795,0.0,0.9607843137254902,0.0,0.3,0.2,0.5,0.25
85,0.9368696590327659,0.549739859482603,0.9347141991062831,0.548813479939128,0.26107685272754566,0.5603375651699618,0.747093023255814,0.3837897599774622,0.378688882080025,0.07848837209302326,0.7342857142857143,0.3841883368677724,0.3776053138027903,0.07714285714285714,0.12571428571428572,0.15142857142857144,0.017142857142857144,2.565714285714286,0.06686046511627906,0.0,0.022873533847762407,0.1319663491490371,11.290697674418604,0.0,0.0,0.15,0.08139534883720931,0,0.1822304005617017,0.25601745156005284,4.028975072701385,1.124022151972112,0.0,0.9433962264150944,0.0,0.3,0.2,0.5,0.25
86,0.9396006921619707,0.5500197186752104,0.9373984145247017,0.5490331785643114,0.26107685272754566,0.5609025539715493,0.7587209302325582,0.3837897599774622,0.378688882080025,0.07848837209302326,0.7457142857142857,0.3841883368677724,0.3776053138027903,0.07714285714285714,0.1,0.13714285714285715,0.017142857142857144,2.66,0.06686046511627906,0.0,0.022873533847762407,0.1319663491490371,11.290697674418604,0.0,0.0,0.15,0.08139534883720931,0,0.1820616771303218,0.2547373643022526,4.085538428390215,1.1015417089326698,0.0,1.0,0.0,0.3,0.2,0.5,0.25
87,0.9406220406157604,0.550647253153819,0.9384022541478552,0.5496397522254636,0.26107685272754566,0.5613667112868745,0.7616279069767442,0.38390603904722964,0.3787760913823505,0.07848837209302326,0.7485714285714286,0.3843026225820581,0.37769102808850463,0.07714285714285714,0.09714285714285714,0.13428571428571429,0.017142857142857144,2.7285714285714286,0.06686046511627906,0.0,0.022873533847762407,0.1319663491490371,11.290697674418604,0.0,0.0,0.15,0.08139534883720931,0,0.1822652258875273,0.25346367748074133,4.138113374108125,1.0795108747540165,0.0,1.0,0.0,0.3,0.2,0.5,0.25
88,0.9432384331409842,0.5513077088001673,0.9409737942297892,0.5502752979725605,0.26107685272754566,0.5617672574445401,0.7587209302325582,0.384022318116997,0.37886330068467616,0.07848837209302326,0.7457142857142857,0.3844169082963438,0.3777767423742189,0.07714285714285714,0.11142857142857143,0.1457142857142857,0.017142857142857144,2.822857142857143,0.06686046511627906,0.0,0.022873533847762407,0.1319663491490371,11.290697674418604,0.0,0.0,0.15,0.08139534883720931,0,0.18263861475808968,0.25219635909333765,4.201065392340248,1.0579206572589361,0.0,0.9803921568627451,0.0,0.3,0.2,0.5,0.25
89,0.9453793568562737,0.5506334810859739,0.9430780163956739,0.5496074972313126,0.26107685272754566,0.5621672580999204,0.752906976744186,0.384022318116997,0.37886330068467616,0.07848837209302326,0.74,0.3844169082963438,0.3777767423742189,0.07714285714285714,0.11714285714285715,0.1457142857142857,0.017142857142857144,2.888571428571429,0.06686046511627906,0.0,0.022873533847762407,0.1319663491490371,11.290697674418604,0.0,0.0,0.15,0.08139534883720931,0,0.18252470811287066,0.2509353772978709,4.262758370207728,1.0367622441137574,0.0,1.0,0.0,0.3,0.2,0.5,0.25
90,0.9462142938445675,0.5516748455245316,0.9438986401784542,0.5507093371767436,0.26107685272754566,0.5626592850495913,0.7703488372093024,0.3842548762565318,0.37903771928932734,0.07848837209302326,0.7571428571428571,0.38464547972491525,0.3779481709456474,0.07714285714285714,0.10285714285714286,0.13714285714285715,0.017142857142857144,2.9828571428571427,0.06686046511627906,0.0,0.022873533847762407,0.1319663491490371,11.290697674418604,0.0,0.0,0.15,0.08139534883720931,0,0.1831830845723063,0.24968070041138155,4.3146460599464325,1.0220405529300491,0.0,0.9583333333333334,0.0,0.3,0.2,0.5,0.25
91,0.9471925353041707,0.5519760627671665,0.9448601117844638,0.5509609051187305,0.26107685272754566,0.5631319939968206,0.7732558139534884,0.3842548762565318,0.37903771928932734,0.07848837209302326,0.76,0.38464547972491525,0.3779481709456474,0.07714285714285714,0.12285714285714286,0.15714285714285714,0.017142857142857144,3.0628571428571427,0.06976744186046512,0.0,0.022873533847762407,0.1319663491490371,11.290697674418604,0.0,0.0,0.15,0.08139534883720931,0,0.18300959772087336,0.24843229690932464,4.385495995890359,1.001599741871448,0.0,1.0,0.0,0.3,0.2,0.5,0.25
92,0.9482004998170779,0.5520465889495376,0.9457524609855051,0.5511510690194081,0.26107685272754566,0.563554846930189,0.7784256559766763,0.38505658077490545,0.37932902735914964,0.07871720116618076,0.7628571428571429,0.38475976543920093,0.3780338852313618,0.07714285714285714,0.09142857142857143,0.11142857142857143,0.02,3.1857142857142855,0.06997084548104957,0.002857142857142857,0.02287951631057669,0.13196634914903713,11.253644314868804,0.0,0.0,0.15,0.08163265306122448,0,0.18317997830369753,0.24719013542477802,4.409214647401123,1.0070526580169241,0.0,0.9743589743589743,0.0,0.3,0.2,0.5,0.25
93,0.9488082313589951,0.5512537409649189,0.946348037896584,0.5505232341488345,0.26107685272754566,0.5639256672654838,0.7900874635568513,0.38540643500231064,0.3795914180297036,0.08163265306122448,0.7742857142857142,0.385102622582058,0.37829102808850457,0.08,0.10285714285714286,0.13142857142857142,0.02,3.2514285714285713,0.06997084548104957,0.0,0.022895784954331647,0.13196634914903713,11.253644314868804,0.0,0.0,0.15,0.07871720116618076,0,0.18454518988328922,0.24595418474765413,4.452458925881673,1.0049116048565852,0.0,0.9347826086956522,0.0,0.3,0.2,0.5,0.25
94,0.9494123139769042,0.5519127656822642,0.9469400388621347,0.5512065939585895,0.26107685272754566,0.5640434412212534,0.7376093294460642,0.385697980191815,0.37981007692183183,0.08163265306122448,0.7228571428571429,0.38538833686777235,0.37850531380279034,0.08,0.13428571428571429,0.16285714285714287,0.02,3.334285714285714,0.06997084548104957,0.0,0.022895784954331647,0.13196634914903713,11.253644314868804,0.0,0.0,0.15,0.07871720116618076,0,0.18493575107672988,0.24671841141819895,4.526266890221183,1.0333262500727944,0.0,0.9824561403508771,0.0,0.3,0.2,0.5,0.25
95,0.949892133668749,0.552556414576729,0.9474102621601428,0.5520137793282548,0.26107685272754566,0.5642631676344291,0.7463556851311953,0.3862227615329229,0.38020366292766283,0.08163265306122448,0.7314285714285714,0.3859026225820581,0.37889102808850467,0.08,0.13714285714285715,0.17142857142857143,0.02,3.4457142857142857,0.0728862973760933,0.0,0.022895784954331647,0.13196634914903713,11.253644314868804,0.0,0.0,0.15,0.07871720116618076,0,0.185582358035632,0.24548481936110797,4.60717012384533,1.0126597250713385,0.0,0.9666666666666667,0.0,0.3,0.2,0.5,0.25
96,0.9501183176104947,0.5520327785844403,0.947684219700633,0.5512140183528438,0.26107685272754566,0.5646001224613313,0.7602339181286549,0.38692626174987815,0.38034183525901494,0.08187134502923976,0.7428571428571429,0.3859597654392009,0.3789338852313618,0.08,0.09142857142857143,0.13142857142857142,0.022857142857142857,3.5285714285714285,0.07309941520467836,0.002857142857142857,0.022981143879197384,0.13196634914903713,11.058479532163743,0.0,0.0,0.15,0.07894736842105263,0,0.1857968748168824,0.24425739526430243,4.646455292796995,1.0037288617863096,0.0,0.9782608695652174,0.0,0.3,0.2,0.5,0.25
97,0.9514743013554086,0.5518690398784356,0.9490092095313772,0.5509811790608833,0.26107685272754566,0.5649869163255684,0.7222222222222222,0.38721865941069683,0.380561133504629,0.08187134502923976,0.7057142857142857,0.38624547972491524,0.37914817094564746,0.08,0.12571428571428572,0.16,0.022857142857142857,3.6142857142857143,0.07309941520467836,0.0,0.022984330713845424,0.13196634914903713,11.058479532163743,0.0,0.0,0.15,0.07894736842105263,0,0.186552890442798,0.24303610828798092,4.7135261869410545,1.001654284550583,0.0,0.9642857142857143,0.0,0.3,0.2,0.5,0.25
98,0.950849730911892,0.5530259193637181,0.9483989149837128,0.5521074772054038,0.26107685272754566,0.5654117544552494,0.783625730994152,0.38742365144039514,0.3808242913993658,0.08187134502923976,0.7657142857142857,0.38644578622250614,0.37940531380279036,0.08,0.10571428571428572,0.12571428571428572,0.022857142857142857,3.722857142857143,0.07309941520467836,0.0,0.022984330713845424,0.13196634914903713,11.058479532163743,0.0,0.0,0.15,0.07894736842105263,0,0.18676255456201257,0.241820927746541,4.744969948916519,0.9965907897361385,0.0,0.9772727272727273,0.0,0.3,0.2,0.5,0.25
99,0.952219930457741,0.5534895019422328,0.9497377956827991,0.5525888232233087,0.26107685272754566,0.5657809450504543,0.716374269005848,0.3876575695690501,0.38126288789059387,0.08187134502923976,0.7,0.38667435765107755,0.3798338852313618,0.08,0.13428571428571429,0.15714285714285714,0.022857142857142857,3.84,0.08187134502923976,0.0,0.022984330713845424,0.13196634914903713,11.058479532163743,0.0,0.0,0.15,0.07894736842105263,0,0.18754231321777395,0.2406118231078083,4.807213407081045,1.0,0.0,0.9636363636363636,0.0,0.3,0.2,0.5,0.25
100,0.9527057391583268,0.553919545847129,0.9501296552127253,0.5532658828599651,0.26107685272754566,0.566067006550304,0.750733137829912,0.38757915123912906,0.3821141158719239,0.08211143695014662,0.7314285714285714,0.38667435765107755,0.3798338852313618,0.08,0.10857142857142857,0.12285714285714286,0.025714285714285714,3.9371428571428573,0.08211143695014662,0.002857142857142857,0.023041240526407745,0.1319663491490371,10.956011730205278,0.0,0.0,0.15,0.07917888563049853,0,0.18720431593739936,0.23940876399226926,4.833926281796567,0.98,0.0,1.0,0.0,0.3,0.2,0.5,0.25
101,0.9523395832775892,0.5531257093418704,0.9498956724205417,0.5525242281454035,0.26107685272754566,0.5663814429839886,0.7323529411764705,0.38727555014201787,0.3828221566809126,0.08235294117647059,0.7114285714285714,0.38667435765107755,0.3799027876550526,0.08,0.10285714285714286,0.14285714285714285,0.02857142857142857,4.045714285714285,0.08529411764705883,0.002857142857142857,0.01754418318447202,0.14252034831902924,10.558823529411764,0.1,0.18126924692201818,0.21,0.07941176470588235,0,0.18715300864342663,0.2382117201723079,4.8801048990177796,0.9603999999999999,0.0,1.0,0.0,0.3,0.2,0.52,0.27
102,0.9554914457047193,0.5525127833472332,0.9517684664793565,0.5516752927778815,0.26107685272754566,0.5665237032559839,0.7337278106508875,0.3892017577058448,0.3830870133300808,0.08284023668639054,0.7085714285714285,0.3867886433653632,0.3799885019407669,0.08,0.08857142857142856,0.10571428571428572,0.03428571428571429,4.145714285714286,0.07692307692307693,0.005714285714285714,0.01776381293714333,0.14220372834392947,10.218934911242604,0.097,0.17634209573142312,0.2082,0.07988165680473373,0,0.18718852931449526,0.23702066157144636,4.88821708675171,0.9412184145482687,0.0,0.972972972972973,0.0,0.3,0.2,0.5194,0.2694
103,0.9556740500658781,0.5535626144689423,0.9519448101195613,0.5527036756243178,0.26107685272754566,0.5666544857745305,0.742603550295858,0.3892017577058448,0.3830870133300808,0.08284023668639054,0.7171428571428572,0.3867886433653632,0.3799885019407669,0.08,0.09142857142857143,0.12,0.03428571428571429,4.214285714285714,0.07988165680473373,0.0,0.017898106551887016,0.1418966069680827,10.218934911242604,0.09409000000000001,0.1715344299918684,0.206454,0.07988165680473373,0,0.18688030166792272,0.23583555826358915,4.910452745016676,0.9223940462573034,0.0,1.0,0.0,0.3,0.2,0.518818,0.268818
104,0.9553653820476855,0.5521705655894433,0.9516467250048496,0.5516327741826458,0.26107685272754566,0.5667571607718747,0.7455621301775148,0.389320100901111,0.3831757707265305,0.08284023668639054,0.72,0.38690292907964896,0.3800742162264812,0.08,0.12857142857142856,0.16285714285714287,0.03428571428571429,4.308571428571429,0.08579881656804733,0.0,0.01800857916877,0.1415986992335113,10.218934911242604,0.09126730000000001,0.16684418376162757,0.20476038,0.07988165680473373,0,0.18754219585602958,0.2346563804722712,4.975100832973484,0.9097970339094174,0.0,0.9824561403508771,0.0,0.3,0.2,0.51825346,0.26825346
105,0.9569273174382757,0.5519668060261911,0.9532023765038434,0.5512333980908475,0.26107685272754566,0.5668382732497828,0.744807121661721,0.38871462507496485,0.38344361026788487,0.0830860534124629,0.7171428571428572,0.3869600719367919,0.3801170733693383,0.08,0.13142857142857142,0.16285714285714287,0.037142857142857144,4.3742857142857146,0.0830860534124629,0.002857142857142857,0.018119779208329648,0.14130972873097708,10.213649851632047,0.088529281,0.16226927610018926,0.2031175686,0.08011869436201781,0,0.1878324855910351,0.23348309856990984,5.0384559591711575,0.9415688883903826,0.0,0.9824561403508771,0.0,0.3,0.2,0.5177058562,0.2677058562
106,0.9590286400630073,0.5513746831064935,0.9552256500025137,0.5506164995568095,0.26107685272754566,0.5668360721166433,0.7537091988130564,0.38871462507496485,0.38344361026788487,0.0830860534124629,0.7257142857142858,0.3869600719367919,0.3801170733693383,0.08,0.13142857142857142,0.16,0.037142857142857144,4.477142857142857,0.08605341246290801,0.0,0.01823368211925007,0.1410294273435189,10.213649851632047,0.08587340257,0.15780761504170115,0.201524041542,0.08011869436201781,0,0.18763589459165136,0.23231568307706033,5.097686839987735,0.9227375106225749,0.0,1.0,0.0,0.3,0.2,0.517174680514,0.267174680514
107,0.9580508198988011,0.5523703636024051,0.954284148872978,0.5517891680294457,0.26107685272754566,0.5668482747027278,0.771513353115727,0.3888333194369826,0.38353263103939816,0.0830860534124629,0.7428571428571429,0.38707435765107756,0.38020278765505267,0.08,0.12285714285714286,0.15714285714285714,0.037142857142857144,4.577142857142857,0.08902077151335312,0.0,0.018341911801638865,0.14075753499768442,10.213649851632047,0.08329720049289999,0.15345710132083934,0.19997832029573998,0.08011869436201781,0,0.18789728654726454,0.24135470880907783,5.152875960330836,0.9096209092314907,0.0,0.9818181818181818,0.0,0.3,0.2,0.51665944009858,0.26665944009858
108,0.959910044383035,0.5528972148388919,0.9553457242862958,0.5521637724993523,0.26107685272754566,0.5667749964236403,0.7053571428571429,0.38896205516213506,0.3836904981334159,0.08333333333333333,0.6771428571428572,0.38707435765107756,0.38020278765505267,0.08,0.10857142857142857,0.13428571428571429,0.04,4.671428571428572,0.08928571428571429,0.002857142857142857,0.018480361208008313,0.14049379942222504,10.113095238095237,0.08079828447811299,0.14921563186018072,0.1984789706868678,0.08035714285714286,0,0.18772880011452822,0.24014793526503245,5.184104155409934,0.891428491046861,0.0,1.0,0.0,0.3,0.2,0.5161596568956226,0.2661596568956226
109,0.9602635408452631,0.5529701195103439,0.954719600458813,0.5521458271182148,0.26107685272754566,0.5666510342367043,0.7432835820895523,0.38947479048770983,0.3836277487085574,0.08358208955223881,0.7114285714285714,0.38707435765107756,0.38020278765505267,0.08,0.12285714285714286,0.1457142857142857,0.04285714285714286,4.757142857142857,0.09253731343283582,0.002857142857142857,0.0186305082545286,0.1402379759140294,9.964179104477612,0.0783743359437696,0.14508110302819666,0.19702460156626175,0.08059701492537313,0,0.1875041561139556,0.23894719558870728,5.226136358016022,0.8735999212259238,0.0,1.0,0.0,0.3,0.2,0.5156748671887539,0.26567486718875394
110,0.9611869895407079,0.5531375889030733,0.9555708245758147,0.552246382779342,0.26107685272754566,0.5664173341367926,0.781437125748503,0.3898282557588533,0.3835367227414262,0.08383233532934131,0.7457142857142857,0.38707435765107756,0.38020278765505267,0.08,0.1,0.11714285714285715,0.045714285714285714,4.825714285714286,0.08982035928143713,0.002857142857142857,0.01874778420420387,0.1399898271110796,9.946107784431138,0.0760231058654565,0.1410514136769826,0.1956138635192739,0.08083832335329341,0,0.18730877890481434,0.23775245961076374,5.238756487998558,0.8561279228014054,0.0,1.0,0.0,0.3,0.2,0.5152046211730913,0.2652046211730913
111,0.9638107351974088,0.5536331865561588,0.9581780254733597,0.5524828706057293,0.26107685272754566,0.5661625113596996,0.7807807807807807,0.3902953222582612,0.38393973913345336,0.08408408408408409,0.7428571428571429,0.38707435765107756,0.38020278765505267,0.08,0.11714285714285715,0.14,0.04857142857142857,4.917142857142857,0.08708708708708708,0.002857142857142857,0.01889404518615911,0.13974912277221832,9.795795795795796,0.0737424126894928,0.13712446796878974,0.19424544761369567,0.08108108108108109,0,0.18714295001029033,0.23656369731270993,5.273981358238586,0.8390053643453772,0.0,1.0,0.0,0.3,0.2,0.5147484825378985,0.26474848253789857
112,0.963643162768563,0.5533394334391577,0.9580185922767719,0.5521224340845937,0.26107685272754566,0.5658858862439473,0.7357357357357357,0.3903553823183212,0.3839847841784984,0.08408408408408409,0.7,0.38713150050822037,0.38024564479790973,0.08,0.13428571428571429,0.1657142857142857,0.04857142857142857,4.988571428571428,0.08708708708708708,0.0,0.01900899343354026,0.1395156395635229,9.795795795795796,0.07153014030880801,0.13329817800035182,0.1929180841852848,0.08108108108108109,0,0.18749223597452458,0.2353808788261464,5.3342160167881,0.8403117787703679,0.0,0.9827586206896551,0.0,0.3,0.2,0.5143060280617616,0.2643060280617616
113,0.9644945623493649,0.5523228711169172,0.9588286381636496,0.5511189641650425,0.26107685272754566,0.5656314155379982,0.7777777777777778,0.3903553823183212,0.3839847841784984,0.08408408408408409,0.74,0.38713150050822037,0.38024564479790973,0.08,0.12857142857142856,0.1457142857142857,0.04857142857142857,5.071428571428571,0.09009009009009009,0.0,0.01911321192554778,0.1392891608510883,9.795795795795796,0.06938423609954376,0.1295704662338868,0.19163054165972626,0.08108108108108109,0,0.1872967776482234,0.23420397443201565,5.373245982166623,0.8235055431949605,0.0,1.0,0.0,0.3,0.2,0.5138768472199088,0.26387684721990873
114,0.9654130829208558,0.5518646025442365,0.9597025448788106,0.5507614959932058,0.26107685272754566,0.5653299517531368,0.7927927927927928,0.39047550243844137,0.3840748742685885,0.08408408408408409,0.7542857142857143,0.38724578622250616,0.38033135908362403,0.08,0.09714285714285714,0.13142857142857142,0.04857142857142857,5.1257142857142854,0.08708708708708708,0.0,0.019216092315677794,0.13906947650002682,9.795795795795796,0.06730270901655745,0.1259392677435177,0.19038162540993447,0.08108108108108109,0,0.18747429375998223,0.234321965020906,5.397209633951863,0.8187403024118074,0.0,0.9782608695652174,0.0,0.3,0.2,0.5134605418033115,0.26346054180331147
115,0.9654055098493947,0.5517493273288636,0.9596953396422492,0.5505762544872761,0.26107685272754566,0.5650143027491068,0.7837837837837838,0.39047550243844137,0.3840748742685885,0.08408408408408409,0.7457142857142857,0.38724578622250616,0.38033135908362403,0.08,0.09714285714285714,0.13428571428571429,0.04857142857142857,5.214285714285714,0.09009009009009009,0.0,0.01931759216246059,0.1388563826794971,9.795795795795796,0.06528362774606072,0.12240253228570042,0.1891701766476364,0.08108108108108109,0,0.18739278086261094,0.23315035519580146,5.42355115555854,0.8023654963635712,0.0,1.0,0.0,0.3,0.2,0.5130567255492121,0.26305672554921217
116,0.9658975202656759,0.552407921681939,0.9601634524097393,0.5511676260974173,0.26107685272754566,0.5648168781152294,0.7837837837837838,0.3905956225585614,0.3841649643586786,0.08408408408408409,0.7457142857142857,0.38736007193679173,0.38041707336933833,0.08,0.10857142857142857,0.12857142857142856,0.04857142857142857,5.2942857142857145,0.09009009009009009,0.0,0.01941767332572206,0.1386496816735833,9.795795795795796,0.0633251189136789,0.11895822620206453,0.18799507134820734,0.08108108108108109,0,0.187626674101155,0.23395480857300924,5.443651561018798,0.8128950316748189,0.0,0.9777777777777777,0.0,0.3,0.2,0.5126650237827358,0.26266502378273576
117,0.9645203810963769,0.5537899493927165,0.9588532028572347,0.5525802920101927,0.26107685272754566,0.5646787123483408,0.7387387387387387,0.39065568261862144,0.38421000940372363,0.08408408408408409,0.7028571428571428,0.3874172147939347,0.38045993051219545,0.08,0.11428571428571428,0.12857142857142856,0.04857142857142857,5.38,0.09009009009009009,0.0,0.01951630180041192,0.13844918169784695,9.795795795795796,0.06142536534626853,0.1156043341628803,0.1868552192077611,0.08108108108108109,0,0.18783082644493496,0.23278503453014418,5.46334995836985,0.9086231389798982,0.0,0.9777777777777777,0.0,0.3,0.2,0.5122850730692537,0.2622850730692537
118,0.9642523221161509,0.5549215211982162,0.9585981638846198,0.5535086525957044,0.26107685272754566,0.564672483412487,0.7717717717717718,0.39065568261862144,0.38421000940372363,0.08408408408408409,0.7342857142857143,0.3874172147939347,0.38045993051219545,0.08,0.13142857142857142,0.15428571428571428,0.04857142857142857,5.488571428571428,0.09009009009009009,0.0,0.019613447547611438,0.13825469672138266,9.795795795795796,0.05958260438588047,0.11233886075915511,0.18574956263152828,0.08108108108108109,0,0.1878048158841389,0.23162110935749344,5.5083686734881665,0.8904506762003003,0.0,1.0,0.0,0.3,0.2,0.5119165208771761,0.2619165208771761
119,0.964847031969979,0.5566764155091944,0.959163987831262,0.5551358654292881,0.26107685272754566,0.5646921007204674,0.7447447447447447,0.39065568261862144,0.38421000940372363,0.08408408408408409,0.7085714285714285,0.3874172147939347,0.38045993051219545,0.08,0.12571428571428572,0.14857142857142858,0.04857142857142857,5.5685714285714285,0.09009009009009009,0.0,0.01970908432385946,0.13806604629421226,9.795795795795796,0.05779512625430405,0.10915983195114243,0.1846770757525824,0.08108108108108109,0,0.18757979180471815,0.23046300381070597,5.546772728589832,0.8726416626762943,0.0,1.0,0.0,0.3,0.2,0.5115590252508608,0.26155902525086083
120,0.9650368822575381,0.5581048054551865,0.9588353654361924,0.5564348689267306,0.26107685272754566,0.5646902908679677,0.7439759036144579,0.39139617503638774,0.38479739005382124,0.08433734939759036,0.7057142857142857,0.38753150050822033,0.3805456447979098,0.08,0.09714285714285714,0.13142857142857142,0.05142857142857143,5.6571428571428575,0.09036144578313253,0.002857142857142857,0.019812079260805998,0.13788305537985704,9.765060240963855,0.05606127246667493,0.1060652963808163,0.18363676348000496,0.08132530120481928,0,0.18775574998855168,0.22931068879165245,5.567265845446607,0.8996381818924454,0.0,0.9782608695652174,0.0,0.3,0.2,0.511212254493335,0.26121225449333496
121,0.9649114315012636,0.557800639389756,0.9587163664330977,0.5562539854242885,0.26107685272754566,0.5646398831151221,0.7409638554216867,0.39163713889180957,0.38497811294538753,0.08433734939759036,0.7028571428571428,0.38776007193679185,0.3807170733693384,0.08,0.12,0.1457142857142857,0.05142857142857143,5.757142857142857,0.09036144578313253,0.0,0.01991354473036837,0.1377055541929324,9.765060240963855,0.05437943429267468,0.10305332655562971,0.1826276605756048,0.08132530120481928,0,0.1884731148100375,0.24319834566736503,5.601634814251961,0.9918300621773026,0.0,0.9607843137254902,0.0,0.3,0.2,0.5108758868585349,0.2608758868585349
122,0.9644796255181317,0.558962791337382,0.9580092656470447,0.5576945974561478,0.26107685272754566,0.5645101266283418,0.770392749244713,0.39206083939911807,0.3855740157800996,0.08459214501510574,0.7285714285714285,0.3878743576510775,0.3808027876550526,0.08,0.10571428571428572,0.13428571428571429,0.054285714285714284,5.8742857142857146,0.08761329305135952,0.002857142857142857,0.02001055493038215,0.13753337804161556,9.746223564954683,0.05274805126389444,0.10012201991063052,0.18164883075833665,0.08157099697885196,0,0.1887868928074159,0.24300772631001807,5.6238878322526356,0.9719934609337565,0.0,0.9787234042553191,0.0,0.3,0.2,0.5105496102527789,0.2605496102527789
123,0.9659847898444787,0.5582275533537239,0.9585727456299823,0.5572113380227929,0.26107685272754566,0.5642506227111137,0.7537993920972644,0.39330617782560806,0.38486489796970896,0.0851063829787234,0.7085714285714285,0.3878743576510775,0.3808027876550526,0.08,0.12285714285714286,0.14,0.06,5.948571428571428,0.0851063829787234,0.005714285714285714,0.020190559749264994,0.1373663671748382,9.325227963525835,0.051165609725977605,0.09726949975576782,0.18069936583558655,0.0790273556231003,0,0.18858538691480736,0.24179268767846798,5.651410075607583,0.9525535917150814,0.0,1.0,0.0,0.3,0.2,0.5102331219451955,0.26023312194519554
124,0.9653279381900118,0.5581257850185095,0.9579553050747834,0.5571422477903611,0.26107685272754566,0.5639800110009607,0.7355623100303952,0.3933669680991643,0.38491049067487615,0.0851063829787234,0.6914285714285714,0.3879315005082204,0.3808456447979098,0.08,0.10285714285714286,0.12285714285714286,0.06,6.04,0.08814589665653495,0.0,0.020341169901086316,0.1372043666340641,9.325227963525835,0.04963064143419828,0.09449391611497016,0.17977838486051895,0.0790273556231003,0,0.18878488855166195,0.24058372424007565,5.661239016952574,1.003371175880778,0.0,0.9767441860465116,0.0,0.3,0.2,0.5099261282868397,0.25992612828683964
125,0.9666768493985399,0.5588186623227874,0.9592232816108,0.5577435253920968,0.26107685272754566,0.5635907145599491,0.7689969604863222,0.393549338919833,0.3850472687903777,0.0851063829787234,0.7228571428571429,0.38810292907964894,0.3809742162264812,0.08,0.10571428571428572,0.13428571428571429,0.06,6.1257142857142854,0.08814589665653495,0.0,0.020429546706815186,0.13704722610951334,9.325227963525835,0.048141722191172326,0.09179344646333287,0.1788850333147034,0.0790273556231003,0,0.1894403926803322,0.23938080561887526,5.682299950899235,1.0211407650301934,0.0,0.9574468085106383,0.0,0.3,0.2,0.5096283444382345,0.25962834443823446
126,0.9671130929999456,0.5582426981351443,0.9587266900719488,0.5572234372883751,0.26107685272754566,0.5632238530803875,0.7621951219512195,0.3944526909412525,0.38564201890874455,0.08536585365853659,0.7142857142857143,0.38810292907964894,0.3809742162264812,0.08,0.08857142857142856,0.10857142857142857,0.06285714285714286,6.214285714285714,0.08536585365853659,0.002857142857142857,0.02060466256696138,0.13689479980069907,9.085365853658537,0.04669747052543716,0.08916629636850315,0.1780184823152623,0.07926829268292683,0,0.18909276214550194,0.23818390159078087,5.67722538045268,1.0007179497295895,0.0,1.0,0.0,0.3,0.2,0.5093394941050874,0.25933949410508744
127,0.9676440560179312,0.558151513611519,0.9592242782716611,0.5571974778301092,0.26107685272754566,0.5629792773677672,0.7804878048780488,0.3944526909412525,0.38564201890874455,0.08536585365853659,0.7314285714285714,0.38810292907964894,0.3809742162264812,0.08,0.08857142857142856,0.12285714285714286,0.06285714285714286,6.308571428571429,0.08536585365853659,0.0,0.020691090097020377,0.13674694628114922,9.085365853658537,0.04529654640967404,0.08661070004210591,0.1771779278458044,0.07926829268292683,0,0.18891786976334585,0.236992982082827,5.68653801570077,0.9807035907349977,0.0,1.0,0.0,0.3,0.2,0.5090593092819348,0.2590593092819348
128,0.9673379061332645,0.5586805196921166,0.9589373720940305,0.5576621744635676,0.26107685272754566,0.5628352615385518,0.7652439024390244,0.3944526909412525,0.38564201890874455,0.08536585365853659,0.7171428571428572,0.38810292907964894,0.3809742162264812,0.08,0.08857142857142856,0.10571428571428572,0.06285714285714286,6.388571428571429,0.08536585365853659,0.0,0.020775532454411504,0.13660352836718584,9.085365853658537,0.04393765001738382,0.08412492080681178,0.17636259001043028,0.07926829268292683,0,0.18862928326810058,0.23580801717241284,5.6785215411010395,0.9610895189202977,0.0,1.0,0.0,0.3,0.2,0.5087875300034768,0.25878753000347676
129,0.9681876031955663,0.5582359911354176,0.95966543674227,0.5568854930229656,0.26107685272754566,0.5626892161126618,0.7431192660550459,0.395118607869488,0.38619735776078234,0.0856269113149847,0.6942857142857143,0.38827435765107754,0.3811027876550526,0.08,0.11714285714285715,0.1457142857142857,0.06571428571428571,6.491428571428571,0.08868501529051988,0.002857142857142857,0.020883012693413916,0.13646441299064138,9.003058103975535,0.042619520516862304,0.08170725148440683,0.17557171231011737,0.07951070336391437,0,0.18937028256247435,0.2543663861455325,5.7106653959933045,1.01182084805045,0.0,0.9607843137254902,0.0,0.3,0.2,0.5085239041033724,0.25852390410337245
130,0.9663287078437158,0.5580436681802164,0.9579286973706844,0.5565406604731238,0.26107685272754566,0.5624350006890402,0.7217125382262997,0.39524093202850946,0.3862891008800484,0.0856269113149847,0.6742857142857143,0.3883886433653632,0.3811885019407669,0.08,0.10571428571428572,0.13142857142857142,0.06571428571428571,6.577142857142857,0.08868501529051988,0.0,0.02098566383255768,0.13632947107539328,9.003058103975535,0.04134093490135644,0.07935601470998999,0.17480456094081387,0.07951070336391437,0,0.18990249426976163,0.25309455421480476,5.727880659502009,1.0015271183000323,0.0,0.9565217391304348,0.0,0.3,0.2,0.5082681869802713,0.25826818698027126
131,0.9651159271141044,0.5576193350557489,0.9567956136604473,0.5561551993112777,0.26107685272754566,0.5622803240516068,0.7308868501529052,0.39524093202850946,0.3862891008800484,0.0856269113149847,0.6828571428571428,0.3883886433653632,0.3811885019407669,0.08,0.1,0.11428571428571428,0.06571428571428571,6.66,0.0856269113149847,0.0,0.021065586644961148,0.13619857741760258,9.003058103975535,0.04010070685431574,0.07706956317719249,0.17406042411258943,0.07951070336391437,0,0.18960969608412712,0.25182908144373073,5.7276087605976835,0.9814965759340315,0.0,1.0,0.0,0.3,0.2,0.5080201413708632,0.25802014137086315
132,0.9650521589562862,0.5569389497356559,0.9567360359815713,0.5554548120589781,0.26107685272754566,0.5622556228666553,0.7553516819571865,0.3954244182670416,0.38642671555894753,0.0856269113149847,0.7057142857142857,0.3885600719367918,0.38131707336933834,0.08,0.12285714285714286,0.14285714285714285,0.06571428571428571,6.748571428571428,0.08868501529051988,0.0,0.02114385504575962,0.13607161056954561,9.003058103975535,0.03889768564868627,0.07484627981908543,0.17333861138921175,0.07951070336391437,0,0.19040307902870646,0.25968163806728706,5.755913728242873,0.9882392503486848,0.0,0.96,0.0,0.3,0.2,0.5077795371297372,0.2577795371297373
133,0.966144616391126,0.5564737285250921,0.9577567033564074,0.55495478038136,0.26107685272754566,0.5622356166518726,0.7492354740061162,0.3954244182670416,0.38642671555894753,0.0856269113149847,0.7,0.3885600719367918,0.38131707336933834,0.08,0.1,0.11428571428571428,0.06571428571428571,6.837142857142857,0.08868501529051988,0.0,0.021220479768835343,0.13594845272693035,9.003058103975535,0.037730755079225686,0.07268457792922522,0.17263845304753542,0.07951070336391437,0,0.1901072093442772,0.2583832298769506,5.75508116796373,0.9684744653417111,0.0,1.0,0.0,0.3,0.2,0.5075461510158451,0.25754615101584516
134,0.967591873372984,0.557147317083377,0.9588167486743489,0.5554522843789634,0.26107685272754566,0.5621069111253196,0.7208588957055214,0.39646678790497225,0.387062413092452,0.08588957055214724,0.6714285714285714,0.3887886433653632,0.3814885019407669,0.08,0.11714285714285715,0.13714285714285715,0.06857142857142857,6.925714285714286,0.08895705521472393,0.002857142857142857,0.0213220732058664,0.13582898961959353,8.963190184049079,0.036598832426848915,0.0705829012270679,0.17195929945610935,0.07975460122699386,0,0.19086995901184156,0.26586520735410185,5.777122401747312,1.0118770950015799,0.0,0.9583333333333334,0.0,0.3,0.2,0.5073197664853698,0.2573197664853698
135,0.9680011319895384,0.5574316795855625,0.9588472264207782,0.5554455404885655,0.26107685272754566,0.5621063969277735,0.7461300309597523,0.3965107207475994,0.3878531323735673,0.08668730650154799,0.6885714285714286,0.38890292907964896,0.3815742162264812,0.08,0.11428571428571428,0.13142857142857142,0.07714285714285714,7.008571428571429,0.0804953560371517,0.008571428571428572,0.021409125217241625,0.1357131104054769,8.891640866873065,0.03550086745404345,0.06853972387177543,0.17130052047242605,0.0804953560371517,0,0.19142946635963945,0.2645358813173313,5.7930085251409364,1.0096395531015478,0.0,0.9565217391304348,0.0,0.3,0.2,0.5071001734908087,0.2571001734908087
136,0.9676530160496841,0.5583026467268777,0.9585930953839784,0.5563189522115957,0.26107685272754566,0.5621243582811263,0.7857142857142857,0.3965567030348608,0.3872996316396281,0.08695652173913043,0.7228571428571429,0.38896007193679183,0.3816170733693383,0.08,0.10571428571428572,0.11428571428571428,0.08,7.1,0.08074534161490683,0.002857142857142857,0.021523976482272805,0.13560070756778367,8.875776397515528,0.034435841430422144,0.06655355042823763,0.17066150485825327,0.08074534161490683,0,0.19167146188498416,0.26321320191074465,5.791434068923833,1.0074467620395164,0.0,0.975,0.0,0.3,0.2,0.5068871682860844,0.25688716828608443
137,0.9677821315792211,0.5574837746379203,0.9587118816711524,0.5557440996031988,0.26107685272754566,0.5621826862812045,0.7732919254658385,0.3965567030348608,0.3872996316396281,0.08695652173913043,0.7114285714285714,0.38896007193679183,0.3816170733693383,0.08,0.11142857142857143,0.13428571428571429,0.08,7.1971428571428575,0.08385093167701864,0.0,0.021597478646740283,0.13549167681522126,8.875776397515528,0.03340276618750948,0.06462291578893375,0.17004165971250568,0.08074534161490683,0,0.19148396171841636,0.26189713590119096,5.80989110183107,0.987297826798726,0.0,1.0,0.0,0.3,0.2,0.5066805532375019,0.2566805532375019
138,0.9670277988197928,0.5575673700564018,0.9580178955324784,0.5557367503151887,0.26107685272754566,0.5621112313810426,0.7608695652173914,0.3965567030348608,0.3872996316396281,0.08695652173913043,0.7,0.38896007193679183,0.3816170733693383,0.08,0.1,0.12,0.08,7.28,0.08695652173913043,0.0,0.021666763336981185,0.13538591698523578,8.875776397515528,0.032400683201884196,0.06274638505506869,0.16944040992113052,0.08074534161490683,0,0.19124011405268143,0.26058765022168495,5.813693279794448,0.9675518702627514,0.0,1.0,0.0,0.3,0.2,0.5064801366403768,0.25648013664037683
139,0.9678144801675578,0.5573816429986662,0.9585715732667799,0.5557415025788492,0.26107685272754566,0.5619568440470459,0.7227414330218068,0.3975933861015274,0.3876338300501502,0.08722741433021806,0.6628571428571428,0.3890743576510775,0.3817027876550526,0.08,0.10285714285714286,0.11428571428571428,0.08285714285714285,7.345714285714286,0.08722741433021806,0.002857142857142857,0.021761930041316286,0.13528332995014977,8.809968847352025,0.03142866270582767,0.06092255338024011,0.1688571976234966,0.08099688473520249,0,0.1913977706252752,0.25928471197057656,5.811705128484273,1.0011280328574952,0.0,0.975,0.0,0.3,0.2,0.5062857325411655,0.25628573254116555
140,0.967826337228854,0.5572605361098588,0.9586207766367626,0.5559153615909348,0.26107685272754566,0.5617254810338652,0.759375,0.397116347201928,0.3870904024149966,0.0875,0.6942857142857143,0.3890743576510775,0.3817027876550526,0.08,0.10285714285714286,0.12,0.08571428571428572,7.428571428571429,0.084375,0.002857142857142857,0.021869344280353104,0.1351838205261164,8.71875,0.03048580282465284,0.059150045779710836,0.1682914816947917,0.08125,0,0.1912110689150059,0.2579882884107237,5.815471025914587,0.9811054722003452,0.0,1.0,0.0,0.3,0.2,0.5060971605649306,0.2560971605649306
141,0.9689393254734627,0.5572347273410377,0.9596383658889762,0.555811354014204,0.26107685272754566,0.5615341006799136,0.728125,0.397116347201928,0.3870904024149966,0.0875,0.6657142857142857,0.3890743576510775,0.3817027876550526,0.08,0.08857142857142856,0.09428571428571429,0.08571428571428572,7.505714285714285,0.084375,0.0,0.021959756415230774,0.13508729638480402,8.71875,0.029571228739913254,0.057427516908195475,0.16774273724394795,0.08125,0,0.19091158499900235,0.25669834696867,5.79344731968201,0.9614833627563383,0.0,1.0,0.0,0.3,0.2,0.5059142457479826,0.25591424574798266
142,0.9691201499927274,0.556939005864796,0.9598036911637327,0.5553916143881147,0.26107685272754566,0.5611945664278231,0.75625,0.397116347201928,0.3870904024149966,0.0875,0.6914285714285714,0.3890743576510775,0.3817027876550526,0.08,0.10857142857142857,0.12285714285714286,0.08571428571428572,7.602857142857143,0.084375,0.0,0.022023556958547158,0.13499366796773102,8.71875,0.028684091877715857,0.055753650808906485,0.16721045512662952,0.08125,0,0.1908696013561502,0.2554148552338267,5.800435516145513,0.9422536955012114,0.0,1.0,0.0,0.3,0.2,0.5057368183755432,0.2557368183755432
143,0.9695553838723731,0.5578535221235867,0.9600582166894989,0.5557183947558327,0.26107685272754566,0.5606160000238651,0.774294670846395,0.3982110500267206,0.3870186773664465,0.0877742946708464,0.7057142857142857,0.38918864336536324,0.38178850194076686,0.08,0.10285714285714286,0.11714285714285715,0.08857142857142856,7.674285714285714,0.08150470219435736,0.002857142857142857,0.02208201426769911,0.13490284840317024,8.70846394984326,0.02782356912138438,0.05412716063644807,0.16669414147283063,0.08150470219435736,0,0.19102911049222654,0.25413778095765754,5.801569662965459,0.9394954983206851,0.0,0.975609756097561,0.0,0.3,0.2,0.5055647138242769,0.25556471382427687
144,0.9691157986549167,0.5581321135858613,0.9596632466506279,0.556090699590869,0.26107685272754566,0.5602156157654986,0.7949526813880127,0.398423727295588,0.3866073775839288,0.08832807570977919,0.72,0.38918864336536324,0.38178850194076686,0.08,0.08857142857142856,0.10285714285714286,0.09428571428571429,7.748571428571428,0.07570977917981073,0.005714285714285714,0.0221616984111755,0.1348147534255462,8.662460567823343,0.02698886204774285,0.05254678835599624,0.1661933172286457,0.08201892744479496,0,0.1907021077969083,0.2528670920528693,5.788395412563292,0.9207055883542714,0.0,1.0,0.0,0.3,0.2,0.5053977724095485,0.2553977724095486
145,0.969486796122315,0.5587330189395576,0.9599992643568142,0.5566661998624445,0.26107685272754566,0.5598747667705803,0.7476340694006309,0.3984868187782379,0.3866546961959163,0.08832807570977919,0.6771428571428572,0.3892457862225061,0.3818313590836241,0.08,0.11714285714285715,0.14285714285714285,0.09428571428571429,7.814285714285714,0.07886435331230283,0.0,0.022245355307848987,0.13472930129725097,8.662460567823343,0.026179196186310563,0.05101130442106161,0.16570751771178632,0.07886435331230283,0,0.19100431297220946,0.25160275659260495,5.8154846471691695,0.9637003048302997,0.0,0.98,0.0,0.3,0.2,0.5052358392372621,0.2552358392372621
146,0.9703330077947379,0.5585839398955452,0.9607656903572658,0.5566309070920823,0.26107685272754566,0.5595137040667751,0.7192429022082019,0.3986130017435376,0.38674933341989104,0.08832807570977919,0.6514285714285715,0.3893600719367919,0.38191707336933833,0.08,0.09142857142857143,0.11142857142857143,0.09428571428571429,7.882857142857143,0.07886435331230283,0.0,0.022303512517962,0.1346464127328045,8.662460567823343,0.025393820300721244,0.04951950743199218,0.16523629218043273,0.07886435331230283,0,0.19116286355020556,0.25132899980846485,5.810603525654357,0.9807058907345564,0.0,0.9743589743589743,0.0,0.3,0.2,0.5050787640601443,0.25507876406014424
147,0.9700469009564423,0.5580808792422799,0.9604770495702993,0.5562111478572833,0.26107685272754566,0.5593192558448691,0.7468354430379747,0.39884253344408016,0.3866677724515148,0.08860759493670886,0.6742857142857143,0.3894172147939347,0.3819599305121955,0.08,0.12,0.12571428571428572,0.09714285714285714,7.945714285714286,0.07911392405063292,0.002857142857142857,0.022369029866879674,0.13456601082529154,8.626582278481013,0.024632005691699606,0.048070223777244014,0.16477920341501975,0.07911392405063292,0,0.19123519208959736,0.2500723548094225,5.820105740855555,1.0024339140886922,0.0,0.9772727272727273,0.0,0.3,0.2,0.50492640113834,0.2549264011383399
148,0.9699785170847902,0.5581571970167533,0.9604153087033218,0.5564286019252422,0.26107685272754566,0.5591364732778534,0.7215189873417721,0.39903240686180175,0.386810177514806,0.08860759493670886,0.6514285714285715,0.3895886433653632,0.3820885019407668,0.08,0.11714285714285715,0.12571428571428572,0.09714285714285714,8.025714285714285,0.0949367088607595,0.0,0.022438599905188556,0.13448802097500387,8.626582278481013,0.023893045520948616,0.04666230725932252,0.16433582731256915,0.07911392405063292,0,0.1918780168434351,0.2488219930353754,5.8294179117527305,1.0003852358069178,0.0,0.9545454545454546,0.0,0.3,0.2,0.5047786091041897,0.2547786091041897
149,0.9704704455272082,0.5573137285621795,0.9608594498113335,0.5557294030534603,0.26107685272754566,0.5588340512415885,0.7816455696202531,0.3990956980010422,0.3868576458692363,0.08860759493670886,0.7057142857142857,0.38964578622250606,0.38213135908362406,0.08,0.10571428571428572,0.12857142857142856,0.09714285714285714,8.1,0.09177215189873418,0.0,0.02249271263042453,0.1344123708202249,8.626582278481013,0.023176254155320156,0.045294638707175316,0.1639057524931921,0.07911392405063292,0,0.19208919890207507,0.24902865366421856,5.841400982089104,0.987833336590695,0.0,0.9777777777777777,0.0,0.3,0.2,0.5046352508310641,0.25463525083106403
150,0.9702889756460055,0.5570321534277859,0.9606956084328762,0.5555051483173371,0.26107685272754566,0.558405678060125,0.7626582278481012,0.3990956980010422,0.3868576458692363,0.08860759493670886,0.6885714285714286,0.38964578622250606,0.38213135908362406,0.08,0.10857142857142857,0.12,0.09714285714285714,8.168571428571429,0.0949367088607595,0.0,0.022545481345425288,0.13433899017008927,8.626582278481013,0.022480966530660552,0.04396612557670909,0.16348857991839633,0.07911392405063292,0,0.19181403862185042,0.24778351039589747,5.844572962447322,0.9680766698588811,0.0,1.0,0.0,0.3,0.2,0.5044961933061322,0.2544961933061321
151,0.9697969172039603,0.5567055270203669,0.9602513499537726,0.5549770433121198,0.26107685272754566,0.5578745131065177,0.740506329113924,0.3990956980010422,0.3868576458692363,0.08860759493670886,0.6685714285714286,0.38964578622250606,0.38213135908362406,0.08,0.09142857142857143,0.09714285714285714,0.09714285714285714,8.248571428571429,0.0949367088607595,0.0,0.022596930883842188,0.1342678109394577,8.626582278481013,0.021806537534740735,0.042675701540988875,0.16308392252084444,0.07911392405063292,0,0.19142611128588402,0.24654459284391797,5.824824360341233,0.9487151364617034,0.0,1.0,0.0,0.3,0.2,0.5043613075069482,0.25436130750694813
152,0.9703998779188521,0.5568362648248241,0.9607957373420749,0.5554146221795779,0.26107685272754566,0.557349011184663,0.7753164556962026,0.39928557141876375,0.3870000509325275,0.08860759493670886,0.7,0.38981721479393466,0.38225993051219553,0.08,0.09714285714285714,0.10571428571428572,0.09714285714285714,8.32,0.0949367088607595,0.0,0.022647086161627833,0.1341987670857451,8.626582278481013,0.021152341408698514,0.04142232607157981,0.1626914048452191,0.07911392405063292,0,0.19195412358659747,0.24531186987969839,5.814042158848694,0.9850882070639692,0.0,0.9459459459459459,0.0,0.3,0.2,0.5042304682817397,0.25423046828173973
153,0.9700930015720681,0.5568731032997555,0.9605186718404071,0.5555735910066755,0.26107685272754566,0.5567928118103894,0.75,0.39928557141876375,0.3870000509325275,0.08860759493670886,0.6771428571428572,0.38981721479393466,0.38225993051219553,0.08,0.11142857142857143,0.12,0.09714285714285714,8.391428571428571,0.0949367088607595,0.0,0.022695972133173044,0.13413179454764385,8.626582278481013,0.02051777116643756,0.040204984012392475,0.16231066269986252,0.07911392405063292,0,0.1917362108258073,0.2440853105302999,5.81776131567172,0.9653864429226898,0.0,1.0,0.0,0.3,0.2,0.5041035542332876,0.2541035542332875
154,0.97108532142872,0.5571757857191425,0.9611387621342803,0.5556427689202316,0.26107685272754566,0.5562440432796297,0.765079365079365,0.3992950948880754,0.3869083336222536,0.08888888888888889,0.6885714285714286,0.38981721479393466,0.38225993051219553,0.08,0.09428571428571429,0.10857142857142857,0.1,8.462857142857143,0.09206349206349207,0.002857142857142857,0.02275926591299403,0.13406683118568566,8.565079365079365,0.019902238031444433,0.03902268514729912,0.16194134281886666,0.07936507936507936,0,0.19146153689669615,0.24286488397764838,5.809977517929714,0.9460787140642359,0.0,1.0,0.0,0.3,0.2,0.5039804476062889,0.2539804476062889
155,0.971777744614539,0.5579372968220648,0.9617619430015176,0.556651919870656,0.26107685272754566,0.5557438687707239,0.7714285714285715,0.39942207901505955,0.38700357171749167,0.08888888888888889,0.6942857142857143,0.38993150050822034,0.3823456447979098,0.08,0.09714285714285714,0.11714285714285715,0.1,8.557142857142857,0.09206349206349207,0.0,0.02282540130425364,0.13400381672458614,8.565079365079365,0.0193051708905011,0.03787446376270165,0.16158310253430067,0.07936507936507936,0,0.1916745156407841,0.24165055955776016,5.8109208247139765,0.9348533222514853,0.0,0.975609756097561,0.0,0.3,0.2,0.5038610341781002,0.25386103417810024
156,0.972115676737446,0.5574754448285957,0.9620660819121336,0.5559855610913584,0.26107685272754566,0.5552492021508586,0.7714285714285715,0.39961255520553574,0.38714642886034883,0.08888888888888889,0.6942857142857143,0.39010292907964894,0.38247421622648126,0.08,0.11142857142857143,0.13428571428571429,0.1,8.64,0.09206349206349207,0.0,0.022870789049902144,0.1339426926973197,8.565079365079365,0.018726015763786068,0.03675937820614861,0.16123560945827164,0.07936507936507936,0,0.19234400020543732,0.24993355174487217,5.828988122505411,0.9301313440000016,0.0,0.9574468085106383,0.0,0.3,0.2,0.5037452031527572,0.2537452031527572
157,0.9722935168919162,0.5574030297718163,0.9622261380511571,0.5559763039201433,0.26107685272754566,0.5546970854626211,0.7587301587301587,0.39961255520553574,0.38714642886034883,0.08888888888888889,0.6828571428571428,0.39010292907964894,0.38247421622648126,0.08,0.09714285714285714,0.12,0.1,8.731428571428571,0.09206349206349207,0.0,0.022915002643256986,0.13388340239087124,8.565079365079365,0.018164235290872487,0.035676510442018805,0.16089854117452349,0.07936507936507936,0,0.19195356591869586,0.2486838839861478,5.832408360055303,0.9115287171200016,0.0,1.0,0.0,0.3,0.2,0.5036328470581745,0.2536328470581745
158,0.9702595746744901,0.5578162550510705,0.9603955900554734,0.5561824711571863,0.26107685272754566,0.5542173574061485,0.7523809523809524,0.3997395393325199,0.3872416669555869,0.08888888888888889,0.6771428571428572,0.3902172147939346,0.3825599305121955,0.08,0.09714285714285714,0.10857142857142857,0.1,8.805714285714286,0.09206349206349207,0.0,0.022958066775272512,0.13382589079361623,8.565079365079365,0.017619308232146313,0.03462496560521677,0.16057158493928778,0.07936507936507936,0,0.19216437023195954,0.24744046456621704,5.8243316214256255,0.9630113175444018,0.0,0.9736842105263158,0.0,0.3,0.2,0.5035238616464293,0.25352386164642926
159,0.9702318025013488,0.5575747111811816,0.9602646371190836,0.555691067021612,0.26107685272754566,0.5537801954899813,0.7452229299363057,0.400407015819003,0.38700748583610933,0.08917197452229299,0.6685714285714286,0.3903315005082204,0.38264564479790986,0.08,0.09428571428571429,0.11714285714285715,0.10285714285714286,8.882857142857143,0.08917197452229299,0.002857142857142857,0.023006214359887395,0.1337701045442788,8.528662420382165,0.01709072898518192,0.03360387155375133,0.16025443739110914,0.07961783439490445,0,0.1926885490950854,0.24620326224338598,5.82498784613997,0.9820000000000004,0.0,0.9512195121951219,0.0,0.3,0.2,0.5034181457970364,0.25341814579703636
160,0.9711545588194017,0.5575746845527669,0.9598344298623331,0.5557081036166615,0.26107685272754566,0.5534009606533878,0.7403846153846154,0.4020682027267368,0.3869880230696016,0.08974358974358974,0.66,0.3903315005082204,0.38264564479790986,0.08,0.09714285714285714,0.10857142857142857,0.10857142857142857,8.974285714285715,0.08333333333333333,0.005714285714285714,0.023093858272195105,0.1337159918824216,8.474358974358974,0.016578007115626462,0.03261237842100484,0.15994680426937588,0.08012820512820513,0,0.19221067777818146,0.24497224593216904,5.817059517788598,0.9623600000000003,0.0,1.0,0.0,0.3,0.2,0.5033156014231253,0.2533156014231253
161,0.9719228167470201,0.5573603387534849,0.9605192769292389,0.5556054383903215,0.26107685272754566,0.5530020497676376,0.75,0.4020682027267368,0.3869880230696016,0.08974358974358974,0.6685714285714286,0.3903315005082204,0.38264564479790986,0.08,0.09428571428571429,0.11142857142857143,0.10857142857142857,9.048571428571428,0.08333333333333333,0.0,0.023145902543003645,0.13366350260042004,8.474358974358974,0.01608066690215767,0.03164965816843801,0.15964840014129458,0.08012820512820513,0,0.19210462724643337,0.24374738470250817,5.812146898861398,0.9431128000000003,0.0,1.0,0.0,0.3,0.2,0.5032161333804316,0.25321613338043153
162,0.9724348292273445,0.5576296115162864,0.9609756994831277,0.5559511210761335,0.26107685272754566,0.5527005742355687,0.7307692307692307,0.40219640785494193,0.3870841769157555,0.08974358974358974,0.6514285714285715,0.3904457862225061,0.38273135908362405,0.08,0.08857142857142856,0.10285714285714286,0.10857142857142857,9.125714285714286,0.08333333333333333,0.0,0.02318484519102945,0.13361258799687858,8.474358974358974,0.015598246895092939,0.03071490413941258,0.15935894813705576,0.08012820512820513,0,0.19231410696377266,0.24252864777899563,5.798761103741312,0.9411919999999999,0.0,0.9722222222222222,0.0,0.3,0.2,0.5031196493790185,0.2531196493790186
163,0.9711897075316671,0.5579751674262677,0.9598657624286956,0.5563968322282302,0.26107685272754566,0.5525432063819737,0.75,0.40232461298314715,0.38718033076190933,0.08974358974358974,0.6685714285714286,0.3905600719367918,0.3828170733693384,0.08,0.13142857142857142,0.1457142857142857,0.10857142857142857,9.202857142857143,0.08333333333333333,0.0,0.023222752476068254,0.13356320083144332,8.474358974358974,0.01513029948824015,0.029807330614762373,0.15907817969294408,0.08012820512820513,0,0.19258039357181092,0.24131600454010066,5.828500167380772,0.9233740977338342,0.0,0.9803921568627451,0.0,0.3,0.2,0.503026059897648,0.25302605989764804
164,0.9710973102657098,0.5581052075301103,0.959783396865899,0.556635129468128,0.26107685272754566,0.552383818460259,0.7724358974358975,0.4025169206754548,0.38732456153114003,0.08974358974358974,0.6885714285714286,0.3907315005082204,0.3829456447979097,0.08,0.09142857142857143,0.1,0.10857142857142857,9.288571428571428,0.08333333333333333,0.0,0.02325964792210521,0.13351529528097109,8.474358974358974,0.014676390503592944,0.02892617237068884,0.15880583430215575,0.08012820512820513,0,0.1929887773182376,0.24010942451740014,5.811930164033156,0.945449234150531,0.0,0.9428571428571428,0.0,0.3,0.2,0.5029352781007186,0.2529352781007186
165,0.9707069575308866,0.5590314749341794,0.9595191196921974,0.5575390685679272,0.26107685272754566,0.5524799942534415,0.7620578778135049,0.4031120946112214,0.3882813233253167,0.09003215434083602,0.6771428571428572,0.3907315005082204,0.3829456447979097,0.08,0.09714285714285714,0.11714285714285715,0.11142857142857143,9.368571428571428,0.08360128617363344,0.002857142857142857,0.0232885237525629,0.13346882689701317,8.469453376205788,0.014236098788485156,0.02807068423950665,0.15854165927309108,0.08038585209003216,0,0.19273740486021784,0.23890887739481315,5.81283441789535,0.9265402494675203,0.0,1.0,0.0,0.3,0.2,0.5028472197576971,0.25284721975769703
166,0.9698487929402965,0.5579151800187818,0.9582720987356608,0.5566364515969042,0.26107685272754566,0.5526890173051354,0.7225806451612903,0.4044309745606909,0.3889499428152763,0.09032258064516129,0.64,0.390902929079649,0.3830742162264812,0.08,0.09428571428571429,0.11142857142857143,0.11428571428571428,9.448571428571428,0.08064516129032258,0.002857142857142857,0.023334901089842378,0.13342375256457387,8.451612903225806,0.013809015824830602,0.027240140673720603,0.15828540949489836,0.08064516129032258,0,0.19325857640734528,0.2766053530219279,5.8080063009660154,0.9431128000000003,0.0,0.9487179487179487,0.0,0.3,0.2,0.5027618031649661,0.2527618031649661
167,0.9697723258684838,0.5588086408080747,0.9582043707577695,0.557289746159182,0.26107685272754566,0.5528706875127283,0.7677419354838709,0.4044954906897231,0.38899832991205047,0.09032258064516129,0.68,0.3909600719367919,0.3831170733693383,0.08,0.09714285714285714,0.11142857142857143,0.11428571428571428,9.525714285714285,0.08387096774193549,0.0,0.023379734506456824,0.13338003046210778,8.451612903225806,0.013394745350085684,0.02643383531387067,0.1580368472100514,0.08064516129032258,0,0.19329156995388003,0.27522232625681825,5.8032747463752665,0.9422944818043489,0.0,0.9743589743589743,0.0,0.3,0.2,0.5026789490700171,0.25267894907001714
168,0.9686791290797377,0.5585728218946474,0.9572361107448799,0.5569596032900885,0.26107685272754566,0.5531337869398655,0.7806451612903226,0.4044954906897231,0.38899832991205047,0.09032258064516129,0.6914285714285714,0.3909600719367919,0.3831170733693383,0.08,0.1,0.12571428571428572,0.11428571428571428,9.605714285714285,0.08709677419354839,0.0,0.023412853599630815,0.13333762002271562,8.451612903225806,0.012992902989583112,0.02565108056053944,0.15779574179374986,0.08064516129032258,0,0.1932086878148249,0.27384621462553416,5.812923537162046,0.9234485921682619,0.0,1.0,0.0,0.3,0.2,0.5025985805979166,0.2525985805979166
169,0.9699255145483328,0.5582185484377699,0.9583400521599215,0.55673174990343,0.26107685272754566,0.5534111717923321,0.7612903225806451,0.40462452294778767,0.3890951041055989,0.09032258064516129,0.6742857142857143,0.39107435765107756,0.3832027876550526,0.08,0.10285714285714286,0.12285714285714286,0.11428571428571428,9.694285714285714,0.09032258064516129,0.0,0.02344507272680548,0.13329648189650525,8.451612903225806,0.012603115899895618,0.024891207150881223,0.15756186953993737,0.08064516129032258,0,0.19338450294717932,0.2724769835524065,5.819522209275948,0.9167119019608843,0.0,0.9767441860465116,0.0,0.3,0.2,0.5025206231799791,0.25252062317997914
170,0.9718962500537243,0.5590862339836666,0.9596757297346908,0.5568263377214492,0.26107685272754566,0.5536733302641942,0.775974025974026,0.40445544762188157,0.3904954304874232,0.09090909090909091,0.6828571428571428,0.39107435765107756,0.3832027876550526,0.08,0.09428571428571429,0.10571428571428572,0.12,9.757142857142858,0.08441558441558442,0.005714285714285714,0.023551865346312473,0.13325657791408121,8.318181818181818,0.01222502242289875,0.024153563739992,0.15733501345373924,0.08116883116883117,0,0.19307415186101487,0.2711145986346445,5.808846050804715,0.8983776639216665,0.0,1.0,0.0,0.3,0.2,0.5024450044845797,0.25244500448457974
171,0.9726737181402025,0.5595048277597169,0.9602965852361959,0.5570579047577695,0.26107685272754566,0.553873230229796,0.8175895765472313,0.4044468970561138,0.3905492354782551,0.09120521172638436,0.7171428571428572,0.39107435765107756,0.3832027876550526,0.08,0.09714285714285714,0.12285714285714286,0.12285714285714286,9.845714285714285,0.08143322475570032,0.002857142857142857,0.02358529388088688,0.1332178710511299,8.332247557003257,0.011858271750211787,0.02343751648740955,0.15711496305012707,0.08143322475570032,0,0.19279392395885264,0.26975902564147125,5.815526272645763,0.8804101106432332,0.0,1.0,0.0,0.3,0.2,0.5023716543500424,0.2523716543500424
172,0.9731760601877146,0.5594349983294108,0.9608017953634257,0.5572851111760283,0.26107685272754566,0.5539992833193977,0.8098360655737705,0.4035871734221888,0.3899596181624965,0.09180327868852459,0.7057142857142857,0.3911886433653633,0.3832885019407669,0.08,0.09142857142857143,0.10571428571428572,0.12857142857142856,9.93142857142857,0.07540983606557378,0.005714285714285714,0.0236312810933305,0.13318032539406713,8.281967213114754,0.011502523597705433,0.02274244864899877,0.15690151415862325,0.08196721311475409,0,0.1928578121962012,0.27162610948035687,5.804930032907134,0.8874348382462531,0.0,0.972972972972973,0.0,0.3,0.2,0.5023005047195411,0.2523005047195411
173,0.9740541145903624,0.5585846010063232,0.9615669570571614,0.5565134874430737,0.26107685272754566,0.5540420512690457,0.8065573770491803,0.4035871734221888,0.3899596181624965,0.09180327868852459,0.7028571428571428,0.3911886433653633,0.3832885019407669,0.08,0.09428571428571429,0.10571428571428572,0.12857142857142856,10.008571428571429,0.07540983606557378,0.0,0.023686196840840414,0.13314390610671617,8.281967213114754,0.011157447889774269,0.02206776017444878,0.15669446873386456,0.07868852459016394,0,0.19257838027807736,0.27026797893295507,5.794545717963277,0.8696861414813281,0.0,1.0,0.0,0.3,0.2,0.5022314895779548,0.2522314895779548
174,0.9757368214572653,0.5593096288184696,0.9625034572981255,0.5571474387976227,0.26107685272754566,0.5540158514958606,0.7993421052631579,0.40466147563924754,0.39101138997656537,0.09210526315789473,0.6942857142857143,0.3911886433653633,0.3832885019407669,0.08,0.08,0.10285714285714286,0.13142857142857142,10.082857142857144,0.07236842105263158,0.002857142857142857,0.023707599053021677,0.13310857939798582,8.276315789473685,0.01082272445308104,0.021412867310581674,0.15649363467184862,0.07894736842105263,0,0.19224348837668698,0.2689166390382903,5.781511946461153,0.8522924186517015,0.0,1.0,0.0,0.3,0.2,0.5021645448906162,0.2521645448906162
175,0.9746532018197531,0.5588582686509842,0.9615622562415435,0.5565880278600647,0.26107685272754566,0.5540977508834741,0.7927631578947368,0.40466147563924754,0.39101138997656537,0.09210526315789473,0.6885714285714286,0.3911886433653633,0.3832885019407669,0.08,0.08571428571428572,0.1,0.13142857142857142,10.16,0.07236842105263158,0.0,0.02374864798323385,0.13307431249051738,8.276315789473685,0.010498042719488608,0.020777202210646273,0.15629882563169317,0.07894736842105263,0,0.19193855736337498,0.2675720558430988,5.765881707531931,0.8352465702786674,0.0,1.0,0.0,0.3,0.2,0.5020996085438977,0.25209960854389774
176,0.973904622458774,0.5593797818358092,0.9609120615965787,0.556992766815197,0.26107685272754566,0.5539762794980567,0.7697368421052632,0.40479305458661596,0.3911100741870917,0.09539473684210527,0.6685714285714286,0.39130292907964903,0.38337421622648116,0.08285714285714285,0.09428571428571429,0.10571428571428572,0.13142857142857142,10.222857142857142,0.07236842105263158,0.0,0.023775453885797337,0.13304107359027295,8.276315789473685,0.01018310143790395,0.02016021254974565,0.15610986086274237,0.07894736842105263,0,0.19209215100512958,0.2746409985771899,5.756278359095577,0.8960644462139372,0.0,0.972972972972973,0.0,0.3,0.2,0.5020366202875808,0.2520366202875808
177,0.9753335502022684,0.5593510564073333,0.9621531874080711,0.5572032308177297,0.26107685272754566,0.553974515023516,0.75,0.4049904230076686,0.3912581005028811,0.09539473684210527,0.6514285714285715,0.3914743576510775,0.3835027876550526,0.08285714285714285,0.1,0.11714285714285715,0.13142857142857142,10.32,0.07236842105263158,0.0,0.023801514481830252,0.1330088318570359,8.276315789473685,0.00987760839476683,0.01956136114652751,0.1559265650368601,0.07894736842105263,0,0.19273097596438962,0.2748353286669863,5.758295649056523,1.127847250724171,0.0,0.9512195121951219,0.0,0.3,0.2,0.5019755216789533,0.2519755216789534
178,0.9760759789575862,0.558672106279752,0.9624914817188358,0.5571863385908365,0.26107685272754566,0.553948777330285,0.8184818481848185,0.4056247459705386,0.3923445926204866,0.09570957095709572,0.7085714285714285,0.3914743576510775,0.3835027876550526,0.08285714285714285,0.1,0.12571428571428572,0.13428571428571429,10.368571428571428,0.06930693069306931,0.002857142857142857,0.023835101039645847,0.13297755737579586,8.237623762376238,0.009581280142923825,0.018980125591242847,0.1557487680857543,0.07920792079207921,0,0.19285274965599628,0.27346115202365134,5.768844021789678,1.1052903057096874,0.0,0.9772727272727273,0.0,0.3,0.2,0.5019162560285848,0.25191625602858475
179,0.9756164602983276,0.5595201777672272,0.9620936698509633,0.5582870015784793,0.26107685272754566,0.5537173086426448,0.7524752475247525,0.4057567591718587,0.3924436025214767,0.09570957095709572,0.6514285714285715,0.39158864336536325,0.38358850194076693,0.08285714285714285,0.08285714285714285,0.1,0.13428571428571429,10.457142857142857,0.06930693069306931,0.0,0.02388188085747172,0.13294722112899315,8.237623762376238,0.00929384173863611,0.018415997880260826,0.15557630504318165,0.07920792079207921,0,0.1928026287648591,0.27209384626353306,5.753467141353885,1.0831844995954938,0.0,0.9714285714285714,0.0,0.3,0.2,0.5018587683477272,0.25185876834772725
180,0.9749462427519945,0.559682449170922,0.9615134529465664,0.5585738924079424,0.26107685272754566,0.5534190471461492,0.768976897689769,0.4059547789738389,0.39259211737296185,0.09900990099009901,0.6657142857142857,0.3917600719367918,0.3837170733693384,0.08571428571428572,0.08857142857142856,0.1,0.13428571428571429,10.51142857142857,0.07260726072607261,0.0,0.023905879804305228,0.13291779496959455,8.237623762376238,0.009015026486477026,0.017868484057111056,0.15540901589188622,0.07920792079207921,0,0.19340890204960626,0.27724570344166116,5.738397798526806,1.0968704622334535,0.0,0.9428571428571428,0.0,0.3,0.2,0.5018030052972954,0.2518030052972954
181,0.9752862728617281,0.5599378740713054,0.9618078218701356,0.5591068525355045,0.26107685272754566,0.5531252734627143,0.7854785478547854,0.4059547789738389,0.39259211737296185,0.09900990099009901,0.68,0.3917600719367918,0.3837170733693384,0.08571428571428572,0.09142857142857143,0.11428571428571428,0.13428571428571429,10.58,0.06930693069306931,0.0,0.023929205296602706,0.13288925159497778,8.237623762376238,0.008744575691882715,0.017337103860104452,0.15524674541512962,0.07920792079207921,0,0.19321228682507247,0.27585947492445284,5.737915556841985,1.0749330529887846,0.0,1.0,0.0,0.3,0.2,0.5017489151383765,0.25174891513837655
182,0.9738927479630108,0.5598055528053839,0.9606173782056872,0.5588414307730049,0.26107685272754566,0.5528888367231599,0.7516556291390728,0.4069661599344416,0.39249489283959665,0.09933774834437085,0.6485714285714286,0.3917600719367918,0.3837170733693384,0.08571428571428572,0.09142857142857143,0.10857142857142857,0.13714285714285715,10.657142857142857,0.0695364238410596,0.002857142857142857,0.02402029344109962,0.13286156452159956,8.079470198675496,0.008482238421126234,0.016821390376573375,0.15508934305267574,0.07947019867549669,0,0.19284608253380425,0.2744801775498306,5.731728674276574,1.0534343919290088,0.0,1.0,0.0,0.3,0.2,0.5016964476842253,0.2516964476842252
183,0.9728073672880815,0.5599255277283589,0.9596808497376055,0.5588903531321969,0.26107685272754566,0.5529021453918932,0.7417218543046358,0.4069661599344416,0.39249489283959665,0.09933774834437085,0.64,0.3917600719367918,0.3837170733693384,0.08571428571428572,0.09428571428571429,0.11142857142857143,0.13714285714285715,10.72,0.0728476821192053,0.0,0.0240646529966971,0.1328347080604227,8.079470198675496,0.008227771268492447,0.016320889703752672,0.15493666276109547,0.07947019867549669,0,0.1925954242639924,0.27310777666208147,5.728522672219613,1.0323657040904286,0.0,1.0,0.0,0.3,0.2,0.5016455542536985,0.2516455542536985
184,0.9729691172737462,0.5601344336442594,0.9598204168680936,0.5591724663537297,0.26107685272754566,0.5529763300343071,0.7384105960264901,0.4070986102655674,0.392594230587941,0.09933774834437085,0.6371428571428571,0.3918743576510776,0.3838027876550526,0.08571428571428572,0.09428571428571429,0.12,0.13714285714285715,10.791428571428572,0.0728476821192053,0.0,0.024086234147153395,0.1328086572930811,8.079470198675496,0.007980938130437673,0.015835160616315624,0.1547885628782626,0.07947019867549669,0,0.19268930428552958,0.27174223777877105,5.7339522187752205,1.01171839000862,0.0,0.9761904761904762,0.0,0.3,0.2,0.5015961876260875,0.25159618762608754
185,0.9737888732807641,0.558504805283366,0.9598708826872661,0.5584695529182048,0.26107685272754566,0.5529069746668146,0.77,0.4071982147110403,0.39138036146640587,0.1,0.66,0.3918743576510776,0.3838027876550526,0.08571428571428572,0.11142857142857143,0.12857142857142856,0.14285714285714285,10.871428571428572,0.06666666666666667,0.005714285714285714,0.02413983113665823,0.13278338804875978,8.006666666666666,0.007741509986524542,0.01536377424056179,0.15464490599191472,0.08,0,0.1928398577641019,0.27038352658987724,5.747844602971146,0.9914840222084476,0.0,0.9777777777777777,0.0,0.3,0.2,0.5015483019973049,0.25154830199730494
186,0.974753251271329,0.5571399483244583,0.9607278663753055,0.5569709094412808,0.26107685272754566,0.5528687926191737,0.7859531772575251,0.4073696378540575,0.3906769573615212,0.10033444816053512,0.6714285714285714,0.3918743576510776,0.3838027876550526,0.08571428571428572,0.09714285714285714,0.10857142857142857,0.1457142857142857,10.945714285714285,0.06688963210702341,0.002857142857142857,0.02422748281311967,0.1327588768817681,7.68561872909699,0.007509264686928806,0.014906313735245869,0.15450555881215727,0.0802675585284281,0,0.19250380204670997,0.26903160895692785,5.741459139483151,0.9716543417642786,0.0,1.0,0.0,0.3,0.2,0.5015018529373858,0.25150185293738575
187,0.9754403782230486,0.5571681481686414,0.9607942574163771,0.5570930244497991,0.26107685272754566,0.5526720369292444,0.7811447811447811,0.40916880422592833,0.3911921957309412,0.10101010101010101,0.6628571428571428,0.39198864336536327,0.3838885019407669,0.08571428571428572,0.08857142857142856,0.11428571428571428,0.15142857142857144,11.01142857142857,0.06060606060606061,0.005714285714285714,0.024422995134774493,0.13273510104978617,7.582491582491582,0.007283986746320942,0.014462373979026721,0.15437039204779257,0.08080808080808081,0,0.19259814017933358,0.2708512492328895,5.740915670979202,1.0257342163086234,0.0,0.975,0.0,0.3,0.2,0.5014567973492642,0.2514567973492642
188,0.9758602818963424,0.5565972616731601,0.9611872455781473,0.5564959944486974,0.26107685272754566,0.5524722040454735,0.8175675675675675,0.4081785486394771,0.3915729506371265,0.10135135135135136,0.6914285714285714,0.39198864336536327,0.3838885019407669,0.08571428571428572,0.06285714285714286,0.06857142857142857,0.15428571428571428,11.082857142857144,0.057432432432432436,0.002857142857142857,0.0245446976612691,0.13271203849276372,7.20945945945946,0.007065467143931314,0.014031561264504666,0.15423928028635878,0.08108108108108109,0,0.19252057804986544,0.269496992986725,5.6946687861310465,1.0052195319824508,0.0,0.9583333333333334,0.0,0.3,0.2,0.5014130934287863,0.25141309342878626
189,0.9747602479784148,0.5559284486738479,0.9602569311789856,0.5559691411470121,0.26107685272754566,0.5522625785066688,0.7837837837837838,0.4081785486394771,0.3915729506371265,0.10135135135135136,0.6628571428571428,0.39198864336536327,0.3838885019407669,0.08571428571428572,0.08285714285714285,0.1,0.15428571428571428,11.131428571428572,0.060810810810810814,0.0,0.024645314865749245,0.13268966781245187,7.20945945945946,0.006853503129613374,0.013613492998807541,0.15411210187776803,0.08108108108108109,0,0.19227126087390187,0.26814950802179144,5.680775410408425,0.9851151413428019,0.0,1.0,0.0,0.3,0.2,0.5013707006259227,0.25137070062592265
190,0.974196230428351,0.55552159343883,0.9597799334795031,0.5553326239104743,0.26107685272754566,0.5519769654646858,0.8141891891891891,0.4081785486394771,0.3915729506371265,0.10135135135135136,0.6885714285714286,0.39198864336536327,0.3838885019407669,0.08571428571428572,0.09142857142857143,0.11142857142857143,0.15428571428571428,11.197142857142858,0.06418918918918919,0.0,0.02466418408227129,0.13266796825254945,7.20945945945946,0.006647898035724973,0.013207797410680344,0.153988738821435,0.08108108108108109,0,0.19199490528381805,0.2668087604816825,5.678588473628829,0.9654128385159458,0.0,1.0,0.0,0.3,0.2,0.501329579607145,0.25132957960714497
191,0.9738267473256645,0.5556506639182318,0.9594674563412309,0.5557399965460067,0.26107685272754566,0.5516869158327418,0.8040540540540541,0.4083136837746123,0.39167430198847786,0.10135135135135136,0.68,0.39210292907964894,0.3839742162264812,0.08571428571428572,0.1,0.11428571428571428,0.15428571428571428,11.265714285714285,0.06418918918918919,0.0,0.02468251380931994,0.13264691967944406,7.20945945945946,0.006448461094653224,0.012814113264022264,0.15386907665679192,0.08108108108108109,0,0.192148645757399,0.2851528900510549,5.679302418441965,1.0685825905578625,0.0,0.975,0.0,0.3,0.2,0.5012896922189306,0.25128969221893066
192,0.9743920347796262,0.5571085721562183,0.9598175876514353,0.5571838201200577,0.26107685272754566,0.5514253292027402,0.7593220338983051,0.40812445489915405,0.39150420209636183,0.1016949152542373,0.64,0.39210292907964894,0.3839742162264812,0.08571428571428572,0.06857142857142857,0.08,0.15714285714285714,11.302857142857142,0.061016949152542375,0.002857142857142857,0.024716720500343403,0.1326265025635319,7.179661016949153,0.006255007261813627,0.012432089577813055,0.15375300435708816,0.08135593220338982,0,0.19170204538575486,0.2837271256007996,5.645716370073126,1.0472109387467052,0.0,1.0,0.0,0.3,0.2,0.5012510014523627,0.25125100145236273
193,0.9752772793305842,0.5570589911507045,0.9605637223443856,0.5572736130839778,0.26107685272754566,0.5512656176274183,0.7762711864406779,0.40812445489915405,0.39150420209636183,0.1016949152542373,0.6542857142857142,0.39210292907964894,0.3839742162264812,0.08571428571428572,0.09142857142857143,0.10285714285714286,0.15714285714285714,11.36,0.061016949152542375,0.0,0.024745267232208448,0.13260669796109706,7.179661016949153,0.006067357043959218,0.01206138535236212,0.15364041422637553,0.08135593220338982,0,0.19142853515882605,0.2823084899727956,5.635659185528806,1.0262667199717712,0.0,1.0,0.0,0.3,0.2,0.5012134714087918,0.25121347140879186
194,0.9752240646002118,0.5574917156026165,0.9605188699287861,0.5578856615619769,0.26107685272754566,0.5510765431554333,0.7694915254237288,0.40812445489915405,0.39150420209636183,0.1016949152542373,0.6485714285714286,0.39210292907964894,0.3839742162264812,0.08571428571428572,0.09714285714285714,0.10571428571428572,0.15714285714285714,11.414285714285715,0.061016949152542375,0.0,0.024762099527279334,0.13258748749673524,7.179661016949153,0.005885336332640441,0.011701669301808493,0.15353120179958427,0.08135593220338982,0,0.19112810676874623,0.28089694752293165,5.628660287532517,1.0057413855723356,0.0,1.0,0.0,0.3,0.2,0.5011770672665281,0.2511770672665281
195,0.9741003409096592,0.557675246997481,0.9594912133196034,0.557925991507887,0.26107685272754566,0.5508986250840808,0.7653061224489796,0.40902664470983296,0.39194824404557127,0.10204081632653061,0.6428571428571429,0.39210292907964894,0.3839742162264812,0.08571428571428572,0.08285714285714285,0.09714285714285714,0.16,11.482857142857142,0.061224489795918366,0.002857142857142857,0.02483422251781363,0.1325688533463043,7.020408163265306,0.0057087762426612275,0.011352619592798652,0.15342526574559673,0.08163265306122448,0,0.19082932337775962,0.27949246278531703,5.613229938924723,0.985626557860889,0.0,1.0,0.0,0.3,0.2,0.5011417552485322,0.2511417552485323
196,0.9734481656901023,0.5579319586262768,0.9589433861351755,0.558111852646511,0.26107685272754566,0.5507104811923154,0.8027210884353742,0.40902664470983296,0.39194824404557127,0.10204081632653061,0.6742857142857143,0.39210292907964894,0.3839742162264812,0.08571428571428572,0.08285714285714285,0.1,0.16,11.534285714285714,0.061224489795918366,0.0,0.024895607845162922,0.13255077822038627,7.020408163265306,0.005537512955381391,0.011013923589260899,0.15332250777322884,0.08163265306122448,0,0.19047503390372797,0.2780950004713904,5.600965340146228,0.9659140267036712,0.0,1.0,0.0,0.3,0.2,0.5011075025910763,0.2511075025910763
197,0.9742069171364268,0.55757802074967,0.9595807373500881,0.5576942337421417,0.26107685272754566,0.5505807303224364,0.8095238095238095,0.4092307263424861,0.3921013052700611,0.10204081632653061,0.68,0.39227435765107754,0.3841027876550526,0.08571428571428572,0.08285714285714285,0.10285714285714286,0.16,11.574285714285715,0.06462585034013606,0.0,0.024911155404795746,0.1325332453482458,7.020408163265306,0.005371387566719949,0.010685277603193044,0.15322283254003197,0.08163265306122448,0,0.1909795158770665,0.27670452546903346,5.591803176200447,0.979687062566787,0.0,0.9444444444444444,0.0,0.3,0.2,0.501074277513344,0.251074277513344
198,0.9744972933959395,0.5577697178285405,0.9598246534080785,0.55788162612686,0.26107685272754566,0.5502625900711422,0.7993197278911565,0.4095708623969078,0.3923564073108774,0.10204081632653061,0.6714285714285714,0.3925600719367919,0.38431707336933835,0.08571428571428572,0.06857142857142857,0.08285714285714285,0.16,11.631428571428572,0.06462585034013606,0.0,0.024926254149398995,0.13251623846226954,7.020408163265306,0.0052102459397183505,0.010366386651379123,0.153126147563831,0.08163265306122448,0,0.1918243325833954,0.2753210028416883,5.56282425553358,1.027608540010475,0.0,0.896551724137931,0.0,0.3,0.2,0.5010420491879437,0.25104204918794365
199,0.9749683213596484,0.5580705083602038,0.9595896811450556,0.5581604276184405,0.26107685272754566,0.5498684000159396,0.7986348122866894,0.4104780854506452,0.39305179437324894,0.10238907849829351,0.6685714285714286,0.3926172147939347,0.38435993051219547,0.08571428571428572,0.09142857142857143,0.1,0.16285714285714287,11.685714285714285,0.05802047781569966,0.002857142857142857,0.024969673013504078,0.13249974178287258,6.976109215017065,0.0050539385615268,0.01005696421794422,0.15303236313691607,0.08191126279863481,0,0.191978354491907,0.2791094385772461,5.551567770422909,1.0070563692102654,0.0,0.9714285714285714,0.0,0.3,0.2,0.5010107877123053,0.25101078771230534
200,0.9743679180051946,0.5580552989301437,0.9590870577654698,0.5581695822640558,0.26107685272754566,0.5495229119642863,0.7679180887372014,0.41054634483631075,0.3931029889124981,0.10238907849829351,0.6428571428571429,0.3926743576510776,0.38440278765505265,0.08571428571428572,0.05714285714285714,0.06857142857142857,0.16285714285714287,11.745714285714286,0.06143344709897611,0.0,0.024988736246895845,0.13248374000385754,6.976109215017065,0.004902320404680996,0.009756732022657477,0.1529413922428086,0.07849829351535836,0,0.19193231986230463,0.2777138913843599,5.50910784358588,0.9920109873997268,0.0,0.9583333333333334,0.0,0.3,0.2,0.5009804640809362,0.2509804640809362
201,0.973485453320836,0.5587072746637788,0.9583483087582781,0.5587607893102478,0.26107685272754566,0.5492554605689036,0.7986348122866894,0.41054634483631075,0.3931029889124981,0.10238907849829351,0.6685714285714286,0.3926743576510776,0.38440278765505265,0.08571428571428572,0.07142857142857142,0.08857142857142856,0.16285714285714287,11.797142857142857,0.06143344709897611,0.0,0.02500259776456044,0.1324682182782129,6.976109215017065,0.004755250792540566,0.00946541979488924,0.15285315047552434,0.07849829351535836,0,0.1917428018344217,0.27632532192743814,5.487497115285589,0.9721707676517323,0.0,1.0,0.0,0.3,0.2,0.5009510501585082,0.2509510501585081
202,0.9746079372070444,0.5576063605266491,0.9592879881258753,0.557789318479313,0.26107685272754566,0.5491268840744852,0.8361774744027304,0.41054634483631075,0.3931029889124981,0.10238907849829351,0.7,0.3926743576510776,0.38440278765505265,0.08571428571428572,0.07714285714285714,0.08857142857142856,0.16285714285714287,11.845714285714285,0.06143344709897611,0.0,0.025016057309829275,0.13245316220433762,6.976109215017065,0.004612593268764349,0.00918276505312765,0.1527675559612586,0.07849829351535836,0,0.191326659253821,0.27494369531780094,5.466318601551306,0.9527273522986976,0.0,1.0,0.0,0.3,0.2,0.5009225186537529,0.25092251865375287
203,0.9758999207290269,0.5578195567471017,0.9593986175520588,0.557994402625771,0.26107685272754566,0.5489214264675248,0.7945205479452054,0.4119014537874651,0.3940790871336126,0.10273972602739725,0.6628571428571428,0.39284578622250615,0.38453135908362407,0.08571428571428572,0.08,0.08857142857142856,0.1657142857142857,11.911428571428571,0.05821917808219178,0.002857142857142857,0.025087532052937803,0.13243855781267858,6.883561643835616,0.004474215470701419,0.008908512889958198,0.15268452928242085,0.07876712328767123,0,0.19176959738612334,0.27356897684121195,5.445563658091708,0.9348437618967388,0.0,0.9354838709677419,0.0,0.3,0.2,0.5008948430941402,0.2508948430941403
204,0.9748374109105314,0.5581589124147981,0.9585121807891995,0.5583590010746452,0.26107685272754566,0.5488581141612319,0.7945205479452054,0.41203844008883495,0.39418182685964004,0.10616438356164383,0.6628571428571428,0.39296007193679183,0.3846170733693383,0.08857142857142856,0.08,0.1,0.1657142857142857,11.977142857142857,0.05821917808219178,0.0,0.025106739947077926,0.1324243915527694,6.883561643835616,0.004339989006580377,0.008642415762409206,0.15260399340394823,0.07876712328767123,0,0.1923527501134784,0.28315716885697984,5.436652384929875,0.9841168458307634,0.0,0.9428571428571428,0.0,0.3,0.2,0.5008679978013161,0.2508679978013161
205,0.9760019182638148,0.5577525917049535,0.9595333284324808,0.5575330986074831,0.26107685272754566,0.5489336362256114,0.8281786941580757,0.4134457910216988,0.39492833604908945,0.10652920962199312,0.6885714285714286,0.39307435765107757,0.3847027876550526,0.08857142857142856,0.07714285714285714,0.08285714285714285,0.16857142857142857,12.028571428571428,0.058419243986254296,0.002857142857142857,0.025123748693618723,0.13241065028065746,6.8728522336769755,0.004209789336382965,0.008384233287564102,0.1525258736018298,0.07903780068728522,0,0.19230512922005386,0.2817413830126949,5.41077648008842,1.0000745089141474,0.0,0.9655172413793104,0.0,0.3,0.2,0.5008419578672766,0.2508419578672766
206,0.9760346980976728,0.5576381522493741,0.959560582522917,0.5575179846796907,0.26107685272754566,0.5490177773705235,0.8316151202749141,0.41358324806637237,0.39503142883259457,0.10652920962199312,0.6914285714285714,0.39318864336536324,0.3847885019407669,0.08857142857142856,0.07714285714285714,0.08571428571428572,0.16857142857142857,12.088571428571429,0.058419243986254296,0.0,0.02513915062934996,0.1323973212467088,6.8728522336769755,0.004083495656291476,0.008133732043342223,0.15245009739377488,0.07903780068728522,0,0.1923710349989536,0.2918203486576252,5.388275236200937,0.9916120040189452,0.0,0.9666666666666667,0.0,0.3,0.2,0.5008166991312583,0.2508166991312583
207,0.9767539747114615,0.5569154311203767,0.9601586096503814,0.5567284461819851,0.26107685272754566,0.5491575566371034,0.7663230240549829,0.4137207051110459,0.39513452161609974,0.10652920962199312,0.6371428571428571,0.3933029290796489,0.3848742162264812,0.08857142857142856,0.06571428571428571,0.07428571428571429,0.16857142857142857,12.157142857142857,0.058419243986254296,0.0,0.025150829302003647,0.13238439208377864,6.8728522336769755,0.003960990786602732,0.007890685374348227,0.15237659447196164,0.07903780068728522,0,0.1923514662525303,0.29036124691433707,5.3547954457626314,1.006775738688242,0.0,0.9615384615384616,0.0,0.3,0.2,0.5007921981573206,0.25079219815732057
208,0.9762393012104721,0.5569508525326963,0.9597306953967016,0.5561599040690758,0.26107685272754566,0.5493462235075424,0.7869415807560137,0.4137894336333827,0.39518606800785233,0.10652920962199312,0.6542857142857142,0.39336007193679184,0.3849170733693383,0.08857142857142856,0.06571428571428571,0.08,0.16857142857142857,12.205714285714286,0.058419243986254296,0.0,0.025162167321339864,0.1323718507957364,6.8728522336769755,0.00384216106300465,0.007654873202690871,0.1523052966378028,0.07903780068728522,0,0.19255914177483907,0.2983481475171546,5.32769953684738,1.0651008943337807,0.0,0.9642857142857143,0.0,0.3,0.2,0.5007684322126009,0.2507684322126009
209,0.9756502001498478,0.5572383275204797,0.9591918787098808,0.5559578821507721,0.26107685272754566,0.5494251707251311,0.8068965517241379,0.4144965095517391,0.39593978787479356,0.10689655172413794,0.6685714285714286,0.3934172147939347,0.3849599305121955,0.08857142857142856,0.06857142857142857,0.07428571428571429,0.17142857142857143,12.257142857142858,0.05862068965517241,0.002857142857142857,0.025216739172055327,0.1323596857463354,6.758620689655173,0.0037268962311145103,0.007426081843671994,0.1522361377386687,0.07931034482758621,0,0.19253877463739344,0.2968564067795688,5.295431260396147,1.1072628605577783,0.0,0.9615384615384616,0.0,0.3,0.2,0.5007453792462229,0.2507453792462229
210,0.9767079615683141,0.5559737739706312,0.9600683095994672,0.554888933318428,0.26107685272754566,0.5496083865321304,0.7827586206896552,0.4145654750689805,0.3959915120127246,0.10689655172413794,0.6485714285714286,0.3934743576510776,0.3850027876550526,0.08857142857142856,0.08,0.08857142857142856,0.17142857142857143,12.297142857142857,0.05862068965517241,0.0,0.025268505798488373,0.13234788564841643,6.758620689655173,0.003615089344181075,0.007204103826245034,0.15216905360650865,0.07931034482758621,0,0.19257550933563505,0.3139849283164702,5.278094063759651,1.1855557455957821,0.0,0.967741935483871,0.0,0.3,0.2,0.5007230178688362,0.2507230178688362
211,0.9772201421102046,0.5569579651842401,0.9604926877627478,0.5558218472449832,0.26107685272754566,0.5497810382182676,0.8137931034482758,0.4147034061034633,0.39609496028858665,0.10689655172413794,0.6742857142857143,0.3935886433653632,0.3850885019407669,0.08857142857142856,0.06571428571428571,0.08285714285714285,0.17142857142857143,12.362857142857143,0.05862068965517241,0.0,0.02527894742498526,0.13233643955343508,6.758620689655173,0.0035066366638556424,0.006988737718145566,0.15210398199831338,0.07931034482758621,0,0.19255491821752832,0.3124150036748878,5.255389325341602,1.1766656503007553,0.0,0.9655172413793104,0.0,0.3,0.2,0.5007013273327712,0.2507013273327711
212,0.9777571273847079,0.5574015573076625,0.9609376184187649,0.5561245982711759,0.26107685272754566,0.5500618958232903,0.8137931034482758,0.414841337137946,0.3961984085644487,0.10689655172413794,0.6742857142857143,0.393702929079649,0.3851742162264812,0.08857142857142856,0.07714285714285714,0.09142857142857143,0.17142857142857143,12.414285714285715,0.05862068965517241,0.0,0.025289083467593215,0.1323253368413031,6.758620689655173,0.003401437563939973,0.006779787955592975,0.152040862538364,0.07931034482758621,0,0.19278887357297625,0.3108529286565133,5.241710110263341,1.1888049853062506,0.0,0.96875,0.0,0.3,0.2,0.500680287512788,0.250680287512788
213,0.9800716296776982,0.5569302006572678,0.9628553488900996,0.5552968471564701,0.26107685272754566,0.5503347430400435,0.8206896551724138,0.414841337137946,0.3961984085644487,0.10689655172413794,0.68,0.393702929079649,0.3851742162264812,0.08857142857142856,0.08571428571428572,0.09428571428571429,0.17142857142857143,12.477142857142857,0.05862068965517241,0.0,0.02529892264465647,0.13231456721053517,6.758620689655173,0.0032993944370217736,0.006577064677468769,0.15197963666221306,0.07931034482758621,0,0.19256678706225427,0.3092986640132308,5.231161622343788,1.1650288856001256,0.0,1.0,0.0,0.3,0.2,0.5006598788874044,0.2506598788874044
214,0.9795428462061266,0.5568547750762102,0.9624172140136545,0.5553630216418676,0.26107685272754566,0.5505288131376986,0.8241379310344827,0.4149792681724288,0.3963018568403108,0.10689655172413794,0.6828571428571428,0.3938172147939347,0.3852599305121955,0.08857142857142856,0.06857142857142857,0.08285714285714285,0.17142857142857143,12.537142857142857,0.05862068965517241,0.0,0.02530847343918162,0.13230412066869024,6.758620689655173,0.0032004126039111205,0.006380383563869163,0.15192024756234668,0.07931034482758621,0,0.19251823884122868,0.30775217069316463,5.209395532754056,1.141728307888123,0.0,0.9655172413793104,0.0,0.3,0.2,0.5006400825207822,0.25064008252078224
215,0.979261838073533,0.5567956422394404,0.9621269630573756,0.5550649116534604,0.26107685272754566,0.5507358557952662,0.7993079584775087,0.4164455315643218,0.39686586571423227,0.10726643598615918,0.66,0.39404578622250613,0.385431359083624,0.08857142857142856,0.07142857142857142,0.08571428571428572,0.1742857142857143,12.62,0.05536332179930796,0.002857142857142857,0.025308424663191803,0.13229398752310065,6.7612456747404845,0.0031044002257937867,0.006189565678940356,0.15186264013547626,0.07958477508650519,0,0.192955219075594,0.309551200945479,5.1909219078132605,1.151813332861941,0.0,0.9333333333333333,0.0,0.3,0.2,0.5006208800451588,0.25062088004515876
216,0.9791874437726745,0.5567659355833702,0.962065534620381,0.5554694715012667,0.26107685272754566,0.5509549273478455,0.8200692041522492,0.4164455315643218,0.39686586571423227,0.10726643598615918,0.6771428571428572,0.39404578622250613,0.385431359083624,0.08857142857142856,0.06857142857142857,0.08285714285714285,0.1742857142857143,12.677142857142858,0.058823529411764705,0.0,0.025323695270498433,0.13228415837187876,6.7612456747404845,0.003011268219019973,0.006004437317897682,0.151806760931412,0.07958477508650519,0,0.192674874405216,0.3080034449407516,5.169960612514138,1.128777066204702,0.0,1.0,0.0,0.3,0.2,0.500602253643804,0.250602253643804
217,0.9786770704403148,0.5566494841121398,0.9615458258262671,0.5554124177297497,0.26107685272754566,0.5512523297437131,0.7777777777777778,0.4169693761564621,0.3963489643804537,0.1076388888888889,0.64,0.3941600719367919,0.3855170733693383,0.08857142857142856,0.08285714285714285,0.09428571428571429,0.17714285714285713,12.74,0.059027777777777776,0.002857142857142857,0.025351210067308037,0.1322746240951935,6.736111111111111,0.0029209301724493738,0.005824829858134151,0.15175255810346963,0.0798611111111111,0,0.19279650074747565,0.30646342771604784,5.1608471145495685,1.106201524880608,0.0,0.9696969696969697,0.0,0.3,0.2,0.5005841860344898,0.2505841860344899
218,0.978429719439921,0.5574499110505541,0.9613422912888001,0.5560645469486377,0.26107685272754566,0.5516645357923484,0.8090277777777778,0.4169693761564621,0.3963489643804537,0.1076388888888889,0.6657142857142857,0.3941600719367919,0.3855170733693383,0.08857142857142856,0.07428571428571429,0.08285714285714285,0.17714285714285713,12.794285714285714,0.059027777777777776,0.0,0.025362889828110233,0.13226537584680878,6.736111111111111,0.0028333022672758926,0.0056505796143262454,0.15169998136036553,0.0798611111111111,0,0.1923180896723097,0.3049311105774676,5.1404873151157195,1.0840774943829958,0.0,1.0,0.0,0.3,0.2,0.5005666604534552,0.25056666045345516
219,0.9795773726450653,0.5569078395590856,0.962286645926176,0.554926589489557,0.26107685272754566,0.5520402413409747,0.7361111111111112,0.41724715393423994,0.39655729771378706,0.1076388888888889,0.6057142857142858,0.3943886433653633,0.3856885019407669,0.08857142857142856,0.09142857142857143,0.10857142857142857,0.17714285714285713,12.86,0.059027777777777776,0.0,0.02537112926307598,0.13225640504587563,6.736111111111111,0.0027483031992576157,0.005481527697443478,0.15164898191955456,0.0798611111111111,0,0.19289849993823388,0.30340645502458025,5.146248997384834,1.0786578190661091,0.0,0.9473684210526315,0.0,0.3,0.2,0.5005496606398515,0.2505496606398515
220,0.9776136669802283,0.5569987103356074,0.960670796693396,0.5546038870913864,0.26107685272754566,0.552415964405318,0.7569444444444444,0.41724715393423994,0.39655729771378706,0.1076388888888889,0.6228571428571429,0.3943886433653633,0.3856885019407669,0.08857142857142856,0.07142857142857142,0.08857142857142856,0.17714285714285713,12.9,0.059027777777777776,0.0,0.025379126245547588,0.1322477033689705,6.736111111111111,0.0026658541032798873,0.005317519877569565,0.15159951246196793,0.0798611111111111,0,0.19244786529568553,0.3018894227494574,5.131895446008566,1.057084662684787,0.0,1.0,0.0,0.3,0.2,0.500533170820656,0.25053317082065596
221,0.9775631767324905,0.5570703196283139,0.9606292504324002,0.5541594958325422,0.26107685272754566,0.5528233854766791,0.8020833333333334,0.41724715393423994,0.39655729771378706,0.1076388888888889,0.66,0.3943886433653633,0.3856885019407669,0.08857142857142856,0.07428571428571429,0.08857142857142856,0.17714285714285713,12.948571428571428,0.059027777777777776,0.0,0.018558412002987218,0.1428017025389626,6.736111111111111,0.1026658541032799,0.1856228639758878,0.21159951246196793,0.0798611111111111,0,0.19211334096920715,0.3003799756357101,5.1178289656598235,1.0359429694310913,0.0,1.0,0.0,0.3,0.2,0.520533170820656,0.270533170820656
222,0.9784908122855901,0.5569781279881747,0.9613925619732363,0.5542150388780402,0.26107685272754566,0.5531380345071175,0.8020833333333334,0.41731659837868434,0.3966093810471204,0.1076388888888889,0.66,0.3944457862225061,0.3857313590836241,0.08857142857142856,0.08,0.1,0.17714285714285713,13.022857142857143,0.0625,0.0,0.01869735088516094,0.14247664193726484,6.736111111111111,0.0995858784801815,0.18059085797776442,0.2097515270881089,0.0798611111111111,0,0.19229477497864683,0.29887807575753156,5.115472386346626,1.0152241100424695,0.0,0.9714285714285714,0.0,0.3,0.2,0.5199171756960363,0.2699171756960363
223,0.9784361182460073,0.5570551045665366,0.961347556592094,0.5542892209285128,0.26107685272754566,0.5533307149407385,0.7534722222222222,0.4175249317120177,0.39676563104712037,0.1076388888888889,0.62,0.3946172147939347,0.38585993051219547,0.08857142857142856,0.08285714285714285,0.09714285714285714,0.17714285714285713,13.065714285714286,0.0625,0.0,0.018835627457418316,0.14216133315361798,6.736111111111111,0.09659830212577605,0.1756801065889334,0.20795898127546564,0.0798611111111111,0,0.19270472967518215,0.29738368537874393,5.110305795762551,1.0367174800929577,0.0,0.9411764705882353,0.0,0.3,0.2,0.5193196604251552,0.2693196604251552
224,0.9779979980048152,0.5573048558796455,0.9609870462221987,0.5544927954795588,0.26107685272754566,0.5537483680563554,0.7986111111111112,0.4175249317120177,0.39676563104712037,0.1076388888888889,0.6571428571428571,0.3946172147939347,0.38585993051219547,0.08857142857142856,0.08571428571428572,0.09428571428571429,0.17714285714285713,13.122857142857143,0.0625,0.0,0.018973121599523475,0.14185548363348058,6.736111111111111,0.09370035306200276,0.17088856021819543,0.20622021183720166,0.0798611111111111,0,0.1923976353125205,0.2958967669518502,5.102385394133014,1.0159831304910985,0.0,1.0,0.0,0.3,0.2,0.5187400706124006,0.2687400706124006
225,0.9766040071253959,0.5574432896768017,0.9598399908699908,0.5547147295721522,0.26107685272754566,0.5542534598944742,0.75,0.4175249317120177,0.39676563104712037,0.1076388888888889,0.6171428571428571,0.3946172147939347,0.38585993051219547,0.08857142857142856,0.07714285714285714,0.08571428571428572,0.17714285714285713,13.177142857142858,0.0625,0.0,0.019109719941845925,0.14155880959894726,6.736111111111111,0.09088934247014267,0.16621415063728118,0.2045336054820856,0.0798611111111111,0,0.19194978999310072,0.2944172831170909,5.08605197196464,0.9956634678812765,0.0,1.0,0.0,0.3,0.2,0.5181778684940286,0.2681778684940285
226,0.9780072595072189,0.5573465971064956,0.9609946671156051,0.5542685930847948,0.26107685272754566,0.5547733688389433,0.7743055555555556,0.41759437615646217,0.3968177143804537,0.1076388888888889,0.6371428571428571,0.39467435765107756,0.38590278765505265,0.08857142857142856,0.07428571428571429,0.08,0.17714285714285713,13.228571428571428,0.06597222222222222,0.0,0.019245315834728553,0.14127103578544997,6.736111111111111,0.0881626621960384,0.16165479517538206,0.20289759731762302,0.0798611111111111,0,0.19190404104313522,0.2929451967015055,5.064330932525347,1.0059060743764032,0.0,0.9642857142857143,0.0,0.3,0.2,0.5176325324392077,0.2676325324392077
227,0.9780746089775919,0.5575514605232659,0.9610500861083694,0.5545439846332346,0.26107685272754566,0.5553187051669272,0.7881944444444444,0.41759437615646217,0.3968177143804537,0.1076388888888889,0.6485714285714286,0.39467435765107756,0.38590278765505265,0.08857142857142856,0.07428571428571429,0.08571428571428572,0.17714285714285713,13.291428571428572,0.0625,0.0,0.01937980928796321,0.14099189518635757,6.736111111111111,0.08551778233015725,0.1572084006583333,0.20131066939809433,0.0798611111111111,0,0.19157209298077674,0.29148047071799793,5.048758599589125,0.9857879528888751,0.0,1.0,0.0,0.3,0.2,0.5171035564660315,0.26710355646603146
228,0.9789729982007002,0.5573898340074899,0.9617893320976699,0.5543052883339948,0.26107685272754566,0.5559591087618607,0.7604166666666666,0.417733265045351,0.3969218810471204,0.1076388888888889,0.6257142857142857,0.39478864336536323,0.3859885019407669,0.08857142857142856,0.08285714285714285,0.09142857142857143,0.17714285714285713,13.334285714285715,0.06944444444444445,0.0,0.019513106883692604,0.14072112880523793,6.736111111111111,0.08295224886025253,0.15287286710145354,0.1997713493161515,0.0798611111111111,0,0.1916139468015871,0.29002306836440794,5.039211999025914,1.0017121938310967,0.0,0.96875,0.0,0.3,0.2,0.5165904497720505,0.2665904497720505
229,0.9793042276541676,0.5572144843196233,0.9620618866193802,0.5542112964775956,0.26107685272754566,0.5567440871556687,0.7673611111111112,0.417733265045351,0.3969218810471204,0.1076388888888889,0.6314285714285715,0.39478864336536323,0.3859885019407669,0.08857142857142856,0.07428571428571429,0.08,0.17714285714285713,13.388571428571428,0.07291666666666667,0.0,0.019645121665889637,0.14045848541555195,6.736111111111111,0.08046368139444494,0.1486460911651306,0.19827820883666697,0.0798611111111111,0,0.19133860701411481,0.2885729530225859,5.018427759045396,0.9816779499544748,0.0,1.0,0.0,0.3,0.2,0.516092736278889,0.26609273627888896
230,0.9791742059987142,0.5581934120369745,0.9619548973714643,0.5544176682484291,0.26107685272754566,0.557531925663507,0.7916666666666666,0.417733265045351,0.3969218810471204,0.1076388888888889,0.6514285714285715,0.39478864336536323,0.3859885019407669,0.08857142857142856,0.07428571428571429,0.08571428571428572,0.17714285714285713,13.448571428571428,0.0763888888888889,0.0,0.01977577300938836,0.14020372132755646,6.736111111111111,0.07804977095261159,0.14452596938226991,0.19682986257156695,0.0798611111111111,0,0.19095277112190137,0.287130088257473,5.003773489578774,0.9620443909553852,0.0,1.0,0.0,0.3,0.2,0.5156099541905224,0.2656099541905223
231,0.9779889526241938,0.5591952932483802,0.9608982286475762,0.5552722759387205,0.26107685272754566,0.558257268403618,0.7700348432055749,0.41750225394074936,0.3979034497298543,0.10801393728222997,0.6314285714285715,0.39484578622250616,0.38603135908362396,0.08857142857142856,0.06285714285714286,0.07714285714285714,0.18,13.52,0.07317073170731707,0.002857142857142857,0.019925528440991585,0.1399566001622009,6.571428571428571,0.07570827782403323,0.1405104011667173,0.19542496669441994,0.08013937282229965,0,0.19102543726629184,0.2856944378161856,4.980840876930055,0.9615763282264955,0.0,0.9629629629629629,0.0,0.3,0.2,0.5151416555648066,0.2651416555648066
232,0.9757529795741569,0.5586025059644791,0.9590647307465464,0.5547437038191592,0.26107685272754566,0.5589501076190881,0.7804878048780488,0.41750225394074936,0.3979034497298543,0.10801393728222997,0.64,0.39484578622250616,0.38603135908362396,0.08857142857142856,0.06571428571428571,0.07142857142857142,0.18,13.58,0.07317073170731707,0.0,0.02009317696437571,0.13971689263180603,6.571428571428571,0.07343702948931223,0.1365972916117163,0.19406221769358734,0.08013937282229965,0,0.19061245365138899,0.28426596562710466,4.952652630820026,0.9423448016619655,0.0,1.0,0.0,0.3,0.2,0.5146874058978624,0.26468740589786244
233,0.9757981567873198,0.5584111598614236,0.959069820802126,0.5548135998358742,0.26107685272754566,0.5594418775028857,0.8035087719298246,0.4188832202250031,0.39884090869125705,0.10877192982456141,0.6542857142857142,0.39496007193679183,0.38611707336933837,0.08857142857142856,0.08571428571428572,0.1,0.18571428571428572,13.642857142857142,0.06666666666666667,0.005714285714285714,0.020287284978888147,0.13948437632732294,6.428070175438597,0.07123391860463286,0.13278455408737522,0.1927403511627797,0.08070175438596491,0,0.1907725356688463,0.2828446357989692,4.953599578203624,0.9643600000000009,0.0,0.9714285714285714,0.0,0.3,0.2,0.5142467837209266,0.2642467837209266
234,0.9759421937292838,0.5583318373462066,0.9591871080262966,0.5551091331854604,0.26107685272754566,0.5598346484421802,0.7684210526315789,0.4189533956635996,0.3988935402702044,0.10877192982456141,0.6257142857142857,0.39501721479393465,0.38615993051219544,0.08857142857142856,0.07714285714285714,0.09428571428571429,0.18571428571428572,13.688571428571429,0.07017543859649122,0.0,0.020414110871978364,0.13925883551197435,6.428070175438597,0.06909690104649388,0.12907011264601032,0.19145814062789632,0.08070175438596491,0,0.19081810227621637,0.2814304126199743,4.948813300925266,0.9801684400853001,0.0,0.9696969696969697,0.0,0.3,0.2,0.5138193802092987,0.2638193802092988
235,0.9754112861162156,0.5591776455667552,0.9587547975413697,0.5557357871257562,0.26107685272754566,0.5602405520254237,0.7684210526315789,0.4189533956635996,0.3988935402702044,0.10877192982456141,0.6257142857142857,0.39501721479393465,0.38615993051219544,0.08857142857142856,0.06,0.07428571428571429,0.18571428571428572,13.751428571428571,0.07017543859649122,0.0,0.020539221825725783,0.13904006092108623,6.428070175438597,0.06702399401509906,0.12545190424408792,0.19021439640905943,0.08070175438596491,0,0.1903780117648353,0.2800232605568745,4.924122749192476,0.9605650712835941,0.0,1.0,0.0,0.3,0.2,0.5134047988030198,0.2634047988030198
236,0.9743943858397195,0.5599656327382809,0.9579999090709667,0.5566589671908709,0.26107685272754566,0.5604907107510376,0.7323943661971831,0.4194338742897392,0.3986917829446094,0.10915492957746478,0.5942857142857143,0.39501721479393465,0.38615993051219544,0.08857142857142856,0.08285714285714285,0.09428571428571429,0.18857142857142858,13.797142857142857,0.06690140845070422,0.002857142857142857,0.02066334013812876,0.13882784956792474,6.415492957746479,0.06501327419464609,0.12192788078932892,0.18900796451678764,0.08098591549295775,0,0.19022327950968962,0.27862314425409007,4.91992600849434,0.9413537698579222,0.0,1.0,0.0,0.3,0.2,0.5130026548389293,0.2630026548389292
237,0.9754994406178435,0.5607998770996593,0.9588730998810229,0.5570774512499128,0.26107685272754566,0.5606551159129649,0.7773851590106007,0.41982260786687275,0.39900051722732327,0.10954063604240283,0.6285714285714286,0.3952457862225061,0.38633135908362404,0.08857142857142856,0.08,0.09428571428571429,0.19142857142857142,13.857142857142858,0.0636042402826855,0.002857142857142857,0.020791915422180625,0.13862200455535817,6.402826855123675,0.0630628759688067,0.11849601102135776,0.18783772558128403,0.0812720848056537,0,0.1906148773978554,0.2773936462024924,4.915813202610168,0.9413261459568202,0.0,0.9393939393939394,0.0,0.3,0.2,0.5126125751937614,0.26261257519376136
238,0.9747011986998206,0.5612046522362713,0.9578887552131432,0.5574388022281744,0.26107685272754566,0.5607206971837322,0.8262411347517731,0.4206383404432555,0.3994140958023371,0.1099290780141844,0.6657142857142857,0.3952457862225061,0.38633135908362404,0.08857142857142856,0.054285714285714284,0.06,0.19428571428571428,13.914285714285715,0.06028368794326241,0.002857142857142857,0.021008235072901237,0.1384223348931685,6.141843971631205,0.0611709896897425,0.11515428223408042,0.1867025938138455,0.08156028368794327,0,0.190203377293009,0.27600667797148,4.8774969385579645,0.9224996230376837,0.0,1.0,0.0,0.3,0.2,0.5122341979379486,0.2622341979379485
239,0.9769778515220894,0.5623758835197938,0.9593544670274256,0.5577211205974041,0.26107685272754566,0.5608883086408404,0.8035714285714286,0.4207008768910318,0.40111061304475787,0.11071428571428571,0.6428571428571429,0.3952457862225061,0.38633135908362404,0.08857142857142856,0.04857142857142857,0.054285714285714284,0.2,13.945714285714285,0.05714285714285714,0.005714285714285714,0.02113667729760086,0.13822865532084452,6.128571428571429,0.05933585999905022,0.11190070184776524,0.18560151599943012,0.08214285714285714,0,0.18982278969225824,0.27462664458162256,4.8342327140725185,0.90404963057693,0.0,1.0,0.0,0.3,0.2,0.51186717199981,0.26186717199981
240,0.9770214245216853,0.5620591505162591,0.9593893254271022,0.5573766542183876,0.26107685272754566,0.561095780565593,0.8,0.4207008768910318,0.40111061304475787,0.11071428571428571,0.64,0.3952457862225061,0.38633135908362404,0.08857142857142856,0.06857142857142857,0.07714285714285714,0.2,13.977142857142857,0.05714285714285714,0.0,0.021270256174380442,0.13804078613569035,6.128571428571429,0.05755578419907871,0.10873329883857896,0.1845334705194472,0.07857142857142857,0,0.18958653431522554,0.27325351135871445,4.814690916933926,0.8859686379653914,0.0,1.0,0.0,0.3,0.2,0.5115111568398157,0.26151115683981574
241,0.9754692450709614,0.5615954343416305,0.9581475818665234,0.5574053465422685,0.26107685272754566,0.5613529215037985,0.7857142857142857,0.4209151626053175,0.40127132733047216,0.11071428571428571,0.6285714285714286,0.39541721479393466,0.3864599305121955,0.08857142857142856,0.09142857142857143,0.1,0.2,14.017142857142858,0.05714285714285714,0.0,0.021386107168985174,0.13785855302609074,6.128571428571429,0.05582911067310635,0.1056501250330999,0.1834974664038638,0.07857142857142857,0,0.19018031878293512,0.27188724380192086,4.818397098595247,0.9278796805856976,0.0,0.9428571428571428,0.0,0.3,0.2,0.5111658221346213,0.26116582213462125
242,0.9759386791672149,0.5615152377807725,0.9583828785585383,0.5574115968802146,0.26107685272754566,0.5616242695981783,0.7885304659498208,0.42194227706310306,0.4012056633938716,0.1111111111111111,0.6285714285714286,0.39553150050822045,0.3865456447979097,0.08857142857142856,0.05142857142857143,0.054285714285714284,0.20285714285714285,14.06857142857143,0.053763440860215055,0.002857142857142857,0.021522037884432455,0.13768178690977914,5.992831541218638,0.05415423735291316,0.1026492562750918,0.1824925424117479,0.07885304659498207,0,0.19002941718902044,0.2705278075829113,4.776314870909057,0.9580972228620255,0.0,0.9473684210526315,0.0,0.3,0.2,0.5108308474705826,0.2608308474705826
243,0.977072019213605,0.5619640994391418,0.9592863124812321,0.5578461530743294,0.26107685272754566,0.5617355186535237,0.7813620071684588,0.42194227706310306,0.4012056633938716,0.1111111111111111,0.6228571428571429,0.39553150050822045,0.3865456447979097,0.08857142857142856,0.05714285714285714,0.06857142857142857,0.20285714285714285,14.105714285714285,0.053763440860215055,0.0,0.021684115186171356,0.13751032377695685,5.992831541218638,0.05252961023232576,0.0997287934715827,0.18151776613939546,0.07885304659498207,0,0.18979241367450392,0.2691751685449967,4.749360002062304,0.938935278404785,0.0,1.0,0.0,0.3,0.2,0.5105059220464652,0.26050592204646517
244,0.9759491062529327,0.5623523211329619,0.9583911904354393,0.5578622403216184,0.26107685272754566,0.5619123192302434,0.7849462365591398,0.42194227706310306,0.4012056633938716,0.1111111111111111,0.6257142857142857,0.39553150050822045,0.3865456447979097,0.08857142857142856,0.05142857142857143,0.06,0.20285714285714285,14.14,0.053763440860215055,0.0,0.02179491163103666,0.13734400453811932,5.992831541218638,0.05095372192535599,0.09688686352504317,0.1805722331552136,0.07885304659498207,0,0.18930002374898855,0.2678292927022717,4.714372802021058,0.9201565728366893,0.0,1.0,0.0,0.3,0.2,0.5101907443850712,0.26019074438507117
245,0.9760144557291991,0.562841305244229,0.9584432833036629,0.5579859791531645,0.26107685272754566,0.5620642412703962,0.8243727598566308,0.42194227706310306,0.4012056633938716,0.1111111111111111,0.6571428571428571,0.39553150050822045,0.3865456447979097,0.08857142857142856,0.07142857142857142,0.07714285714285714,0.20285714285714285,14.17142857142857,0.053763440860215055,0.0,0.021903676945965553,0.13718267487644684,5.992831541218638,0.04942511026759531,0.09412162015821623,0.17965506616055718,0.07885304659498207,0,0.18917910929106496,0.26649014623876033,4.697228203123494,0.9017534413799555,0.0,1.0,0.0,0.3,0.2,0.509885022053519,0.25988502205351904
246,0.9766163576841069,0.5635811717873634,0.9589230851477182,0.5584311601196051,0.26107685272754566,0.5622508577068408,0.7885304659498208,0.42194227706310306,0.4012056633938716,0.1111111111111111,0.6285714285714286,0.39553150050822045,0.3865456447979097,0.08857142857142856,0.04857142857142857,0.05714285714285714,0.20285714285714285,14.208571428571428,0.053763440860215055,0.0,0.02201040651660996,0.1370261851046245,5.992831541218638,0.047942356959567445,0.09143124463789898,0.17876541417574046,0.07885304659498207,0,0.1886902137446096,0.2651576955075665,4.660426496203882,0.8837183725523564,0.0,1.0,0.0,0.3,0.2,0.5095884713919134,0.2595884713919135
247,0.9770473988324055,0.5637443784587,0.9592666865202188,0.5584816922613033,0.26107685272754566,0.5623288781775033,0.8064516129032258,0.42194227706310306,0.4012056633938716,0.1111111111111111,0.6428571428571429,0.39553150050822045,0.3865456447979097,0.08857142857142856,0.06285714285714286,0.06857142857142857,0.20285714285714285,14.242857142857142,0.053763440860215055,0.0,0.022115098832769724,0.13687439002595692,5.992831541218638,0.04650408625078042,0.08881394640373375,0.17790245175046823,0.07885304659498207,0,0.18840262267231514,0.2638319070300287,4.635789394851232,0.8660440051013093,0.0,1.0,0.0,0.3,0.2,0.5093008172501561,0.2593008172501561
248,0.9760520918294905,0.5645229051399808,0.9584732846521806,0.5589309804502187,0.26107685272754566,0.5624845550722487,0.8207885304659498,0.4223723845899848,0.4015282440390329,0.1111111111111111,0.6542857142857142,0.39587435765107754,0.38680278765505266,0.08857142857142856,0.06,0.07428571428571429,0.20285714285714285,14.285714285714286,0.053763440860215055,0.0,0.022217755294306835,0.1367271487996493,5.992831541218638,0.04510896366325701,0.08626796360781619,0.1770653781979542,0.07885304659498207,0,0.18934489884109643,0.2625127474948785,4.617359321239921,0.8972581427776024,0.0,0.8846153846153846,0.0,0.3,0.2,0.5090217927326514,0.2590217927326514
249,0.97644900675921,0.565163908008898,0.9586678080742785,0.5593816089528285,0.26107685272754566,0.5625660109746005,0.7985611510791367,0.42358922784800884,0.4020391825036677,0.11151079136690648,0.6342857142857142,0.39587435765107754,0.38680278765505266,0.08857142857142856,0.07428571428571429,0.08,0.2057142857142857,14.334285714285715,0.0539568345323741,0.002857142857142857,0.022323900031957177,0.13658432481013097,5.9784172661870505,0.043755694753359296,0.08379156357069062,0.17625341685201557,0.07913669064748201,0,0.18908288934689094,0.2612001837574041,4.605012134815123,0.8793129799220504,0.0,1.0,0.0,0.3,0.2,0.5087511389506718,0.25875113895067187
250,0.9749251160065298,0.5655984200911387,0.9574574034192928,0.5597963286604308,0.26107685272754566,0.5628144839333054,0.8093525179856115,0.42358922784800884,0.4020391825036677,0.11151079136690648,0.6428571428571429,0.39587435765107754,0.38680278765505266,0.08857142857142856,0.04857142857142857,0.06,0.2057142857142857,14.368571428571428,0.0539568345323741,0.0,0.022426039202839393,0.1364457855402981,5.9784172661870505,0.042443023910758514,0.08138304315905875,0.1754658143464551,0.07913669064748201,0,0.18862247561444218,0.2598941828386171,4.57291189211882,0.8617267203236093,0.0,1.0,0.0,0.3,0.2,0.5084886047821517,0.2584886047821517
251,0.9770014801870348,0.5659581226973335,0.9591066298255224,0.560078527142044,0.26107685272754566,0.563062899779561,0.8165467625899281,0.423661170294052,0.4020931393382001,0.11151079136690648,0.6485714285714286,0.3959315005082204,0.3868456447979098,0.08857142857142856,0.05714285714285714,0.06285714285714286,0.2057142857142857,14.42,0.0539568345323741,0.0,0.022522703324862076,0.1363114024485603,5.9784172661870505,0.04116973319343576,0.07904072909029669,0.17470183991606145,0.07913669064748201,0,0.18865007752208426,0.2705728511824748,4.544310797133587,0.9411919999999999,0.0,0.9545454545454546,0.0,0.3,0.2,0.5082339466386872,0.25823394663868715
252,0.977010648919093,0.5661697074592559,0.9591139124184143,0.560271022702664,0.26107685272754566,0.5633929045005264,0.8201438848920863,0.42380505518613837,0.40220105300726483,0.11151079136690648,0.6514285714285715,0.3960457862225061,0.386931359083624,0.08857142857142856,0.06857142857142857,0.08,0.2057142857142857,14.462857142857143,0.0539568345323741,0.0,0.022617360681255236,0.13618105084957463,5.9784172661870505,0.03993464119763269,0.07676297816864242,0.17396078471857962,0.07913669064748201,0,0.18890539999161668,0.2692199869265624,4.533424581190915,0.9245145797046369,0.0,0.9642857142857143,0.0,0.3,0.2,0.5079869282395265,0.2579869282395265
253,0.976918688493283,0.5660516628993475,0.9581962803959128,0.5602452993764032,0.26107685272754566,0.5637929351685541,0.7978339350180506,0.42354558730188413,0.4025164797316472,0.11191335740072202,0.6314285714285715,0.3960457862225061,0.386931359083624,0.08857142857142856,0.06857142857142857,0.07714285714285714,0.20857142857142857,14.5,0.05054151624548736,0.002857142857142857,0.022741287517632148,0.13605460979855843,5.84115523465704,0.038736601961703705,0.07454817745769149,0.17324196117702223,0.07942238267148015,0,0.1885321587059443,0.2678738869919296,4.5198989467099535,0.906024288110544,0.0,1.0,0.0,0.3,0.2,0.5077473203923407,0.2577473203923407
254,0.9775482704312166,0.5660151329274035,0.9586945495296488,0.5602606379466215,0.26107685272754566,0.5640852669449238,0.779783393501805,0.42354558730188413,0.4025164797316472,0.11191335740072202,0.6171428571428571,0.3960457862225061,0.386931359083624,0.08857142857142856,0.04857142857142857,0.05714285714285714,0.20857142857142857,14.545714285714286,0.05054151624548736,0.0,0.02287856493094391,0.13593196197907287,5.84115523465704,0.03757450390285259,0.07239474439361815,0.17254470234171154,0.07942238267148015,0,0.18801792648384316,0.2665345175569699,4.486643824918612,0.8879038023483332,0.0,1.0,0.0,0.3,0.2,0.5075149007805705,0.25751490078057054
255,0.977017810219161,0.566836198805869,0.9582747281618219,0.5615985650002704,0.26107685272754566,0.5642963112751087,0.776173285198556,0.42354558730188413,0.4025164797316472,0.11191335740072202,0.6142857142857143,0.3960457862225061,0.386931359083624,0.08857142857142856,0.04857142857142857,0.054285714285714284,0.20857142857142857,14.585714285714285,0.05054151624548736,0.0,0.02296798852363653,0.13581299359417176,5.84115523465704,0.03644726878576701,0.07030112684332634,0.1718683612714602,0.07942238267148015,0,0.1874775511371382,0.26520184496918503,4.451196662705954,0.8701457263013666,0.0,1.0,0.0,0.3,0.2,0.5072894537571534,0.2572894537571534
256,0.9786817656039599,0.5665951063238349,0.9585898165318186,0.5612338740561154,0.26107685272754566,0.5645311824542192,0.822463768115942,0.4223447056526777,0.4024435522773947,0.11231884057971014,0.6485714285714286,0.3960457862225061,0.386931359083624,0.08857142857142856,0.06285714285714286,0.06857142857142857,0.21142857142857144,14.622857142857143,0.050724637681159424,0.002857142857142857,0.023062378848615454,0.13569759426081773,5.826086956521739,0.035353850722194,0.06826580311152597,0.1712123104333164,0.07971014492753623,0,0.18736645195288112,0.26387583574433915,4.430744158023263,0.8527428117753392,0.0,1.0,0.0,0.3,0.2,0.5070707701444388,0.2570707701444388
257,0.9788898087998613,0.5669477601108764,0.9587538734520152,0.5617420118738041,0.26107685272754566,0.5647870296081471,0.8007246376811594,0.4223447056526777,0.4024435522773947,0.11231884057971014,0.6314285714285715,0.3960457862225061,0.386931359083624,0.08857142857142856,0.05142857142857143,0.06,0.21142857142857144,14.657142857142857,0.04710144927536232,0.0,0.023150581177082217,0.1355856569074643,5.826086956521739,0.034293235200528176,0.06628728190052913,0.1705759411203169,0.07971014492753623,0,0.18688647683597387,0.26255645656561744,4.402129274862798,0.8356879555398323,0.0,1.0,0.0,0.3,0.2,0.5068586470401056,0.25685864704010564
258,0.9781537604061653,0.5662936936877654,0.9581734467187006,0.5610338422062003,0.26107685272754566,0.5650057588475113,0.8115942028985508,0.4223447056526777,0.4024435522773947,0.11231884057971014,0.64,0.3960457862225061,0.386931359083624,0.08857142857142856,0.06857142857142857,0.07428571428571429,0.21142857142857144,14.697142857142858,0.050724637681159424,0.0,0.023234261897308785,0.13547707767471148,5.826086956521739,0.033264438144512326,0.06436410222636424,0.16995866288670738,0.07971014492753623,0,0.18666518802322254,0.26124367428278933,4.388372403651256,0.8189741964290357,0.0,1.0,0.0,0.3,0.2,0.5066528876289025,0.2566528876289025
259,0.979987518540285,0.5663917265874415,0.9596194959901779,0.5614914288888586,0.26107685272754566,0.5653234393534332,0.7898550724637681,0.4226345607251414,0.40266094358174254,0.11231884057971014,0.6228571428571429,0.3962743576510775,0.3871027876550526,0.08857142857142856,0.06571428571428571,0.07142857142857142,0.21142857142857144,14.737142857142857,0.050724637681159424,0.0,0.023316045834860917,0.13537175581894126,5.826086956521739,0.03226650500017696,0.06249483329462158,0.16935990300010617,0.07971014492753623,0,0.18710300494024934,0.2913902523268304,4.372033527006802,0.8266115177093731,0.0,0.92,0.0,0.3,0.2,0.5064533010000354,0.2564533010000354
260,0.9823405421587708,0.5655528057160061,0.9601498583252571,0.5611240835070433,0.26107685272754566,0.5656751830971988,0.8181818181818182,0.42394578731553795,0.40332005802497395,0.11272727272727273,0.6428571428571429,0.3963886433653633,0.3871885019407669,0.08857142857142856,0.06,0.07428571428571429,0.21428571428571427,14.774285714285714,0.04727272727272727,0.002857142857142857,0.023463386614780334,0.13526959361884414,5.68,0.031298509850171644,0.06067807433925587,0.16877910591010298,0.08,0,0.18708148991554804,0.29803593594536165,4.35887857075238,0.8248428598162639,0.0,0.9615384615384616,0.0,0.3,0.2,0.5062597019700343,0.25625970197003434
261,0.9813460253756814,0.5656114344933678,0.9593684522814013,0.561451707713018,0.26107685272754566,0.565929699056408,0.8363636363636363,0.42394578731553795,0.40332005802497395,0.11272727272727273,0.6571428571428571,0.3963886433653633,0.3871885019407669,0.08857142857142856,0.04857142857142857,0.06,0.21428571428571427,14.808571428571428,0.04727272727272727,0.0,0.02356816071879617,0.13517049628474997,5.68,0.030359554554666494,0.058912454427401895,0.16821573273279988,0.08,0,0.18665965460882744,0.29654575626563484,4.3317009993373325,0.8083460026199386,0.0,1.0,0.0,0.3,0.2,0.5060719109109333,0.2560719109109333
262,0.9805374584755745,0.5658839783406897,0.9587331497170314,0.5616494167023135,0.26107685272754566,0.5660949217694614,0.850909090909091,0.42394578731553795,0.40332005802497395,0.11272727272727273,0.6685714285714286,0.3963886433653633,0.3871885019407669,0.08857142857142856,0.054285714285714284,0.054285714285714284,0.21428571428571427,14.86,0.04727272727272727,0.0,0.023645065327563494,0.13507437187067858,5.68,0.0294487679180265,0.05719663223308802,0.1676692607508159,0.08,0,0.18626793061792618,0.29506302748430663,4.2993526936363,0.7921790825675398,0.0,1.0,0.0,0.3,0.2,0.5058897535836053,0.25588975358360533
263,0.9803385874190342,0.5648698475981917,0.9585768938868929,0.5606003928465053,0.26107685272754566,0.5662248927400412,0.8618181818181818,0.42394578731553795,0.40332005802497395,0.11272727272727273,0.6771428571428572,0.3963886433653633,0.3871885019407669,0.08857142857142856,0.05714285714285714,0.06285714285714286,0.21428571428571427,14.897142857142857,0.04727272727272727,0.0,0.023720157256123618,0.1349811311890293,5.68,0.028565304880485705,0.05552929578256993,0.1671391829282914,0.08,0,0.18585030525055085,0.2935877123468851,4.276222782620716,0.7763355009161891,0.0,1.0,0.0,0.3,0.2,0.5057130609760971,0.25571306097609714
264,0.9792574003901623,0.5651995517507488,0.9577428732992571,0.5609915077378046,0.26107685272754566,0.5662101857986346,0.8102189781021898,0.4238066850615566,0.4037674389266113,0.11313868613138686,0.6342857142857142,0.3963886433653633,0.3871885019407669,0.08857142857142856,0.06285714285714286,0.06571428571428571,0.21714285714285714,14.928571428571429,0.043795620437956206,0.002857142857142857,0.02381381576618183,0.13489068772782953,5.642335766423358,0.027708345734071133,0.05390916217385344,0.16662500744044267,0.08029197080291971,0,0.18560449013503022,0.29211977378515064,4.256412612682588,0.7608087908978652,0.0,1.0,0.0,0.3,0.2,0.5055416691468142,0.2555416691468142
265,0.9780906938401146,0.5657092997289719,0.9568295087429338,0.5611667160545329,0.26107685272754566,0.566118837334509,0.8467153284671532,0.4239526704630165,0.4038769279777062,0.11313868613138686,0.6628571428571428,0.39650292907964896,0.3872742162264811,0.08857142857142856,0.05142857142857143,0.05714285714285714,0.21714285714285714,14.957142857142857,0.043795620437956206,0.0,0.023894927282514643,0.13480295757046573,5.642335766423358,0.026877095362049,0.052334977272824657,0.1661262572172294,0.08029197080291971,0,0.18556175339864078,0.2906591749162249,4.228427217571793,0.7585814128551925,0.0,0.95,0.0,0.3,0.2,0.5053754190724098,0.2553754190724098
266,0.9790293493189414,0.5651574749218575,0.9575643418892154,0.5602064972856027,0.26107685272754566,0.5660829572830769,0.864963503649635,0.4239526704630165,0.4038769279777062,0.11313868613138686,0.6771428571428572,0.39650292907964896,0.3872742162264811,0.08857142857142856,0.04285714285714286,0.05142857142857143,0.21714285714285714,14.971428571428572,0.043795620437956206,0.0,0.02396492416204472,0.1347178593178229,5.642335766423358,0.026070782501187526,0.05080551538826483,0.1656424695007125,0.08029197080291971,0,0.18517594534593326,0.2892058790416438,4.195287244648929,0.7434097845980887,0.0,1.0,0.0,0.3,0.2,0.5052141565002375,0.2552141565002375
267,0.9809887376533604,0.5657155932836235,0.9590982630424466,0.5606237041434635,0.26107685272754566,0.565982077108074,0.8211678832116789,0.4240986558644763,0.4039864170288011,0.11313868613138686,0.6428571428571429,0.3966172147939347,0.38735993051219547,0.08857142857142856,0.04285714285714286,0.05142857142857143,0.21714285714285714,15.005714285714285,0.043795620437956206,0.0,0.02403321647065852,0.13463531401275933,5.642335766423358,0.025288659026151898,0.04931957892788941,0.16517319541569114,0.08029197080291971,0,0.18507835133348935,0.28775984964643553,4.162810071184522,0.7428427646586387,0.0,0.9444444444444444,0.0,0.3,0.2,0.5050577318052304,0.2550577318052304
268,0.9822319919849845,0.5649221001499792,0.9595409521423872,0.5604194987098223,0.26107685272754566,0.5658279045381283,0.8315018315018315,0.4250891762873944,0.40409420366577675,0.11355311355311355,0.6485714285714286,0.3966172147939347,0.38735993051219547,0.08857142857142856,0.06285714285714286,0.07142857142857142,0.22,15.037142857142857,0.040293040293040296,0.002857142857142857,0.02409476190149658,0.13455524506684768,5.633699633699634,0.024529999255367342,0.04787599803742004,0.1647179995532204,0.08058608058608059,0,0.18463824529110762,0.2863210503982033,4.150982441189402,0.7279859093654659,0.0,1.0,0.0,0.3,0.2,0.5049059998510734,0.2549059998510735
269,0.9814466723230636,0.5635502795534183,0.9589284028060892,0.5593055224392159,0.26107685272754566,0.5657092385077165,0.8278388278388278,0.42545547665369476,0.404368928940502,0.11355311355311355,0.6457142857142857,0.39690292907964897,0.3875742162264812,0.08857142857142856,0.06571428571428571,0.07142857142857142,0.22,15.085714285714285,0.04395604395604396,0.0,0.02417318603438378,0.13447757818931336,5.633699633699634,0.023794099277706322,0.04647363022457851,0.1642764595666238,0.08058608058608059,0,0.1855422004896521,0.3027126868803785,4.139391363794186,0.8314055261987953,0.0,0.88,0.0,0.3,0.2,0.5047588198555413,0.2547588198555413
270,0.9804161817758178,0.5625603488223625,0.9581246201792374,0.5586017264338443,0.26107685272754566,0.5655008295253451,0.8461538461538461,0.42545547665369476,0.404368928940502,0.11355311355311355,0.66,0.39690292907964897,0.3875742162264812,0.08857142857142856,0.06,0.06285714285714286,0.22,15.114285714285714,0.04395604395604396,0.0,0.024236583802510342,0.13440224131810508,5.633699633699634,0.023080276299375133,0.045111359969765674,0.16384816577962508,0.08058608058608059,0,0.18532607514802513,0.3011991234459766,4.119460679375446,0.8147774156748193,0.0,1.0,0.0,0.3,0.2,0.5046160552598751,0.254616055259875
271,0.9796281508005455,0.5617418414339859,0.9575099560185251,0.5574475751916294,0.26107685272754566,0.5654239159264438,0.8534798534798534,0.42545547665369476,0.404368928940502,0.11355311355311355,0.6657142857142857,0.39690292907964897,0.3875742162264812,0.08857142857142856,0.06285714285714286,0.06857142857142857,0.22,15.154285714285715,0.04395604395604396,0.0,0.024298394569101243,0.13432916455303306,5.633699633699634,0.02238786801039388,0.04378809832508257,0.16343272080623633,0.08058608058608059,0,0.184856444772285,0.29969312782874674,4.105642894359365,0.798481867361323,0.0,1.0,0.0,0.3,0.2,0.5044775736020788,0.2544775736020788
272,0.9801580355021526,0.561006685266937,0.9579232660857786,0.557035205581127,0.26107685272754566,0.5653893012502075,0.8131868131868132,0.42574851694673504,0.4045887091602823,0.11721611721611722,0.6342857142857142,0.3971315005082204,0.38774564479790974,0.09142857142857143,0.05142857142857143,0.05714285714285714,0.22,15.191428571428572,0.04395604395604396,0.0,0.024358648413570046,0.13425828009091315,5.633699633699634,0.021716231970082062,0.04250278250323991,0.16302973918204924,0.08058608058608059,0,0.18518916254842363,0.3094794220432976,4.080672893615033,0.9507909732262633,0.0,0.9,0.0,0.3,0.2,0.5043432463940164,0.2543432463940164
273,0.9802042014981122,0.5611284346516441,0.9579592755626274,0.5566507141311142,0.26107685272754566,0.565236228764628,0.7802197802197802,0.42574851694673504,0.4045887091602823,0.11721611721611722,0.6085714285714285,0.3971315005082204,0.38774564479790974,0.09142857142857143,0.04285714285714286,0.04857142857142857,0.22,15.234285714285715,0.04395604395604396,0.0,0.02441737545570895,0.13418952216265687,5.633699633699634,0.0210647450109796,0.04125437545780075,0.16263884700658776,0.08058608058608059,0,0.18469135959282434,0.3079320249330811,4.047630864314162,0.9317751537617379,0.0,1.0,0.0,0.3,0.2,0.5042129490021959,0.25421294900219593
274,0.9787775548574422,0.560578792797829,0.9568464911829044,0.5561272778369637,0.26107685272754566,0.565069517230805,0.8241758241758241,0.42574851694673504,0.4045887091602823,0.11721611721611722,0.6428571428571429,0.3971315005082204,0.38774564479790974,0.09142857142857143,0.04857142857142857,0.05714285714285714,0.22,15.268571428571429,0.04395604395604396,0.0,0.024474605806761508,0.13412282697224828,5.633699633699634,0.02043280266065021,0.040041865456103776,0.16225968159639012,0.08058608058608059,0,0.1842246170805745,0.30639236480841564,4.023821104170736,0.9131396506865032,0.0,1.0,0.0,0.3,0.2,0.5040865605321301,0.25408656053213
275,0.9809042378749527,0.5604979750535932,0.9585053039365626,0.5561900617199315,0.26107685272754566,0.565004640049366,0.8168498168498168,0.42582177701999513,0.4046436542152273,0.11721611721611722,0.6371428571428571,0.39718864336536325,0.38778850194076686,0.09142857142857143,0.045714285714285714,0.05142857142857143,0.22,15.3,0.04395604395604396,0.0,0.024530369524102893,0.13405813263755195,5.633699633699634,0.019819818580830706,0.038864265646124774,0.16189189114849842,0.08058608058608059,0,0.18410292328088593,0.30486040298437356,3.9947732535158926,0.9785684340565409,0.0,0.9444444444444444,0.0,0.3,0.2,0.5039639637161661,0.25396396371616614
276,0.9796260079047687,0.5611940954449286,0.9575082845598188,0.5566937849149578,0.26107685272754566,0.5649112835516849,0.8424908424908425,0.42611481731303547,0.40486343443500755,0.11721611721611722,0.6571428571428571,0.3974172147939347,0.38795993051219546,0.09142857142857143,0.05714285714285714,0.06571428571428571,0.22,15.331428571428571,0.04395604395604396,0.0,0.02458469656934995,0.1339953791328965,5.633699633699634,0.019225224023405783,0.037720613618443255,0.16153513441404346,0.08058608058608059,0,0.18463699432530284,0.3033361009694517,3.98059207415986,1.0009029748125853,0.0,0.9130434782608695,0.0,0.3,0.2,0.5038450448046812,0.2538450448046812
277,0.9817718820097225,0.5605516056889946,0.9591820663616831,0.5560426855998098,0.26107685272754566,0.5647565540719687,0.7765567765567766,0.42626133745955563,0.40497332454489765,0.11721611721611722,0.6057142857142858,0.3975315005082204,0.3880456447979098,0.09142857142857143,0.06,0.06857142857142857,0.22,15.38,0.04395604395604396,0.0,0.024637616769728383,0.1339345082333807,5.633699633699634,0.01864846730270361,0.036609970964401994,0.16118908038162216,0.08058608058608059,0,0.18471238435010487,0.30181942046460447,3.969551661248092,0.9938209004629114,0.0,0.9583333333333334,0.0,0.3,0.2,0.5037296934605408,0.2537296934605407
278,0.9807914160317164,0.5604422305382836,0.9584173028988385,0.5561774003967103,0.26107685272754566,0.5646372645776869,0.7948717948717948,0.42626133745955563,0.40497332454489765,0.11721611721611722,0.62,0.3975315005082204,0.3880456447979098,0.09142857142857143,0.06285714285714286,0.06857142857142857,0.22,15.405714285714286,0.04395604395604396,0.0,0.02468915978252905,0.1338754634608504,5.633699633699634,0.0180890132836225,0.03553142283146549,0.1608534079701735,0.08058608058608059,0,0.1843306824247829,0.3003103233622814,3.9587320565945583,0.9739444824536532,0.0,1.0,0.0,0.3,0.2,0.5036178026567245,0.2536178026567245
279,0.980773602976573,0.5612118914813506,0.9584034087158266,0.5569495925358701,0.26107685272754566,0.5643623453066949,0.8205128205128205,0.42633459753281566,0.4050282695998427,0.11721611721611722,0.64,0.3975886433653632,0.38808850194076694,0.09142857142857143,0.06857142857142857,0.07714285714285714,0.22,15.445714285714285,0.04395604395604396,0.0,0.02473935506249088,0.133818190031496,5.633699633699634,0.017546342885113825,0.03448407747671345,0.16052780573106828,0.08058608058608059,0,0.18454539969571174,0.29880877174547005,3.956700272605524,0.9989456220655599,0.0,0.9629629629629629,0.0,0.3,0.2,0.5035092685770227,0.2535092685770228
280,0.980198820740443,0.5612089283100546,0.9579550785716446,0.5570821143030027,0.26107685272754566,0.5640577457031477,0.8241758241758241,0.42633459753281566,0.4050282695998427,0.11721611721611722,0.6428571428571429,0.3975886433653632,0.38808850194076694,0.09142857142857143,0.05714285714285714,0.06285714285714286,0.22,15.482857142857142,0.04395604395604396,0.0,0.02478823183195296,0.13376263480502223,5.633699633699634,0.01701995259856041,0.03346706581933134,0.16021197155913625,0.08058608058608059,0,0.1841929612650903,0.2973147278867427,3.940423410010557,0.9789667096242487,0.0,1.0,0.0,0.3,0.2,0.5034039905197121,0.2534039905197121
281,0.980146048078776,0.5605064520748804,0.9579139158955446,0.5567860584750115,0.26107685272754566,0.5638000422588977,0.8388278388278388,0.42633459753281566,0.4050282695998427,0.11721611721611722,0.6542857142857142,0.3975886433653632,0.38808850194076694,0.09142857142857143,0.05714285714285714,0.06571428571428571,0.22,15.531428571428572,0.04395604395604396,0.0,0.02483581905362412,0.13370874623534268,5.633699633699634,0.0165093540206036,0.03247954099289663,0.15990561241236215,0.08058608058608059,0,0.183785853601622,0.29582815424730896,3.9273292275246305,0.9593873754317637,0.0,1.0,0.0,0.3,0.2,0.5033018708041207,0.2533018708041207
282,0.9792734745855045,0.5606177278125793,0.9572333085707929,0.556966920331968,0.26107685272754566,0.5636686786869419,0.8095238095238095,0.42633459753281566,0.4050282695998427,0.11721611721611722,0.6314285714285715,0.3975886433653632,0.38808850194076694,0.09142857142857143,0.04857142857142857,0.054285714285714284,0.22,15.574285714285715,0.047619047619047616,0.0,0.024882145405823678,0.13365647432275352,5.633699633699634,0.01601407339998549,0.03152067789819646,0.15960844403999128,0.08058608058608059,0,0.18329521004789964,0.29434901347607245,3.9030683572598535,0.9401996279231284,0.0,1.0,0.0,0.3,0.2,0.5032028146799971,0.2532028146799971
283,0.980563340422579,0.5607963888224723,0.9582394039237111,0.5571797295490069,0.26107685272754566,0.5636291071381333,0.8058608058608059,0.42633459753281566,0.4050282695998427,0.11721611721611722,0.6285714285714286,0.3975886433653632,0.38808850194076694,0.09142857142857143,0.05142857142857143,0.05714285714285714,0.22,15.602857142857143,0.047619047619047616,0.0,0.024927239260052532,0.133605770567542,5.633699633699634,0.015533651197985924,0.030589672757253217,0.15932019071879155,0.08058608058608059,0,0.18289202042623157,0.29287726840869205,3.8821498472575136,0.9213956353646657,0.0,1.0,0.0,0.3,0.2,0.5031067302395972,0.2531067302395972
284,0.9799418272899144,0.5606977979826415,0.9577546236802328,0.556933236864645,0.26107685272754566,0.5636169301331538,0.8424908424908425,0.42633459753281566,0.4050282695998427,0.11721611721611722,0.6571428571428571,0.3975886433653632,0.38808850194076694,0.09142857142857143,0.05714285714285714,0.06857142857142857,0.22,15.645714285714286,0.047619047619047616,0.0,0.024971128660759477,0.1335565879249869,5.633699633699634,0.015067641662046346,0.02968574266917945,0.1590405849972278,0.08058608058608059,0,0.18251984603838609,0.2914128820666486,3.873078278883791,0.9029677226573725,0.0,1.0,0.0,0.3,0.2,0.5030135283324093,0.25301352833240925
285,0.9795700869204922,0.5607991901409785,0.9574646661920835,0.5568787405699033,0.26107685272754566,0.5636951049877856,0.8205128205128205,0.4264811176793358,0.4051381597097328,0.11721611721611722,0.64,0.397702929079649,0.3881742162264812,0.09142857142857143,0.04857142857142857,0.05142857142857143,0.22,15.674285714285714,0.047619047619047616,0.0,0.02501384130717315,0.1335088807617084,5.633699633699634,0.014615612412184955,0.028808125168431453,0.15876936744731096,0.08058608058608059,0,0.18243539037962278,0.28995581765631534,3.8470452847346874,0.9061418479083267,0.0,0.9444444444444444,0.0,0.3,0.2,0.502923122482437,0.252923122482437
286,0.9785596035494866,0.5605645352487264,0.9566764891626992,0.5563796807643383,0.26107685272754566,0.5637922762858976,0.7948717948717948,0.4264811176793358,0.4051381597097328,0.11721611721611722,0.62,0.397702929079649,0.3881742162264812,0.09142857142857143,0.04857142857142857,0.05142857142857143,0.22,15.717142857142857,0.047619047619047616,0.0,0.025055404537075218,0.13346260481332825,5.633699633699634,0.014177144039819406,0.027956077785981637,0.15850628642389164,0.08058608058608059,0,0.18192278485629604,0.28850603856803375,3.8215329504685647,0.8880190109501602,0.0,1.0,0.0,0.3,0.2,0.5028354288079638,0.2528354288079639
287,0.9783380805233381,0.5600705819961086,0.9565037012023033,0.5561158861943353,0.26107685272754566,0.563914367916559,0.8168498168498168,0.4264811176793358,0.4051381597097328,0.11721611721611722,0.6371428571428571,0.397702929079649,0.3881742162264812,0.09142857142857143,0.05142857142857143,0.05714285714285714,0.22,15.757142857142858,0.047619047619047616,0.0,0.02509584531239618,0.13341771714339945,5.633699633699634,0.013751829718624823,0.027128877613884494,0.1582510978311749,0.08058608058608059,0,0.18141274236058602,0.28706350837519357,3.8022451486020503,0.870258630731157,0.0,1.0,0.0,0.3,0.2,0.502750365943725,0.25275036594372496
288,0.9786548937432015,0.5611036542524672,0.9567508155137969,0.5567472177937112,0.26107685272754566,0.5639552098834767,0.8131868131868132,0.4264811176793358,0.4051381597097328,0.11721611721611722,0.6342857142857142,0.397702929079649,0.3881742162264812,0.09142857142857143,0.054285714285714284,0.06285714285714286,0.22,15.794285714285714,0.047619047619047616,0.0,0.025135190206520146,0.13337417610356864,5.633699633699634,0.013339274827066079,0.026325820873665307,0.15800356489623965,0.08058608058608059,0,0.18104725293092594,0.2856281908333176,3.789057388487152,0.8528534581165338,0.0,1.0,0.0,0.3,0.2,0.5026678549654132,0.2526678549654132
289,0.9789191674202636,0.5601555531249387,0.9561445584684618,0.556079697066399,0.26107685272754566,0.5639127985671143,0.8786764705882353,0.425977403570982,0.4052636642194509,0.11764705882352941,0.6828571428571428,0.397702929079649,0.3881742162264812,0.09142857142857143,0.06,0.06285714285714286,0.22285714285714286,15.831428571428571,0.04411764705882353,0.002857142857142857,0.025185956279307038,0.13333194129493273,5.595588235294118,0.012939096582254096,0.025546222488924686,0.15776345794935245,0.08088235294117647,0,0.18085233010950283,0.284200049879151,3.776133383574552,0.8357963889542032,0.0,1.0,0.0,0.3,0.2,0.5025878193164508,0.2525878193164508
290,0.9807795879139405,0.5603658216697651,0.9575903709664051,0.5565302676057319,0.26107685272754566,0.5638320535440617,0.8308823529411765,0.425977403570982,0.4052636642194509,0.11764705882352941,0.6457142857142857,0.397702929079649,0.3881742162264812,0.09142857142857143,0.05142857142857143,0.05714285714285714,0.22285714285714286,15.877142857142857,0.04411764705882353,0.0,0.025243147447326048,0.13329097353055583,5.595588235294118,0.012550923684786473,0.02478941566250792,0.15753055421087186,0.08088235294117647,0,0.1804617834589553,0.28277904962975525,3.757753573045918,0.8190804611751191,0.0,1.0,0.0,0.3,0.2,0.5025101847369573,0.2525101847369573
291,0.9821389777942111,0.5609898687347472,0.9580614082804878,0.5570575382425473,0.26107685272754566,0.5638560695872388,0.7933579335793358,0.4256567320266268,0.4047619416867298,0.11808118081180811,0.6142857142857143,0.397702929079649,0.3881742162264812,0.09142857142857143,0.06,0.06857142857142857,0.2257142857142857,15.9,0.04059040590405904,0.002857142857142857,0.02536026336978061,0.13325123479911027,5.483394833948339,0.012174395974242878,0.024054751458558843,0.15730463758454571,0.08118081180811808,0,0.18026951429265803,0.2813651543816065,3.7511699301564274,0.8026988519516167,0.0,1.0,0.0,0.3,0.2,0.5024348791948485,0.2524348791948486
292,0.9828666651066619,0.5605319231838809,0.9582419018661915,0.556764739000757,0.26107685272754566,0.563966797811694,0.8185185185185185,0.4263343252038193,0.40567292289797774,0.11851851851851852,0.6314285714285715,0.397702929079649,0.3881742162264812,0.09142857142857143,0.04857142857142857,0.04857142857142857,0.22857142857142856,15.937142857142858,0.040740740740740744,0.002857142857142857,0.025429370430292027,0.13321268822960808,5.407407407407407,0.011809164095015591,0.02334159838973804,0.15708549845700934,0.08148148148148149,0,0.17971088100690902,0.27995832860969844,3.7247179601247273,0.7866448749125843,0.0,1.0,0.0,0.3,0.2,0.5023618328190032,0.2523618328190031
293,0.9829228411072414,0.5596252228144063,0.9582852376380673,0.5562878961168539,0.26107685272754566,0.5639871319111641,0.8629629629629629,0.4263343252038193,0.40567292289797774,0.11851851851851852,0.6657142857142857,0.397702929079649,0.3881742162264812,0.09142857142857143,0.054285714285714284,0.06,0.22857142857142856,15.982857142857142,0.040740740740740744,0.0,0.02550251952390561,0.13317529805719094,5.407407407407407,0.011454889172165124,0.022649342009860907,0.15687293350329906,0.08148148148148149,0,0.17932604088758877,0.27855853696664995,3.7102236009222334,0.7709119774143326,0.0,1.0,0.0,0.3,0.2,0.502290977834433,0.25229097783443305
294,0.9824146048148502,0.5589156972421156,0.9578931696410797,0.5557093131896327,0.26107685272754566,0.5640716582169506,0.825925925925926,0.4263343252038193,0.40567292289797774,0.11851851851851852,0.6371428571428571,0.397702929079649,0.3881742162264812,0.09142857142857143,0.04285714285714286,0.045714285714285714,0.22857142857142856,16.017142857142858,0.040740740740740744,0.0,0.025536297889680797,0.1331390295899464,5.407407407407407,0.011111242497000169,0.021977384512174902,0.1566667454982001,0.08148148148148149,0,0.17874369639743654,0.27716574428181673,3.681733414618074,0.7554937378660459,0.0,1.0,0.0,0.3,0.2,0.5022222484994,0.25222224849940006
295,0.9819136399617281,0.5596420570346357,0.9575067110401,0.5561187721870876,0.26107685272754566,0.5641058711962006,0.8407407407407408,0.4263343252038193,0.40567292289797774,0.11851851851851852,0.6485714285714286,0.397702929079649,0.3881742162264812,0.09142857142857143,0.054285714285714284,0.06,0.22857142857142856,16.068571428571428,0.040740740740740744,0.0,0.02556914139323888,0.13310384917671905,5.407407407407407,0.010777905222090163,0.021325144333474655,0.1564667431332541,0.08148148148148149,0,0.17847683862616365,0.27577991556040765,3.6680987463257133,0.740383863108725,0.0,1.0,0.0,0.3,0.2,0.502155581044418,0.25215558104441804
296,0.9826093293526982,0.5602516664969197,0.9579490575969157,0.5571873525609256,0.26107685272754566,0.5641183128777685,0.7955390334572491,0.42634152930979663,0.4045556782813501,0.11895910780669144,0.6114285714285714,0.397702929079649,0.3881742162264812,0.09142857142857143,0.04857142857142857,0.054285714285714284,0.23142857142857143,16.10857142857143,0.03717472118959108,0.002857142857142857,0.025637381061502026,0.1330697241758886,5.345724907063197,0.010454568065427458,0.020692055764222284,0.15627274083925646,0.08178438661710037,0,0.17812504009385416,0.2744010159826056,3.6490224856849127,0.7255761858465505,0.0,1.0,0.0,0.3,0.2,0.5020909136130854,0.2520909136130855
297,0.9827121344971116,0.5609376005180889,0.9580280706936222,0.5577585153887501,0.26107685272754566,0.5642784021183578,0.862453531598513,0.42656457763693423,0.4047229645267033,0.11895910780669144,0.6628571428571428,0.3978743576510775,0.3883027876550526,0.09142857142857143,0.037142857142857144,0.045714285714285714,0.23142857142857143,16.12857142857143,0.03717472118959108,0.0,0.025683629526704888,0.13303662292508303,5.345724907063197,0.010140931023464634,0.02007756856482179,0.15608455861407877,0.08178438661710037,0,0.1784627006076706,0.2976848382418261,3.6217563216855004,0.782424373097609,0.0,0.875,0.0,0.3,0.2,0.5020281862046929,0.2520281862046929
298,0.9824328439734286,0.5605917377707095,0.9578134159768487,0.5576255274884571,0.26107685272754566,0.5645595711221777,0.8736059479553904,0.42656457763693423,0.4047229645267033,0.11895910780669144,0.6714285714285714,0.3978743576510775,0.3883027876550526,0.09142857142857143,0.06571428571428571,0.06857142857142857,0.23142857142857143,16.16,0.03717472118959108,0.0,0.025713922467431868,0.13300451471180172,5.345724907063197,0.009836703092760694,0.019481147588170877,0.1559020218556564,0.08178438661710037,0,0.17819724781534654,0.29619641405061703,3.6178926238232187,0.7667758856356569,0.0,1.0,0.0,0.3,0.2,0.5019673406185522,0.25196734061855214
299,0.9835255367705308,0.5607222938229661,0.9583413085236779,0.5579317133240571,0.26107685272754566,0.5648161628580478,0.8432835820895522,0.42687687770625193,0.40562177925826337,0.11940298507462686,0.6457142857142857,0.3980457862225061,0.3884313590836241,0.09142857142857143,0.04857142857142857,0.06,0.2342857142857143,16.19142857142857,0.033582089552238806,0.002857142857142857,0.02574258112486286,0.13297336974491872,5.335820895522388,0.009541601999977873,0.018902272408594767,0.15572496119998672,0.08208955223880597,0,0.17856311871912697,0.29762035325295894,3.6055347713467536,0.7804419149120779,0.0,0.9047619047619048,0.0,0.3,0.2,0.5019083203999956,0.25190832039999556
300,0.9831216109466979,0.5606557105549359,0.9580320167500002,0.5576261776650492,0.26107685272754566,0.5650451273663986,0.8097014925373134,0.42687687770625193,0.40562177925826337,0.11940298507462686,0.62,0.3980457862225061,0.3884313590836241,0.09142857142857143,0.06,0.06571428571428571,0.2342857142857143,16.225714285714286,0.033582089552238806,0.0,0.02577914211427064,0.13294315912704227,5.335820895522388,0.009255353939978537,0.01834043695724641,0.15555321236398711,0.07835820895522388,0,0.17815558883981703,0.29613225148669414,3.5991383616341044,0.7648330766138365,0.0,1.0,0.0,0.3,0.2,0.5018510707879957,0.25185107078799573
301,0.9824659500151837,0.5615282382719662,0.9575299678081551,0.5582999424451952,0.26107685272754566,0.5653645032379816,0.8171641791044776,0.4270261314375952,0.40573371955677084,0.11940298507462686,0.6257142857142857,0.3981600719367918,0.3885170733693384,0.09142857142857143,0.037142857142857144,0.04,0.2342857142857143,16.257142857142856,0.033582089552238806,0.0,0.02580697412909608,0.13291385482770215,5.335820895522388,0.00897769332177918,0.017795149164042123,0.1553866159930675,0.07835820895522388,0,0.17789338232418936,0.2964443017722634,3.5671555944014224,0.8197195083190074,0.0,0.9285714285714286,0.0,0.3,0.2,0.5017955386643559,0.25179553866435583
302,0.9837619584828322,0.562056273972463,0.9585223400062401,0.558477726980434,0.26107685272754566,0.5657329918685444,0.8134328358208955,0.4271007583032668,0.40578968970602464,0.11940298507462686,0.6228571428571429,0.3982172147939346,0.38855993051219556,0.09142857142857143,0.04,0.04857142857142857,0.2342857142857143,16.285714285714285,0.033582089552238806,0.0,0.02583402314025048,0.13288542965734215,5.335820895522388,0.008708362522125803,0.017265930606182978,0.15522501751327547,0.07835820895522388,0,0.17788834683756843,0.29496208026340204,3.5443839110848225,0.8433477276248192,0.0,0.9411764705882353,0.0,0.3,0.2,0.5017416725044251,0.25174167250442514
303,0.9839381816497076,0.5619833259261696,0.9586572766025906,0.5584929539320207,0.26107685272754566,0.566041347751735,0.7873134328358209,0.4271007583032668,0.40578968970602464,0.11940298507462686,0.6028571428571429,0.3982172147939346,0.38855993051219556,0.09142857142857143,0.05714285714285714,0.06285714285714286,0.2342857142857143,16.32,0.033582089552238806,0.0,0.02586030963260303,0.13285785724209306,5.335820895522388,0.008447111646462028,0.016752316163297643,0.1550682669878772,0.07835820895522388,0,0.17768276510338057,0.29348726986208507,3.536353375720269,0.8264807730723229,0.0,1.0,0.0,0.3,0.2,0.5016894223292924,0.2516894223292924
304,0.9832081280182956,0.5615196441972401,0.9580982641076806,0.5572597859681432,0.26107685272754566,0.5662298283603178,0.835820895522388,0.4271007583032668,0.40578968970602464,0.11940298507462686,0.64,0.3982172147939346,0.38855993051219556,0.09142857142857143,0.04,0.04285714285714286,0.2342857142857143,16.35142857142857,0.033582089552238806,0.0,0.025885853648394148,0.13283111199930134,5.335820895522388,0.008193698297068168,0.01625385367923049,0.1549162189782409,0.07835820895522388,0,0.17705149413500654,0.29201983351277466,3.5084834510630065,0.8099511576108764,0.0,1.0,0.0,0.3,0.2,0.5016387396594136,0.25163873965941363
305,0.9836523917368725,0.5612886313136509,0.9584384431836195,0.5571177883460954,0.26107685272754566,0.5663091757091165,0.835820895522388,0.4271007583032668,0.40578968970602464,0.11940298507462686,0.64,0.3982172147939346,0.38855993051219556,0.09142857142857143,0.06,0.06285714285714286,0.2342857142857143,16.38,0.03731343283582089,0.0,0.025910674790848746,0.13280516911379345,5.335820895522388,0.007947887348156123,0.01577010363048381,0.15476873240889366,0.07835820895522388,0,0.1766512366643315,0.29055973434521076,3.5011709248988896,0.7937521344586589,0.0,1.0,0.0,0.3,0.2,0.5015895774696312,0.25158957746963123
306,0.9833400715388247,0.5614085497998301,0.9581992951462572,0.5575417706680624,0.26107685272754566,0.5663849204675702,0.8097014925373134,0.42717538516893855,0.4058456598552783,0.11940298507462686,0.62,0.3982743576510776,0.38860278765505263,0.09142857142857143,0.06571428571428571,0.07714285714285714,0.2342857142857143,16.417142857142856,0.033582089552238806,0.0,0.025934792228209595,0.13278000451485075,5.335820895522388,0.0077094507277114385,0.015300638801311273,0.15462567043662687,0.07835820895522388,0,0.176681552623867,0.2891069356734847,3.5082903635437686,0.7903246185216078,0.0,0.9629629629629629,0.0,0.3,0.2,0.5015418901455423,0.2515418901455423
307,0.982371873155975,0.5620666395687158,0.9574579318131035,0.5578460623062176,0.26107685272754566,0.5664502665222078,0.8171641791044776,0.4274738926316251,0.40606954045229326,0.11940298507462686,0.6257142857142857,0.398502929079649,0.38877421622648123,0.09142857142857143,0.05714285714285714,0.06,0.2342857142857143,16.437142857142856,0.03731343283582089,0.0,0.025958224698150276,0.1327555948538763,5.335820895522388,0.007478167205880095,0.0148450439654505,0.15448690032352805,0.07835820895522388,0,0.17756547032603087,0.28766140099511733,3.4981245562728933,0.856078800003608,0.0,0.8571428571428571,0.0,0.3,0.2,0.501495633441176,0.25149563344117604
308,0.9837773294001724,0.5616083000776677,0.9580181987053016,0.557775945866848,0.26107685272754566,0.566443634781042,0.8314606741573034,0.428542019818407,0.4060828757961214,0.1198501872659176,0.6342857142857142,0.39856007193679177,0.38881707336933835,0.09142857142857143,0.05714285714285714,0.07142857142857142,0.23714285714285716,16.457142857142856,0.033707865168539325,0.002857142857142857,0.025985336906809205,0.1327319174827312,5.318352059925093,0.007253822189703692,0.014402915574471264,0.15435229331382222,0.07865168539325842,0,0.177762072260115,0.28622309399014173,3.4995906365760066,0.8921628769911397,0.0,0.96,0.0,0.3,0.2,0.5014507644379408,0.25145076443794073
309,0.9826269521433859,0.561738746239398,0.9571406251979817,0.5579730534871573,0.26107685272754566,0.566511063576964,0.8127340823970037,0.4286918325524894,0.4061952353466832,0.1198501872659176,0.62,0.39867435765107756,0.3889027876550527,0.09142857142857143,0.054285714285714284,0.054285714285714284,0.23714285714285716,16.47714285714286,0.033707865168539325,0.0,0.02601616397437329,0.13270895043272032,5.318352059925093,0.007036207524012581,0.01397386145270807,0.15422172451440755,0.07865168539325842,0,0.17758740475595727,0.284791978520191,3.4838845381302006,0.9311789557634093,0.0,0.9473684210526315,0.0,0.3,0.2,0.5014072415048025,0.25140724150480254
310,0.9812611880568614,0.5618016382945932,0.9560987423091187,0.5579299139084958,0.26107685272754566,0.5664750590806844,0.8089887640449438,0.4286918325524894,0.4061952353466832,0.1198501872659176,0.6171428571428571,0.39867435765107756,0.3889027876550527,0.09142857142857143,0.037142857142857144,0.04285714285714286,0.23714285714285716,16.517142857142858,0.033707865168539325,0.0,0.0260376682630938,0.13268667239420978,5.318352059925093,0.006825121298292203,0.013557500498734498,0.15409507277897533,0.07865168539325842,0,0.17709889630360606,0.28336801862759003,3.4570639902247398,0.912555376648141,0.0,1.0,0.0,0.3,0.2,0.5013650242596585,0.25136502425965845
311,0.9820442217786278,0.561780750211316,0.9566960851768661,0.5575724657078961,0.26107685272754566,0.5663976079265509,0.8202247191011236,0.4286918325524894,0.4061952353466832,0.1198501872659176,0.6257142857142857,0.39867435765107756,0.3889027876550527,0.09142857142857143,0.037142857142857144,0.037142857142857144,0.23714285714285716,16.542857142857144,0.033707865168539325,0.0,0.026058557790189778,0.13266506269685466,5.318352059925093,0.006620367659343437,0.013153462393335258,0.15397222059560606,0.07865168539325842,0,0.17649854539351661,0.28195117853445206,3.4250655675631023,0.8943042691151781,0.0,1.0,0.0,0.3,0.2,0.5013240735318687,0.2513240735318687
312,0.9820319472244035,0.5619471234289073,0.9566867214455007,0.5580790778784931,0.26107685272754566,0.5664241091943883,0.7940074906367042,0.4286918325524894,0.4061952353466832,0.1198501872659176,0.6057142857142858,0.39867435765107756,0.3889027876550527,0.09142857142857143,0.04,0.045714285714285714,0.23714285714285716,16.568571428571428,0.033707865168539325,0.0,0.0260788492326287,0.1326441012904201,5.318352059925093,0.006421756629563133,0.012761387313916961,0.15385305397773788,0.07865168539325842,0,0.1761286276629776,0.2805414226417798,3.402278541926125,0.8764181837328746,0.0,1.0,0.0,0.3,0.2,0.5012843513259126,0.25128435132591265
313,0.9803424349439961,0.5625175975201893,0.9553978649344471,0.5583669209957982,0.26107685272754566,0.5664733698104817,0.8089887640449438,0.4287667389195306,0.40625141512196405,0.1198501872659176,0.6171428571428571,0.39873150050822037,0.38894564479790983,0.09142857142857143,0.04857142857142857,0.05714285714285714,0.23714285714285716,16.611428571428572,0.033707865168539325,0.0,0.026098558868922688,0.13262376872617865,5.318352059925093,0.006229103930676239,0.012380925655299913,0.15373746235840574,0.07865168539325842,0,0.17613270023894842,0.2791387155285709,3.39137582823046,0.8698972180084482,0.0,0.95,0.0,0.3,0.2,0.5012458207861352,0.2512458207861352
314,0.9789025704275852,0.5642025015223159,0.9542994540033567,0.5595900481031375,0.26107685272754566,0.5665568501201371,0.8052434456928839,0.4287667389195306,0.40625141512196405,0.1198501872659176,0.6142857142857143,0.39873150050822037,0.38894564479790983,0.09142857142857143,0.04285714285714286,0.04857142857142857,0.23714285714285716,16.62857142857143,0.033707865168539325,0.0,0.026117702585281018,0.1326040461388644,5.318352059925093,0.006042230812755952,0.012011737756823071,0.15362533848765356,0.07865168539325842,0,0.17562289459489655,0.27774302195092804,3.372119740237279,0.8524992736482793,0.0,1.0,0.0,0.3,0.2,0.5012084461625512,0.25120844616255117
315,0.979746056933149,0.5636536529644287,0.9549429137090294,0.5593814265284108,0.26107685272754566,0.5666519818775587,0.8539325842696629,0.428916551653613,0.4063637746725258,0.1198501872659176,0.6514285714285715,0.39884578622250605,0.389031359083624,0.09142857142857143,0.05142857142857143,0.06,0.23714285714285716,16.665714285714287,0.033707865168539325,0.0,0.026136295881902027,0.13258491522916957,5.318352059925093,0.005860963888373273,0.011653493635690682,0.15351657833302396,0.07865168539325842,0,0.17562963797906492,0.2763543068411734,3.3646773454325336,0.8507686828318558,0.0,0.9523809523809523,0.0,0.3,0.2,0.5011721927776747,0.25117219277767466
316,0.9793447229432909,0.5635972478210772,0.9546367532081951,0.5594348423697605,0.26107685272754566,0.5666819059081859,0.8202247191011236,0.42914127075473657,0.40653231399836853,0.1198501872659176,0.6257142857142857,0.39901721479393465,0.3891599305121955,0.09142857142857143,0.04857142857142857,0.05142857142857143,0.23714285714285716,16.705714285714286,0.033707865168539325,0.0,0.026154353879382544,0.13256635824676558,5.318352059925093,0.005685134971722075,0.011305872726485089,0.15341108098303324,0.07865168539325842,0,0.17589420407488385,0.2749725353069675,3.348812369952454,0.8354992115809349,0.0,0.8888888888888888,0.0,0.3,0.2,0.5011370269943444,0.2511370269943444
317,0.9796146469659557,0.563237565686544,0.9548426666769138,0.5591864170126724,0.26107685272754566,0.5666739920758616,0.8164794007490637,0.42921617712177784,0.4065884937736495,0.1198501872659176,0.6228571428571429,0.3990743576510775,0.38920278765505256,0.09142857142857143,0.045714285714285714,0.05142857142857143,0.23714285714285716,16.734285714285715,0.033707865168539325,0.0,0.026171891325224822,0.13254835797383377,5.318352059925093,0.005514580922570412,0.010968563626765016,0.15330874855354223,0.07865168539325842,0,0.17601020209122123,0.27359767263043266,3.333264693981976,0.8385254594147661,0.0,0.9444444444444444,0.0,0.3,0.2,0.5011029161845141,0.2511029161845141
318,0.9809353822575905,0.563173454139223,0.9558501990279609,0.5589747230304055,0.26107685272754566,0.5665719899251659,0.8352059925093633,0.42921617712177784,0.4065884937736495,0.1198501872659176,0.6371428571428571,0.3990743576510775,0.38920278765505256,0.09142857142857143,0.04857142857142857,0.054285714285714284,0.23714285714285716,16.777142857142856,0.033707865168539325,0.0,0.02618892260042231,0.13253089770908985,5.318352059925093,0.0053491434948933,0.010641263848666926,0.15320948609693597,0.07865168539325842,0,0.17552943750933656,0.2722296842672805,3.320885114388051,0.8217549502264708,0.0,1.0,0.0,0.3,0.2,0.5010698286989786,0.25106982869897865
319,0.9804953681006514,0.5632627917406341,0.9555145310853813,0.5589494298654989,0.26107685272754566,0.5664021472717431,0.8089887640449438,0.42921617712177784,0.4065884937736495,0.1198501872659176,0.6171428571428571,0.3990743576510775,0.38920278765505256,0.09142857142857143,0.04857142857142857,0.054285714285714284,0.23714285714285716,16.814285714285713,0.03745318352059925,0.0,0.02620546172610688,0.1325139612522883,5.318352059925093,0.005188669190046501,0.010323679576421774,0.1531132015140279,0.07865168539325842,0,0.17524922887180774,0.2708685358459441,3.3087531263860046,0.8053198512219414,0.0,1.0,0.0,0.3,0.2,0.5010377338380093,0.2510377338380093
320,0.9806558529217694,0.5623695923695379,0.9556369580774914,0.5581135310026835,0.26107685272754566,0.5661824430774552,0.8202247191011236,0.42921617712177784,0.4065884937736495,0.1198501872659176,0.6257142857142857,0.3990743576510775,0.38920278765505256,0.09142857142857143,0.04285714285714286,0.045714285714285714,0.23714285714285716,16.837142857142858,0.03745318352059925,0.0,0.026221522370241508,0.1324975328891907,5.318352059925093,0.005033009114345106,0.010015525429698746,0.15301980546860705,0.07865168539325842,0,0.17520098344173443,0.2695141931667144,3.28829234957257,0.7892134541975026,0.0,0.9375,0.0,0.3,0.2,0.501006601822869,0.25100660182286905
321,0.9798906927124938,0.5625148788222212,0.9550532501464155,0.5583452194781251,0.26107685272754566,0.565745384041878,0.8202247191011236,0.42936598985586016,0.40670085332421124,0.1198501872659176,0.6257142857142857,0.39918864336536325,0.389288501940767,0.09142857142857143,0.05714285714285714,0.06285714285714286,0.23714285714285716,16.877142857142857,0.04119850187265917,0.0,0.018934165433278673,0.1430515320591828,5.318352059925093,0.10503300911434511,0.18946926559954713,0.21301980546860705,0.07865168539325842,0,0.17520997923881143,0.2681666222008808,3.285383645438261,0.8171402731208198,0.0,0.9545454545454546,0.0,0.3,0.2,0.5210066018228691,0.271006601822869
322,0.980700623146648,0.5627572610509316,0.9556711113633274,0.5587352159949481,0.26107685272754566,0.5653549334803221,0.8164794007490637,0.4295158025899426,0.40681321287477307,0.1198501872659176,0.6228571428571429,0.3993029290796489,0.38937421622648116,0.09142857142857143,0.04285714285714286,0.04285714285714286,0.23714285714285716,16.914285714285715,0.0449438202247191,0.0,0.019086850872051128,0.14271897657187843,5.318352059925093,0.10188201884091476,0.1843451877176906,0.21112921130454884,0.07865168539325842,0,0.17504792934261743,0.2668257890898764,3.2625331153866384,0.8435322741318921,0.0,0.9333333333333333,0.0,0.3,0.2,0.520376403768183,0.27037640376818295
323,0.9801155097007894,0.5628132074478658,0.9552247533917725,0.5586207055860752,0.26107685272754566,0.5649205396486638,0.8314606741573034,0.4295907089569838,0.40686939265005395,0.1198501872659176,0.6342857142857142,0.3993600719367918,0.38941707336933834,0.09142857142857143,0.06285714285714286,0.06857142857142857,0.23714285714285716,16.951428571428572,0.0449438202247191,0.0,0.019238855180389716,0.14239639774919324,5.318352059925093,0.09882555827568731,0.17934388346528107,0.2092953349654124,0.07865168539325842,0,0.17528526397804714,0.26549166014442704,3.2658538816503344,0.8943319030388015,0.0,0.9583333333333334,0.0,0.3,0.2,0.5197651116551375,0.26976511165513745
324,0.9816188802750326,0.5626289746614647,0.9563716103726951,0.5582853744586588,0.26107685272754566,0.5645418676980728,0.7827715355805244,0.42966561532402503,0.40692557242533484,0.1198501872659176,0.5971428571428572,0.39941721479393466,0.3894599305121955,0.09142857142857143,0.05142857142857143,0.05714285714285714,0.23714285714285716,16.97714285714286,0.0449438202247191,0.0,0.019390043472957055,0.14208349629118855,5.318352059925093,0.0958607915274167,0.17446332010095666,0.20751647491645,0.07865168539325842,0,0.17512312337244265,0.2641642018437049,3.257679661160185,0.929144178844184,0.0,0.95,0.0,0.3,0.2,0.5191721583054834,0.26917215830548336
325,0.981575210531038,0.5626842253246132,0.9563382965965619,0.5581771569120184,0.26107685272754566,0.564153263734733,0.8089887640449438,0.42966561532402503,0.40692557242533484,0.1198501872659176,0.6171428571428571,0.39941721479393466,0.3894599305121955,0.09142857142857143,0.04857142857142857,0.04857142857142857,0.23714285714285716,17.0,0.0449438202247191,0.0,0.019540288339345985,0.14177998187692403,5.318352059925093,0.0929849677815942,0.16970144293480105,0.2057909806689565,0.07865168539325842,0,0.17459007918415187,0.2628433808344864,3.24109749650841,0.9105612952673002,0.0,1.0,0.0,0.3,0.2,0.5185969935563188,0.26859699355631883
326,0.9808801361340282,0.5626467222012869,0.955377698371786,0.5584059758893161,0.26107685272754566,0.5637754050509916,0.8082706766917294,0.43032617213705115,0.4076094161369161,0.12030075187969924,0.6142857142857143,0.39947435765107747,0.38950278765505264,0.09142857142857143,0.054285714285714284,0.05714285714285714,0.24,17.03142857142857,0.041353383458646614,0.002857142857142857,0.019689043512343473,0.14148557289508742,5.30827067669173,0.09019541874814636,0.16505617971978281,0.2041172512488878,0.07894736842105263,0,0.17457355807394537,0.26152916393031395,3.2334184037210987,0.9067915079436047,0.0,0.95,0.0,0.3,0.2,0.5180390837496293,0.26803908374962926
327,0.981841697842474,0.5632707736214051,0.956108485270205,0.559577764483669,0.26107685272754566,0.5634699339764364,0.7969924812030075,0.43032617213705115,0.4076094161369161,0.12030075187969924,0.6057142857142858,0.39947435765107747,0.38950278765505264,0.09142857142857143,0.045714285714285714,0.045714285714285714,0.24,17.068571428571428,0.045112781954887216,0.0,0.019843352995499025,0.1411999961827059,5.30827067669173,0.08748955618570196,0.16052544478119457,0.20249373371142118,0.07894736842105263,0,0.1740996931371471,0.2602215181106624,3.2144643213609627,0.8886556777847326,0.0,1.0,0.0,0.3,0.2,0.5174979112371404,0.2674979112371404
328,0.9819697381044611,0.5633465044419913,0.956205795869315,0.5600301377699595,0.26107685272754566,0.5630903372403183,0.8195488721804511,0.430401360106976,0.4076658071143597,0.12030075187969924,0.6228571428571429,0.3995315005082204,0.3895456447979098,0.09142857142857143,0.054285714285714284,0.06285714285714286,0.24,17.091428571428573,0.045112781954887216,0.0,0.019990202294736577,0.14092298677169582,5.30827067669173,0.0848648695001309,0.15610714289299887,0.20091892170007852,0.07894736842105263,0,0.17417034465362208,0.263287716230325,3.2130321777908857,0.870882564229038,0.0,0.9545454545454546,0.0,0.3,0.2,0.5169729739000262,0.26697297390002617
329,0.9822118298449064,0.5632673431059819,0.9563897855920533,0.5597251322870728,0.26107685272754566,0.5628025361146922,0.8007518796992481,0.4306269240167504,0.4078349800466905,0.12030075187969924,0.6085714285714285,0.39970292907964894,0.38967421622648124,0.09142857142857143,0.05714285714285714,0.06857142857142857,0.24,17.13142857142857,0.045112781954887216,0.0,0.02013567048968767,0.1406542876430161,5.30827067669173,0.08231892341512698,0.15179917291011336,0.19939135404907618,0.07894736842105263,0,0.17469806792678252,0.28011573008078616,3.2173429628064967,0.8876502224576002,0.0,0.9166666666666666,0.0,0.3,0.2,0.5164637846830253,0.2664637846830254
330,0.9820576996879602,0.5637381885483043,0.9562726466727742,0.5605366078594733,0.26107685272754566,0.5626107697694017,0.8345864661654135,0.4307772999566001,0.40794776200157773,0.12030075187969924,0.6342857142857142,0.39981721479393467,0.3897599305121955,0.09142857142857143,0.045714285714285714,0.054285714285714284,0.24,17.154285714285713,0.045112781954887216,0.0,0.02027966650451698,0.1403936494881967,5.30827067669173,0.07984935571267317,0.14759943116573326,0.19790961342760388,0.07894736842105263,0,0.1749960061585772,0.2787151514303822,3.207281817836081,0.8895686338541843,0.0,0.8947368421052632,0.0,0.3,0.2,0.5159698711425347,0.2659698711425346
331,0.9813563195714488,0.5626559329730721,0.9557395977842256,0.5594265495090448,0.26107685272754566,0.5625070589986444,0.8082706766917294,0.4307772999566001,0.40794776200157773,0.12030075187969924,0.6142857142857143,0.39981721479393467,0.3897599305121955,0.09142857142857143,0.03428571428571429,0.04,0.24,17.177142857142858,0.045112781954887216,0.0,0.02042210615638153,0.14014083047802184,5.30827067669173,0.07745387504129297,0.14350581464281253,0.19647232502477577,0.07894736842105263,0,0.17440659755635574,0.27732157567323035,3.1831361814793593,0.8717772611771005,0.0,1.0,0.0,0.3,0.2,0.5154907750082586,0.2654907750082586
332,0.9798314064910916,0.5627662199624854,0.9545806638431541,0.5597729630855008,0.26107685272754566,0.5624309232683286,0.8045112781954887,0.4307772999566001,0.40794776200157773,0.12030075187969924,0.6114285714285714,0.39981721479393467,0.3897599305121955,0.09142857142857143,0.05714285714285714,0.06,0.24,17.21142857142857,0.041353383458646614,0.0,0.020562911977458333,0.13989559603815235,5.30827067669173,0.07513025879005418,0.13951622392880558,0.1950781552740325,0.07894736842105263,0,0.17404728242214537,0.27593496779486415,3.179473457849772,0.8543417159535586,0.0,1.0,0.0,0.3,0.2,0.5150260517580109,0.26502605175801086
333,0.9802815035430412,0.5633632889010559,0.9549227376026358,0.5601718565526265,0.26107685272754566,0.562392010000529,0.7819548872180451,0.4307772999566001,0.40794776200157773,0.12030075187969924,0.5942857142857143,0.39981721479393467,0.3897599305121955,0.09142857142857143,0.05142857142857143,0.054285714285714284,0.24,17.248571428571427,0.041353383458646614,0.0,0.020702013022254412,0.1396577186314789,5.30827067669173,0.07287635102635255,0.13562856596270934,0.1937258106158115,0.07894736842105263,0,0.1735481888671775,0.2745552929558899,3.1701697029784905,0.8372548816344874,0.0,1.0,0.0,0.3,0.2,0.5145752702052705,0.2645752702052705
334,0.9799082287469244,0.5633071909627739,0.9546390487575874,0.560165301620491,0.26107685272754566,0.5623624343004162,0.793233082706767,0.4307772999566001,0.40794776200157773,0.12030075187969924,0.6028571428571429,0.39981721479393467,0.3897599305121955,0.09142857142857143,0.04285714285714286,0.04857142857142857,0.24,17.274285714285714,0.041353383458646614,0.0,0.02083934466275308,0.13942697754700564,5.30827067669173,0.07069006049556198,0.1318407565833598,0.19241403629733717,0.07894736842105263,0,0.1730231622085559,0.2731825164911104,3.15533773749035,0.8205097840017976,0.0,1.0,0.0,0.3,0.2,0.5141380120991124,0.2641380120991124
335,0.980907842571856,0.5631413165192355,0.9553987552645352,0.560108372901253,0.26107685272754566,0.5622478047453011,0.8157894736842105,0.4307772999566001,0.40794776200157773,0.12030075187969924,0.62,0.39981721479393467,0.3897599305121955,0.09142857142857143,0.05142857142857143,0.054285714285714284,0.24,17.322857142857142,0.041353383458646614,0.0,0.020974848373745775,0.1392031586950666,5.30827067669173,0.06856935868069512,0.12815072288781204,0.19114161520841708,0.07894736842105263,0,0.1728106498264768,0.27181660390865486,3.146516697026257,0.8040995883217616,0.0,1.0,0.0,0.3,0.2,0.513713871736139,0.263713871736139
336,0.9804839766152919,0.5640145904751862,0.9550766171375465,0.5606899585764482,0.26107685272754566,0.5621830802788823,0.793233082706767,0.43107805183629927,0.4081733259113522,0.12030075187969924,0.6028571428571429,0.40004578622250614,0.38993135908362403,0.09142857142857143,0.04857142857142857,0.05714285714285714,0.24,17.36857142857143,0.045112781954887216,0.0,0.021108471510499535,0.1389860544086857,5.30827067669173,0.06651227792027427,0.12455640540849067,0.18990736675216455,0.07894736842105263,0,0.17354645372020155,0.27045752088911157,3.1407292202285886,0.8295989715411106,0.0,0.85,0.0,0.3,0.2,0.5133024555840549,0.26330245558405485
337,0.980834788154545,0.5643050400005377,0.9553432339073789,0.5608156433422048,0.26107685272754566,0.5620109603560184,0.8533834586466166,0.4312284277761489,0.4082861078662394,0.12030075187969924,0.6485714285714286,0.4001600719367918,0.3900170733693384,0.09142857142857143,0.045714285714285714,0.04857142857142857,0.24,17.4,0.04887218045112782,0.0,0.021240167080718405,0.13877546325089624,5.30827067669173,0.06451690958266604,0.12105576011762875,0.1887101457495996,0.07894736842105263,0,0.17344957930874338,0.269105233284666,3.126486064395445,0.8130069921102884,0.0,0.9411764705882353,0.0,0.3,0.2,0.5129033819165332,0.26290338191653323
338,0.9798908205484206,0.5639791871794172,0.954672742101907,0.5608442102445257,0.26107685272754566,0.5619282416539247,0.8377358490566038,0.43061687220347694,0.40811746138545996,0.12075471698113208,0.6342857142857142,0.40027435765107755,0.3901027876550526,0.09142857142857143,0.04857142857142857,0.04857142857142857,0.24285714285714285,17.431428571428572,0.045283018867924525,0.002857142857142857,0.021389969662339327,0.13857118982784047,5.260377358490566,0.06258140229518605,0.11764676026733134,0.1875488413771116,0.07924528301886792,0,0.1734386178407711,0.2677597071182427,3.1125277716789643,0.8529831701513277,0.0,0.9411764705882353,0.0,0.3,0.2,0.5125162804590372,0.2625162804590372
339,0.9794242672238168,0.5630974092562864,0.9538241775611342,0.5599561103954255,0.26107685272754566,0.561903155343426,0.8068181818181818,0.4313086292397565,0.40878463464945863,0.12121212121212122,0.6085714285714285,0.40033150050822036,0.39014564479790975,0.09142857142857143,0.06,0.06285714285714286,0.24571428571428572,17.46857142857143,0.041666666666666664,0.002857142857142857,0.021540244064374218,0.1383730446074764,5.2272727272727275,0.06070396022633047,0.11432739807339232,0.18642237613579826,0.07954545454545454,0,0.1736251639126559,0.27031359727172954,3.1131343591025287,0.8611962751327051,0.0,0.9545454545454546,0.0,0.3,0.2,0.5121407920452661,0.2621407920452661
340,0.9790464708618518,0.5634937154595854,0.9535392111623949,0.5600203818152877,0.26107685272754566,0.5618640142576633,0.8143939393939394,0.4313086292397565,0.40878463464945863,0.12121212121212122,0.6142857142857143,0.40033150050822036,0.39014564479790975,0.09142857142857143,0.04,0.045714285714285714,0.24571428571428572,17.50857142857143,0.03787878787878788,0.0,0.021672538872160543,0.13818084374372316,5.2272727272727275,0.05888284141954055,0.11109568625078814,0.18532970485172434,0.07954545454545454,0,0.1730427523788069,0.2689620292853709,3.0965859576347636,0.843972349630051,0.0,1.0,0.0,0.3,0.2,0.5117765682839082,0.2617765682839081
341,0.9778492807129694,0.5626076725695801,0.9526361877358094,0.559164124036895,0.26107685272754566,0.5618295111724283,0.8257575757575758,0.4314601443912716,0.408898271013095,0.12121212121212122,0.6228571428571429,0.4004457862225061,0.39023135908362405,0.09142857142857143,0.02857142857142857,0.03142857142857143,0.24571428571428572,17.545714285714286,0.041666666666666664,0.0,0.021796838550224504,0.13799440890588266,5.2272727272727275,0.05711635617695433,0.10794965940854029,0.1842698137061726,0.07954545454545454,0,0.17283439575977003,0.26761721913894404,3.06608280991064,0.8792035866484513,0.0,0.9090909090909091,0.0,0.3,0.2,0.5114232712353909,0.2614232712353909
342,0.9791115521987072,0.5625844407333093,0.9535883010850518,0.5591198788416443,0.26107685272754566,0.5618383164696592,0.8068181818181818,0.4314601443912716,0.408898271013095,0.12121212121212122,0.6085714285714285,0.4004457862225061,0.39023135908362405,0.09142857142857143,0.04,0.04285714285714286,0.24571428571428572,17.58,0.041666666666666664,0.0,0.021919038694156047,0.13781356711317724,5.2272727272727275,0.0554028654916457,0.10488737531141057,0.18324171929498742,0.07954545454545454,0,0.1723409387809712,0.26627913304324935,3.0476182965695697,0.8616195149154823,0.0,1.0,0.0,0.3,0.2,0.5110805730983291,0.26108057309832916
343,0.97904182164786,0.5619978573563063,0.9535357043266984,0.5589696144943663,0.26107685272754566,0.5618168402151121,0.8295454545454546,0.43153590196702923,0.40895508919491314,0.12121212121212122,0.6257142857142857,0.40050292907964896,0.3902742162264812,0.09142857142857143,0.04857142857142857,0.054285714285714284,0.24571428571428572,17.614285714285714,0.045454545454545456,0.0,0.022039121358970536,0.13763815057425302,5.2272727272727275,0.05374077952689633,0.10190691601565216,0.18224446771613778,0.07954545454545454,0,0.17253156098092098,0.26494773737803307,3.0409516449238922,0.8734873697403734,0.0,0.9473684210526315,0.0,0.3,0.2,0.5107481559053793,0.26074815590537925
344,0.9783971656789329,0.5632782945363913,0.9530494495387073,0.5597962354492617,0.26107685272754566,0.5616814705137002,0.8143939393939394,0.43168741711854436,0.4090687255585495,0.125,0.6142857142857143,0.40061721479393475,0.39035993051219553,0.09428571428571429,0.05714285714285714,0.06571428571428571,0.24571428571428572,17.65142857142857,0.045454545454545456,0.0,0.022157072641950437,0.1374679965314966,5.2272727272727275,0.05212855614108944,0.0990063888857986,0.18127713368465365,0.07954545454545454,0,0.17320792311540914,0.28218913333125356,3.0458468977397,0.9453525615506636,0.0,0.9130434782608695,0.0,0.3,0.2,0.5104257112282179,0.2604257112282179
345,0.9770622690204102,0.5626748884782362,0.9520425560591362,0.5595926908485008,0.26107685272754566,0.5616694831380483,0.8295454545454546,0.43168741711854436,0.4090687255585495,0.125,0.6257142857142857,0.40061721479393475,0.39035993051219553,0.09428571428571429,0.054285714285714284,0.05714285714285714,0.24571428571428572,17.694285714285716,0.045454545454545456,0.0,0.02227288245796114,0.13730294711002283,5.2272727272727275,0.05056469945685675,0.09618392749922455,0.18033881967411405,0.07954545454545454,0,0.17274145564268925,0.28077818766459733,3.042072816927763,0.9264455103196503,0.0,1.0,0.0,0.3,0.2,0.5101129398913713,0.26011293989137135
346,0.9771897565908121,0.5618971838034631,0.9521387181122392,0.5588648710755337,0.26107685272754566,0.5615626657213065,0.7954545454545454,0.43168741711854436,0.4090687255585495,0.125,0.6,0.40061721479393475,0.39035993051219553,0.09428571428571429,0.03142857142857143,0.03428571428571429,0.24571428571428572,17.725714285714286,0.045454545454545456,0.0,0.022386544319586147,0.13714284917119324,5.2272727272727275,0.04904775847315105,0.09343769244496569,0.1794286550838906,0.07954545454545454,0,0.17213446336447577,0.27937429672627434,3.0155170748749227,0.9079166001132573,0.0,1.0,0.0,0.3,0.2,0.5098095516946302,0.2598095516946302
347,0.9784307719257485,0.5623918546780984,0.9530747982505913,0.5593233691359933,0.26107685272754566,0.5613915101014081,0.8106060606060606,0.4319146898458171,0.4092391801040041,0.125,0.6114285714285714,0.4007886433653633,0.39048850194076684,0.09428571428571429,0.05714285714285714,0.06,0.24571428571428572,17.762857142857143,0.04924242424242424,0.0,0.022498055122623706,0.13698755417052855,5.2272727272727275,0.047576325718956515,0.09076587202303954,0.1785457954313739,0.07954545454545454,0,0.17267236390479623,0.2779774252426429,3.015206733377424,0.9254593716660238,0.0,0.9047619047619048,0.0,0.3,0.2,0.5095152651437913,0.2595152651437913
348,0.9795035668382855,0.5624667721840726,0.9538839921274763,0.5594352386954452,0.26107685272754566,0.5611007357477462,0.8371212121212122,0.4319146898458171,0.4092391801040041,0.125,0.6314285714285715,0.4007886433653633,0.39048850194076684,0.09428571428571429,0.03142857142857143,0.03142857142857143,0.24571428571428572,17.794285714285714,0.04924242424242424,0.0,0.022607414937395993,0.13683691801988382,5.2272727272727275,0.04614903594738782,0.08816668285025797,0.17768942156843268,0.07954545454545454,0,0.1720942885138437,0.2765875381164297,2.986331170138447,0.9069501842327033,0.0,1.0,0.0,0.3,0.2,0.5092298071894775,0.2592298071894776
349,0.9798516386993319,0.5631699187386288,0.9536744149551983,0.5599767751967979,0.26107685272754566,0.5608494131381283,0.8136882129277566,0.43163373523731163,0.40928676115339546,0.12547528517110265,0.6114285714285714,0.4007886433653633,0.39048850194076684,0.09428571428571429,0.054285714285714284,0.06,0.24857142857142858,17.837142857142858,0.045627376425855515,0.002857142857142857,0.02271117567706516,0.1366908009537584,5.216730038022813,0.044764564868966183,0.08563837037828248,0.1768587389213797,0.07984790874524715,0,0.1717185320712745,0.27520460042584755,2.986604546735678,0.8888111805480493,0.0,1.0,0.0,0.3,0.2,0.5089529129737932,0.25895291297379325
350,0.9803401031027916,0.5635518547633626,0.9540414610640842,0.5598719620113192,0.26107685272754566,0.5606012175521796,0.8060836501901141,0.43163373523731163,0.40928676115339546,0.12547528517110265,0.6057142857142858,0.4007886433653633,0.39048850194076684,0.09428571428571429,0.05142857142857143,0.054285714285714284,0.24857142857142858,17.86857142857143,0.045627376425855515,0.0,0.022829109560217616,0.13654906739961678,5.216730038022813,0.043421627922897194,0.08317920932942868,0.17605297675373832,0.07984790874524715,0,0.17123108226806097,0.2738285774237183,2.9811581700866787,0.8710349569370882,0.0,1.0,0.0,0.3,0.2,0.5086843255845794,0.25868432558457943
351,0.9803149213165219,0.5642884709734102,0.9540225387504012,0.5605685474325549,0.26107685272754566,0.5604453384089644,0.8365019011406845,0.43193791774681733,0.40951489803552477,0.12547528517110265,0.6285714285714286,0.4010172147939347,0.39065993051219544,0.09428571428571429,0.045714285714285714,0.045714285714285714,0.24857142857142858,17.908571428571427,0.045627376425855515,0.0,0.02293213410431572,0.1364115858520994,5.216730038022813,0.04211897908521028,0.08078750405548829,0.17527138745112616,0.07984790874524715,0,0.17148906971386352,0.2724594345365997,2.9672492923992304,0.8909470241945598,0.0,0.875,0.0,0.3,0.2,0.508423795817042,0.25842379581704206
352,0.9803050655792865,0.5638131290022466,0.9540151328678501,0.560561954671927,0.26107685272754566,0.5602716043069889,0.8288973384030418,0.4320139633741938,0.40957193225605704,0.12547528517110265,0.6228571428571429,0.4010743576510775,0.3907027876550526,0.09428571428571429,0.045714285714285714,0.04857142857142857,0.24857142857142858,17.934285714285714,0.045627376425855515,0.0,0.023033033642335467,0.13627822875100754,5.216730038022813,0.040855409712653966,0.07846158882460419,0.17451324582759237,0.07984790874524715,0,0.1715996492406686,0.2710971373639167,2.956475735122675,0.9043099919401908,0.0,0.9411764705882353,0.0,0.3,0.2,0.5081710819425308,0.2581710819425308
353,0.9797496143425483,0.563839177161282,0.9535977509385296,0.5603741300230408,0.26107685272754566,0.5599648126388437,0.8212927756653993,0.4320139633741938,0.40957193225605704,0.12547528517110265,0.6171428571428571,0.4010743576510775,0.3907027876550526,0.09428571428571429,0.03142857142857143,0.03428571428571429,0.24857142857142858,17.945714285714285,0.045627376425855515,0.0,0.02313182124242889,0.13614887236294843,5.216730038022813,0.03962974742127435,0.07619982804100356,0.17377784845276462,0.07984790874524715,0,0.17125210729483958,0.2697416516770971,2.931631934705935,0.886223792101387,0.0,1.0,0.0,0.3,0.2,0.5079259494842548,0.25792594948425485
354,0.9802057322519808,0.5642939571761514,0.9537616291733454,0.5603460145058158,0.26107685272754566,0.5597705712739873,0.8091603053435115,0.4323469158748707,0.4100075179337244,0.12595419847328243,0.6057142857142858,0.4010743576510775,0.3907027876550526,0.09428571428571429,0.054285714285714284,0.06285714285714286,0.25142857142857145,17.96857142857143,0.04580152671755725,0.002857142857142857,0.023258669734408526,0.13602339666653102,5.1603053435114505,0.038440854998636115,0.07400061640217215,0.17306451299918166,0.08015267175572519,0,0.1709089910440797,0.2683929434187116,2.935856438868959,0.8684993162593593,0.0,1.0,0.0,0.3,0.2,0.5076881709997272,0.25768817099972724
355,0.9816102358791711,0.5646913169187543,0.9545606932627437,0.5605647206980185,0.26107685272754566,0.5595482474425931,0.8160919540229885,0.4323717502036235,0.4094356890632834,0.13026819923371646,0.6085714285714285,0.40118864336536325,0.3907885019407669,0.09714285714285714,0.05714285714285714,0.06,0.2542857142857143,18.005714285714287,0.0421455938697318,0.002857142857142857,0.02336698080491509,0.1359016852410062,5.149425287356322,0.03728762934867703,0.07186237899783066,0.1723725776092062,0.08045977011494253,0,0.17091016749959145,0.26705097870161804,2.9371393100915806,0.8615558494834814,0.0,0.9523809523809523,0.0,0.3,0.2,0.5074575258697354,0.2574575258697354
356,0.9807866276517251,0.5640666634638216,0.9539465168417051,0.5598755072377901,0.26107685272754566,0.5594195022046917,0.7816091954022989,0.4326016352610948,0.4096081028563868,0.13026819923371646,0.5828571428571429,0.40136007193679185,0.39091707336933834,0.09714285714285714,0.05142857142857143,0.06,0.2542857142857143,18.034285714285716,0.0421455938697318,0.0,0.023462863440072347,0.13578362515824716,5.149425287356322,0.036169000468216715,0.06978357135486657,0.17170140028093003,0.08045977011494253,0,0.17151119165852205,0.34061696199760594,2.938396523889749,0.8443247324938118,0.0,0.9047619047619048,0.0,0.3,0.2,0.5072338000936434,0.25723380009364333
357,0.9796447608618614,0.563797898163458,0.9530950104641214,0.559525288633771,0.26107685272754566,0.5593378138997037,0.8544061302681992,0.4327548919660756,0.4097230453851225,0.13026819923371646,0.6371428571428571,0.40147435765107753,0.3910027876550526,0.09714285714285714,0.045714285714285714,0.05142857142857143,0.2542857142857143,18.068571428571428,0.0421455938697318,0.0,0.023553758941546453,0.13566910687797087,5.149425287356322,0.035083930454170215,0.06776267943216419,0.17105035827250212,0.08045977011494253,0,0.17136792141451515,0.3389138771876179,2.9310571648405253,0.8905505564064801,0.0,0.9444444444444444,0.0,0.3,0.2,0.507016786090834,0.25701678609083406
358,0.9804853286797107,0.5636704234874447,0.9530222382977988,0.5593154783550894,0.26107685272754566,0.5593013111724404,0.8455598455598455,0.43362243665518135,0.4105622036489544,0.13127413127413126,0.6257142857142857,0.40147435765107753,0.3910027876550526,0.09714285714285714,0.05142857142857143,0.054285714285714284,0.26,18.091428571428573,0.03474903474903475,0.005714285714285714,0.023695963888149298,0.1355580241461029,5.042471042471043,0.034031412540545106,0.06579821956907816,0.17041884752432707,0.08108108108108109,0,0.1709675110931569,0.33721930780167986,2.926721735829429,0.8727395452783504,0.0,1.0,0.0,0.3,0.2,0.506806282508109,0.256806282508109
359,0.979533600208589,0.5630388861176846,0.9523179592291686,0.5591676499626499,0.26107685272754566,0.5593008009512362,0.861003861003861,0.43362243665518135,0.4105622036489544,0.13127413127413126,0.6371428571428571,0.40147435765107753,0.3910027876550526,0.09714285714285714,0.03428571428571429,0.037142857142857144,0.26,18.122857142857143,0.03474903474903475,0.0,0.02380996537821805,0.13545027389619088,5.042471042471043,0.03301047016432875,0.06388873839110187,0.16980628209859724,0.08108108108108109,0,0.17045538782340536,0.33553321126267144,2.905330158255697,0.8552847543727834,0.0,1.0,0.0,0.3,0.2,0.5066020940328657,0.25660209403286577
360,0.9794198571739777,0.5631878863440972,0.9522337893835563,0.5595489072463019,0.26107685272754566,0.5592557955344606,0.8223938223938224,0.4336996567324014,0.4106201187068695,0.13127413127413126,0.6085714285714285,0.40153150050822034,0.39104564479790976,0.09714285714285714,0.05714285714285714,0.06,0.26,18.14857142857143,0.03474903474903475,0.0,0.023895443930535103,0.13534575615377628,5.042471042471043,0.03202015605939889,0.062032812676094284,0.16921209363563933,0.08108108108108109,0,0.1706296880200026,0.3338555452063581,2.9072235550905834,0.8591991258801753,0.0,0.9523809523809523,0.0,0.3,0.2,0.5064040312118798,0.25640403121187977
361,0.9787446277102261,0.5625276301355593,0.9517341195803799,0.558967609013556,0.26107685272754566,0.5592783673233224,0.806949806949807,0.4336996567324014,0.4106201187068695,0.13127413127413126,0.5971428571428572,0.40153150050822034,0.39104564479790976,0.09714285714285714,0.037142857142857144,0.037142857142857144,0.26,18.162857142857142,0.03474903474903475,0.0,0.023978952946207017,0.13524437394363406,5.042471042471043,0.03105955137761692,0.060229049184251204,0.16863573082657016,0.08108108108108109,0,0.17006196815133118,0.3321862674803263,2.886221941131629,0.8420151433625718,0.0,1.0,0.0,0.3,0.2,0.5062119102755234,0.25621191027552337
362,0.9785027434656286,0.5615665312321071,0.951555125239378,0.5583858228096558,0.26107685272754566,0.5593101507617702,0.8108108108108109,0.43377687680962146,0.4106780337647845,0.13127413127413126,0.6,0.4015886433653632,0.39108850194076694,0.09714285714285714,0.045714285714285714,0.04857142857142857,0.26,18.18285714285714,0.03474903474903475,0.0,0.02406051923482005,0.1351460331997962,5.042471042471043,0.030127764836288415,0.05847608445482888,0.16807665890177304,0.08108108108108109,0,0.17012522973914596,0.3305253361429247,2.8770689308804247,0.901571629793105,0.0,0.9411764705882353,0.0,0.3,0.2,0.5060255529672577,0.2560255529672577
363,0.9789217815572311,0.5624242649834097,0.9518652134271638,0.5593146066412665,0.26107685272754566,0.5592482249570897,0.8223938223938224,0.43377687680962146,0.4106780337647845,0.13127413127413126,0.6085714285714285,0.4015886433653632,0.39108850194076694,0.09714285714285714,0.054285714285714284,0.05714285714285714,0.26,18.22,0.03474903474903475,0.0,0.024140170462572656,0.1350506426782734,5.042471042471043,0.02922393189119976,0.05677258457246703,0.16753435913471984,0.08108108108108109,0,0.16973117573330734,0.32887270946221003,2.876670409405673,0.8835401971972429,0.0,1.0,0.0,0.3,0.2,0.5058447863782399,0.25584478637823993
364,0.9787837031859364,0.5622347156233202,0.9517630354324058,0.5592731164281795,0.26107685272754566,0.5591612614863374,0.806949806949807,0.43377687680962146,0.4106780337647845,0.13127413127413126,0.5971428571428572,0.4015886433653632,0.39108850194076694,0.09714285714285714,0.045714285714285714,0.045714285714285714,0.26,18.237142857142857,0.03474903474903475,0.0,0.024217935049366864,0.1349581138723963,5.042471042471043,0.028347213934463766,0.05511724490579173,0.16700832836067825,0.08108108108108109,0,0.16922452270821225,0.32722834591489897,2.8648512869318457,0.8658693932532979,0.0,1.0,0.0,0.3,0.2,0.5056694427868927,0.25566944278689274
365,0.9768158474113317,0.5622727881323035,0.9503068221591983,0.5596193247244152,0.26107685272754566,0.5589529356226671,0.8455598455598455,0.43377687680962146,0.4106780337647845,0.13127413127413126,0.6257142857142857,0.4015886433653632,0.39108850194076694,0.09714285714285714,0.04,0.04,0.26,18.268571428571427,0.03474903474903475,0.0,0.02429384207179612,0.13486836093069554,5.042471042471043,0.027496797516429854,0.053508789820830516,0.1664980785098579,0.08108108108108109,0,0.1687491150946712,0.3255922041853245,2.8475542611932085,0.848552005388232,0.0,1.0,0.0,0.3,0.2,0.505499359503286,0.25549935950328595
366,0.9792690120541027,0.5620102832014147,0.952122163994849,0.5596014359829184,0.26107685272754566,0.5588450863342109,0.8185328185328186,0.43377687680962146,0.4106780337647845,0.13127413127413126,0.6057142857142858,0.4015886433653632,0.39108850194076694,0.09714285714285714,0.03142857142857143,0.03428571428571429,0.26,18.297142857142855,0.03474903474903475,0.0,0.02436792117183017,0.1347813005772458,5.042471042471043,0.026671893590936958,0.05194597237162091,0.16600313615456216,0.08108108108108109,0,0.16833279951919783,0.3239642431643978,2.8248888902550586,0.8315809652804673,0.0,1.0,0.0,0.3,0.2,0.5053343787181874,0.25533437871818737
367,0.9796458687977734,0.5622782878780616,0.9524010379851651,0.5598428686685721,0.26107685272754566,0.5587108603774008,0.8455598455598455,0.43377687680962146,0.4106780337647845,0.13127413127413126,0.6257142857142857,0.4015886433653632,0.39108850194076694,0.09714285714285714,0.03428571428571429,0.037142857142857144,0.26,18.325714285714287,0.03474903474903475,0.0,0.02444020247099353,0.1346968520343995,5.042471042471043,0.025871736783208848,0.050427573970253325,0.1655230420699253,0.08108108108108109,0,0.1682619933787447,0.3223444219485758,2.8055339695928145,0.8490256875703854,0.0,0.9230769230769231,0.0,0.3,0.2,0.5051743473566418,0.2551743473566418
368,0.977903716845093,0.5621940233747871,0.9511118455401816,0.5595117592338417,0.26107685272754566,0.5585231449322503,0.8223938223938224,0.43377687680962146,0.4106780337647845,0.13127413127413126,0.6085714285714285,0.4015886433653632,0.39108850194076694,0.09714285714285714,0.04285714285714286,0.04857142857142857,0.26,18.35142857142857,0.03474903474903475,0.0,0.024510716489831722,0.13461493694783866,5.042471042471043,0.025095584679712582,0.048952404038457686,0.16505735080782755,0.08108108108108109,0,0.16810383482258312,0.3207326998388329,2.797994718772387,0.8320451738189777,0.0,1.0,0.0,0.3,0.2,0.5050191169359425,0.25501911693594254
369,0.9772714026155078,0.5624182315579895,0.9503452805916057,0.5597803117501664,0.26107685272754566,0.558337389230756,0.8565891472868217,0.4329162713698318,0.4098203997767016,0.13178294573643412,0.6314285714285715,0.4015886433653632,0.39108850194076694,0.09714285714285714,0.03428571428571429,0.037142857142857144,0.26285714285714284,18.377142857142857,0.031007751937984496,0.002857142857142857,0.024591246833930522,0.13453547931387463,5.0310077519379846,0.024342717139321204,0.04751929964270851,0.1646056302835927,0.08139534883720931,0,0.16760531850204163,0.31912903633963874,2.779177681539796,0.8154042703425981,0.0,1.0,0.0,0.3,0.2,0.5048685434278642,0.25486854342786425
370,0.9784550800215334,0.5615814980212396,0.9512178199366188,0.5595533754444929,0.26107685272754566,0.5581232703668461,0.8604651162790697,0.4329162713698318,0.4098203997767016,0.13178294573643412,0.6342857142857142,0.4015886433653632,0.39108850194076694,0.09714285714285714,0.054285714285714284,0.054285714285714284,0.26285714285714284,18.414285714285715,0.031007751937984496,0.0,0.02465837862880009,0.1344584054089295,5.0310077519379846,0.023612435625141568,0.04612712511470596,0.16416746137508492,0.08139534883720931,0,0.16716672048096,0.3175333911579406,2.7778798421947144,0.7990961849357461,0.0,1.0,0.0,0.3,0.2,0.5047224871250283,0.2547224871250283
371,0.9775703215990992,0.5616150182039177,0.9505656265852245,0.5595476865698313,0.26107685272754566,0.558037243027148,0.8333333333333334,0.4329162713698318,0.4098203997767016,0.13178294573643412,0.6142857142857143,0.4015886433653632,0.39108850194076694,0.09714285714285714,0.04,0.045714285714285714,0.26285714285714284,18.428571428571427,0.031007751937984496,0.0,0.024723834779763434,0.13438364372113273,5.0310077519379846,0.02290406255638732,0.04477477165897081,0.16374243753383239,0.08139534883720931,0,0.16687245973569803,0.31594572420215083,2.768036531065106,0.7831142612370312,0.0,1.0,0.0,0.3,0.2,0.5045808125112775,0.25458081251127745
372,0.9774513367184118,0.5622037482466569,0.9505423424825511,0.55976987466352,0.26107685272754566,0.5580025479891836,0.8132295719844358,0.43395556014375286,0.4105737652532652,0.13229571984435798,0.5971428571428572,0.401702929079649,0.39117421622648113,0.09714285714285714,0.045714285714285714,0.05142857142857143,0.26571428571428574,18.454285714285714,0.027237354085603113,0.002857142857142857,0.024791540489306735,0.13431112488396987,5.011673151750973,0.0222169406796957,0.043461156949179625,0.16333016440781742,0.08171206225680934,0,0.16689481172273385,0.3143659955811401,2.7641043718723752,0.8147180982421024,0.0,0.9444444444444444,0.0,0.3,0.2,0.5044433881359391,0.25444338813593914
373,0.9785311977150378,0.5624883722845848,0.9513352689857876,0.5598082638187654,0.26107685272754566,0.5579908423328476,0.8599221789883269,0.43395556014375286,0.4105737652532652,0.13229571984435798,0.6314285714285715,0.401702929079649,0.39117421622648113,0.09714285714285714,0.03428571428571429,0.037142857142857144,0.26571428571428574,18.47714285714286,0.027237354085603113,0.0,0.02487316827629076,0.1342407816119219,5.011673151750973,0.021550432459304828,0.042185224714760716,0.1629302594755829,0.08171206225680934,0,0.16674590909269163,0.3127941656032344,2.745965141577785,0.7984237362772603,0.0,0.9230769230769231,0.0,0.3,0.2,0.5043100864918609,0.254310086491861
374,0.9801055714133176,0.5623672151436688,0.9524913091013816,0.5593941523361192,0.26107685272754566,0.5580412318499908,0.8210116731517509,0.43395556014375286,0.4105737652532652,0.13229571984435798,0.6028571428571429,0.401702929079649,0.39117421622648113,0.09714285714285714,0.037142857142857144,0.04285714285714286,0.26571428571428574,18.49142857142857,0.027237354085603113,0.0,0.02493388727246695,0.13417254863803535,5.011673151750973,0.020903919485525682,0.040945944319172756,0.1625423516913154,0.08171206225680934,0,0.16628289454722814,0.31123019477521824,2.733902981603372,0.7824552615517151,0.0,1.0,0.0,0.3,0.2,0.5041807838971052,0.25418078389710513
375,0.9791758129777568,0.5622320321316892,0.9518086007644128,0.5586482571628981,0.26107685272754566,0.558102142084501,0.8326848249027238,0.43395556014375286,0.4105737652532652,0.13229571984435798,0.6114285714285714,0.401702929079649,0.39117421622648113,0.09714285714285714,0.03142857142857143,0.037142857142857144,0.26571428571428574,18.50857142857143,0.0311284046692607,0.0,0.024993053858374907,0.13410636265336537,5.011673151750973,0.02027680190095991,0.03974231033118736,0.16216608114057593,0.08171206225680934,0,0.1657369086459206,0.30967404380134217,2.716367779114162,0.7668061563206808,0.0,1.0,0.0,0.3,0.2,0.5040553603801919,0.254055360380192
376,0.9797649163094129,0.5611015112457614,0.952241170925086,0.5576857118944704,0.26107685272754566,0.5582950255740392,0.8365758754863813,0.4341112021670992,0.41069049677077496,0.13229571984435798,0.6142857142857143,0.4018172147939346,0.39125993051219543,0.09714285714285714,0.037142857142857144,0.04,0.26571428571428574,18.537142857142857,0.0311284046692607,0.0,0.025050699514650172,0.13404216224823554,5.011673151750973,0.019668497843931113,0.03857334209041252,0.16180109870635867,0.08171206225680934,0,0.1656507955312624,0.30812567358233545,2.7020404235318782,0.7657949431485785,0.0,0.9285714285714286,0.0,0.3,0.2,0.5039336995687862,0.2539336995687862
377,0.979453886789507,0.5601687468829065,0.9520127863918979,0.5570301667403668,0.26107685272754566,0.5584037354828559,0.8443579766536965,0.4341112021670992,0.41069049677077496,0.13229571984435798,0.62,0.4018172147939346,0.39125993051219543,0.09714285714285714,0.04285714285714286,0.045714285714285714,0.26571428571428574,18.55142857142857,0.0311284046692607,0.0,0.025106855598886653,0.13397988785525955,5.011673151750973,0.01907844290861318,0.03743808326820253,0.1614470657451679,0.08171206225680934,0,0.16539098437507038,0.30658504521442376,2.693713900775527,0.750479044285607,0.0,1.0,0.0,0.3,0.2,0.5038156885817227,0.25381568858172265
378,0.9803292089401864,0.56025653177438,0.9526555229425397,0.5570603614842163,0.26107685272754566,0.5584604687770978,0.8404669260700389,0.4341112021670992,0.41069049677077496,0.13229571984435798,0.6171428571428571,0.4018172147939346,0.39125993051219543,0.09714285714285714,0.03142857142857143,0.03428571428571429,0.26571428571428574,18.571428571428573,0.0311284046692607,0.0,0.025161553306857813,0.13391948169407294,5.011673151750973,0.018506089621354783,0.03633560142501968,0.16110365377281285,0.08171206225680934,0,0.1651314857535694,0.30505211998835163,2.67412533704573,0.7354694633998948,0.0,1.0,0.0,0.3,0.2,0.5037012179242709,0.25370121792427097
379,0.9797023528716677,0.5606110964348128,0.9521952314865131,0.5568304660283734,0.26107685272754566,0.5583192825232526,0.8560311284046692,0.4341112021670992,0.41069049677077496,0.13229571984435798,0.6285714285714286,0.4018172147939346,0.39125993051219543,0.09714285714285714,0.045714285714285714,0.05142857142857143,0.26571428571428574,18.591428571428573,0.0311284046692607,0.0,0.02521482363689191,0.13386088771772184,5.011673151750973,0.01795090693271414,0.03526498756523999,0.1607705441596285,0.08171206225680934,0,0.1646769711819444,0.3035268593884099,2.672071401733387,0.7207600741318969,0.0,1.0,0.0,0.3,0.2,0.5035901813865429,0.2535901813865428
380,0.9800777505828752,0.5607696157066117,0.9524708806630282,0.5569377158920431,0.26107685272754566,0.558303619363781,0.8638132295719845,0.4341112021670992,0.41069049677077496,0.13229571984435798,0.6342857142857142,0.4018172147939346,0.39125993051219543,0.09714285714285714,0.03142857142857143,0.037142857142857144,0.26571428571428574,18.614285714285714,0.0311284046692607,0.0,0.02526669735723286,0.13380405156066133,5.011673151750973,0.017412379724732717,0.03422535569031393,0.16044742783483962,0.08171206225680934,0,0.16419601561174899,0.3020092250914678,2.6557728308415762,0.7063448726492589,0.0,1.0,0.0,0.3,0.2,0.5034824759449466,0.25348247594494655
381,0.9806694094935573,0.5600216432620195,0.9525856215175759,0.5566151005031249,0.26107685272754566,0.5583034707870173,0.8203125,0.43475714072041927,0.4115818745452017,0.1328125,0.6,0.4018172147939346,0.39125993051219543,0.09714285714285714,0.04,0.04285714285714286,0.26857142857142857,18.63142857142857,0.02734375,0.002857142857142857,0.02531351759639167,0.1337489204883126,5.0,0.016890008332990734,0.033215842351134284,0.16013400499979444,0.08203125,0,0.1639448962444045,0.30049917896601047,2.6455145170818875,0.6922179751962737,0.0,1.0,0.0,0.3,0.2,0.5033780016665982,0.25337800166659813
382,0.9816367800489351,0.559637454371447,0.952633092440851,0.5566538806668174,0.26107685272754566,0.558341009307731,0.8156862745098039,0.4334535675153628,0.4121306658588437,0.13333333333333333,0.5942857142857143,0.4018172147939346,0.39125993051219543,0.09714285714285714,0.02857142857142857,0.03428571428571429,0.2714285714285714,18.65142857142857,0.023529411764705882,0.002857142857142857,0.02545749433056946,0.1336954433481343,4.87843137254902,0.01638330808300101,0.032235606200388345,0.1598299848498006,0.0784313725490196,0,0.16341074319175392,0.29899668307118044,2.626889941025964,0.6783736156923483,0.0,1.0,0.0,0.3,0.2,0.5032766616166002,0.25327666161660023
383,0.9824852839731661,0.5590759531956537,0.9532512881570764,0.5562980633644397,0.26107685272754566,0.5584889745935017,0.8196078431372549,0.4334535675153628,0.4121306658588437,0.13333333333333333,0.5971428571428572,0.4018172147939346,0.39125993051219543,0.09714285714285714,0.04857142857142857,0.04857142857142857,0.2714285714285714,18.67142857142857,0.023529411764705882,0.0,0.025511188507857656,0.13364357052216141,4.87843137254902,0.01589180884051098,0.03128382754561865,0.15953508530430657,0.0784313725490196,0,0.16307868947579512,0.2975016996558245,2.6229235707768734,0.6648061433785013,0.0,1.0,0.0,0.3,0.2,0.5031783617681022,0.2531783617681022
384,0.9822526800302942,0.5586680428336961,0.9530818195701268,0.5562220391943759,0.26107685272754566,0.5585355881342057,0.8156862745098039,0.43353199888791183,0.4121894893882555,0.13333333333333333,0.5942857142857143,0.4018743576510776,0.3913027876550526,0.09714285714285714,0.03428571428571429,0.03428571428571429,0.2714285714285714,18.685714285714287,0.023529411764705882,0.0,0.025558124826315663,0.13359325388096763,4.87843137254902,0.01541505457529565,0.030359707903652278,0.15924903274517738,0.0784313725490196,0,0.1632254514174769,0.2960141911575454,2.6047508136470503,0.7460119447377976,0.0,0.9166666666666666,0.0,0.3,0.2,0.5030830109150591,0.25308301091505914
385,0.9824261537096678,0.5592811048516892,0.9532082075365275,0.5571724674263231,0.26107685272754566,0.5585738549395614,0.8156862745098039,0.43353199888791183,0.4121894893882555,0.13333333333333333,0.5942857142857143,0.4018743576510776,0.3913027876550526,0.09714285714285714,0.02,0.02,0.2714285714285714,18.71142857142857,0.023529411764705882,0.0,0.025603804452076134,0.13354444673900973,4.87843137254902,0.01495260293803678,0.029462469557007154,0.15897156176282207,0.0784313725490196,0,0.16263746701753234,0.2945341202017576,2.5726557973741087,0.7310917058430417,0.0,1.0,0.0,0.3,0.2,0.5029905205876074,0.25299052058760735
386,0.982886470151724,0.5577552095144369,0.9535435809443115,0.5558043627418583,0.26107685272754566,0.5587016649441556,0.8313725490196079,0.43376729300555894,0.4123659599764908,0.13333333333333333,0.6057142857142858,0.40204578622250614,0.39143135908362403,0.09714285714285714,0.045714285714285714,0.045714285714285714,0.2714285714285714,18.725714285714286,0.023529411764705882,0.0,0.025648256468928626,0.13349710381131052,4.87843137254902,0.014504024849895677,0.02859135511283384,0.1587024149099374,0.0784313725490196,0,0.16313713825387324,0.2930614496007488,2.5669169671409127,0.741327778109944,0.0,0.875,0.0,0.3,0.2,0.5029008049699791,0.25290080496997913
387,0.9812158764716127,0.5581757012854439,0.9523264341202303,0.5558354538127237,0.26107685272754566,0.5587960601682984,0.8431372549019608,0.43392415575065696,0.4124836070353143,0.13333333333333333,0.6142857142857143,0.4021600719367919,0.39151707336933833,0.09714285714285714,0.04,0.04,0.2714285714285714,18.742857142857144,0.023529411764705882,0.0,0.025691509568723327,0.1334511811714424,4.87843137254902,0.014068904104398806,0.02774562706489825,0.15844134246263927,0.0784313725490196,0,0.16300688113403247,0.2915961423527451,2.5555786277980945,0.7465694705355012,0.0,0.9285714285714286,0.0,0.3,0.2,0.5028137808208798,0.25281378082087974
388,0.9810973124174782,0.5582667063272725,0.9522400517379324,0.5560005047216282,0.26107685272754566,0.5588700596030873,0.8470588235294118,0.43392415575065696,0.4124836070353143,0.13333333333333333,0.6171428571428571,0.4021600719367919,0.39151707336933833,0.09714285714285714,0.03142857142857143,0.03142857142857143,0.2714285714285714,18.76,0.023529411764705882,0.0,0.02573359203721061,0.1334066362107702,4.87843137254902,0.013646836981266841,0.02692456735907056,0.1581881021887601,0.0784313725490196,0,0.16256213529621943,0.2901381616409814,2.535895626670704,0.7316380811247911,0.0,1.0,0.0,0.3,0.2,0.5027293673962534,0.25272936739625335
389,0.9813291405109204,0.5575029906861307,0.9524089550631545,0.5553054199984083,0.26107685272754566,0.5589186084570946,0.8,0.43392415575065696,0.4124836070353143,0.13333333333333333,0.5828571428571429,0.4021600719367919,0.39151707336933833,0.09714285714285714,0.037142857142857144,0.037142857142857144,0.2714285714285714,18.757142857142856,0.023529411764705882,0.0,0.025774531741623072,0.1333634275989182,4.87843137254902,0.013237431871828836,0.026127476962740204,0.1579424591230973,0.0784313725490196,0,0.16212003961973834,0.2886874708327765,2.522320571280147,0.7170053195022952,0.0,1.0,0.0,0.3,0.2,0.5026474863743657,0.2526474863743658
390,0.9808138844211313,0.5570972326178116,0.9520335541977368,0.5551212098721285,0.26107685272754566,0.5589700392139213,0.7568627450980392,0.43392415575065696,0.4124836070353143,0.13333333333333333,0.5514285714285714,0.4021600719367919,0.39151707336933833,0.09714285714285714,0.04285714285714286,0.04285714285714286,0.2714285714285714,18.754285714285714,0.023529411764705882,0.0,0.0258143561198884,0.13332151524542174,4.87843137254902,0.01284030891567397,0.025353675438536172,0.15770418534940436,0.0784313725490196,0,0.16190574649319314,0.2872440334786126,2.5147313027116867,0.7026652131122493,0.0,1.0,0.0,0.3,0.2,0.5025680617831348,0.2525680617831348
391,0.982042736283592,0.556676506164835,0.9529288605546724,0.5546608478107278,0.26107685272754566,0.5589743455353602,0.8509803921568627,0.43392415575065696,0.4124836070353143,0.13333333333333333,0.62,0.4021600719367919,0.39151707336933833,0.09714285714285714,0.02857142857142857,0.02857142857142857,0.2714285714285714,18.76,0.023529411764705882,0.0,0.025853092171366273,0.13328086026253025,4.87843137254902,0.012455099648203752,0.02460250052269808,0.15747305978892223,0.0784313725490196,0,0.16138136133215575,0.28580781331121957,2.4930081052288813,0.6886119088500043,0.0,1.0,0.0,0.3,0.2,0.5024910199296407,0.25249101992964074
392,0.9810031427909487,0.5567487288797689,0.9521714424386037,0.5548930696285824,0.26107685272754566,0.5587214889054986,0.8470588235294118,0.43392415575065696,0.4124836070353143,0.13333333333333333,0.6171428571428571,0.4021600719367919,0.39151707336933833,0.09714285714285714,0.037142857142857144,0.037142857142857144,0.2714285714285714,18.774285714285714,0.023529411764705882,0.0,0.025890766449008343,0.13324142492912538,4.87843137254902,0.01208144665875764,0.023873307708403013,0.1572488679952546,0.0784313725490196,0,0.16091688309692354,0.28437877424466346,2.4802908002671606,0.6748396706730042,0.0,1.0,0.0,0.3,0.2,0.5024162893317515,0.25241628933175153
393,0.9811275627787723,0.5565042557940589,0.9518988554381314,0.5545840502999587,0.26107685272754566,0.5585150783114268,0.8814229249011858,0.4333638337574411,0.41203857739653077,0.13438735177865613,0.6371428571428571,0.4021600719367919,0.39151707336933833,0.09714285714285714,0.04,0.04,0.27714285714285714,18.791428571428572,0.015810276679841896,0.005714285714285714,0.02609491642736129,0.1332031726557228,4.5059288537549405,0.01171900325899491,0.02316546983432588,0.15703140195539694,0.07905138339920949,0,0.1603692986814389,0.28295688037344013,2.4706849842618177,0.6613428772595441,0.0,1.0,0.0,0.3,0.2,0.502343800651799,0.25234380065179896
394,0.9821534588198667,0.5563052338450188,0.9526404317192653,0.5549714575714224,0.26107685272754566,0.5582190317976273,0.8656126482213439,0.43352193652423954,0.4121571544716296,0.13438735177865613,0.6257142857142857,0.40227435765107755,0.3916027876550526,0.09714285714285714,0.025714285714285714,0.025714285714285714,0.27714285714285714,18.81714285714286,0.015810276679841896,0.0,0.026235566052229223,0.13316606795052222,4.5059288537549405,0.011367433161225063,0.022478376678675915,0.15682045989673504,0.07905138339920949,0,0.16039431503803173,0.2815420959715729,2.4469855702908667,0.7027585047234719,0.0,0.8888888888888888,0.0,0.3,0.2,0.502273486632245,0.252273486632245
395,0.9829315994487087,0.5557575487062181,0.9532029162309712,0.5542653577441033,0.26107685272754566,0.5576540619451078,0.857707509881423,0.43352193652423954,0.4121571544716296,0.13438735177865613,0.62,0.40227435765107755,0.3916027876550526,0.09714285714285714,0.02,0.02,0.27714285714285714,18.81714285714286,0.015810276679841896,0.0,0.02627089862277827,0.13313007638647764,4.5059288537549405,0.01102641016638831,0.02181143455892587,0.15661584609983298,0.07905138339920949,0,0.15982062917712728,0.28013438549171504,2.418045858885049,0.6887033346290025,0.0,1.0,0.0,0.3,0.2,0.5022052820332776,0.2522052820332777
396,0.9823866217319006,0.5565066541697207,0.9528089751956785,0.5545179382963061,0.26107685272754566,0.5570133550643004,0.8537549407114624,0.433680039291038,0.4122757315467284,0.13438735177865613,0.6171428571428571,0.40238864336536334,0.3916885019407669,0.09714285714285714,0.03142857142857143,0.03428571428571429,0.27714285714285714,18.83142857142857,0.015810276679841896,0.0,0.026305251628675336,0.1330951645693545,4.5059288537549405,0.01069561786139666,0.02116406593742237,0.15641737071683798,0.07905138339920949,0,0.15973538317409877,0.2945099611043491,2.4039706559930627,0.6803226483310043,0.0,0.9166666666666666,0.0,0.3,0.2,0.5021391235722793,0.25213912357227936
397,0.981607448205072,0.5569420539001335,0.9522457440462851,0.5547219708517185,0.26107685272754566,0.5564784213971019,0.8774703557312253,0.433680039291038,0.4122757315467284,0.13438735177865613,0.6342857142857142,0.40238864336536334,0.3916885019407669,0.09714285714285714,0.03142857142857143,0.03428571428571429,0.27714285714285714,18.82857142857143,0.015810276679841896,0.0,0.026338649827017713,0.13306130010674488,4.5059288537549405,0.01037474932555476,0.020535709033042693,0.15622484959533284,0.07905138339920949,0,0.15956031040147767,0.2930374112988274,2.3901769571589155,0.6667161953643842,0.0,1.0,0.0,0.3,0.2,0.5020749498651109,0.252074949865111
398,0.9812895159456376,0.557871054317763,0.9520159244416082,0.5548192339651914,0.26107685272754566,0.5559614430763649,0.8537549407114624,0.43375909067443713,0.41233502008427775,0.13438735177865613,0.6171428571428571,0.4024457862225061,0.39173135908362405,0.09714285714285714,0.037142857142857144,0.037142857142857144,0.27714285714285714,18.84285714285714,0.015810276679841896,0.0,0.026371117495151662,0.13302845157801374,4.5059288537549405,0.010063506845788116,0.01992581743903754,0.15603810410747287,0.07905138339920949,0,0.15964595165314877,0.29157222424233326,2.3795162751585943,0.6990005190666689,0.0,0.9230769230769231,0.0,0.3,0.2,0.5020127013691577,0.2520127013691576
399,0.9818012509236119,0.5587989008336558,0.952385835725687,0.5552192957369033,0.26107685272754566,0.5554431370631889,0.8458498023715415,0.4338381420578364,0.41239430862182724,0.13438735177865613,0.6114285714285714,0.4025029290796489,0.3917742162264812,0.09714285714285714,0.03428571428571429,0.03428571428571429,0.27714285714285714,18.854285714285716,0.015810276679841896,0.0,0.02640267843045016,0.1329965885051444,4.5059288537549405,0.009761601640414473,0.01933385974717905,0.15585696098424867,0.07905138339920949,0,0.15958972474845443,0.2903750449505929,2.3662116639411366,0.7435403775470516,0.0,0.9166666666666666,0.0,0.3,0.2,0.5019523203280829,0.2519523203280829
400,0.9828437290764916,0.5576188834485107,0.9531393985047685,0.5542937020849922,0.26107685272754566,0.555070780438318,0.849802371541502,0.4338381420578364,0.41239430862182724,0.13438735177865613,0.6142857142857143,0.4025029290796489,0.3917742162264812,0.09714285714285714,0.02857142857142857,0.02857142857142857,0.27714285714285714,18.86285714285714,0.015810276679841896,0.0,0.02643335595088074,0.1329656813244612,4.5059288537549405,0.009468753591202039,0.01875931917831508,0.15568125215472123,0.07905138339920949,0,0.1591334932639979,0.28892316972583987,2.3474588592337424,0.7286695699961107,0.0,1.0,0.0,0.3,0.2,0.5018937507182404,0.2518937507182404
401,0.9838678520194222,0.5579575611333949,0.9538796930892298,0.5544086771777591,0.26107685272754566,0.5547998690796034,0.857707509881423,0.4338381420578364,0.41239430862182724,0.13438735177865613,0.62,0.4025029290796489,0.3917742162264812,0.09714285714285714,0.022857142857142857,0.022857142857142857,0.27714285714285714,18.877142857142857,0.015810276679841896,0.0,0.026463172896300426,0.1329357013591985,4.5059288537549405,0.009184690983465978,0.01820169321940779,0.1555108145900796,0.07905138339920949,0,0.15862296936910647,0.2874785538772107,2.3233668249062105,0.7140961785961883,0.0,1.0,0.0,0.3,0.2,0.5018369381966932,0.25183693819669317
402,0.9839402772124375,0.5578933291790692,0.9539320461573236,0.5539683309436823,0.26107685272754566,0.5545672599973499,0.8260869565217391,0.4338381420578364,0.41239430862182724,0.13438735177865613,0.5971428571428572,0.4025029290796489,0.3917742162264812,0.09714285714285714,0.037142857142857144,0.037142857142857144,0.27714285714285714,18.885714285714286,0.011857707509881422,0.0,0.02649215163041819,0.13290662079289364,4.5059288537549405,0.008909150253961998,0.01766049326712238,0.1553454901523772,0.07905138339920949,0,0.15817185595083236,0.2860411611078246,2.314042345550943,0.6998142550242645,0.0,1.0,0.0,0.3,0.2,0.5017818300507924,0.2517818300507924
403,0.982843319115955,0.557566679769013,0.9531391021618665,0.5536450406752889,0.26107685272754566,0.5543177327739325,0.7984189723320159,0.4339962448246348,0.41251288569692607,0.13438735177865613,0.5771428571428572,0.4026172147939347,0.3918599305121955,0.09714285714285714,0.04285714285714286,0.04285714285714286,0.27714285714285714,18.905714285714286,0.019762845849802372,0.0,0.02652031404336914,0.13287841264357797,4.5059288537549405,0.008641875746343139,0.017135244278011386,0.15518512544780588,0.07905138339920949,0,0.15823671452464963,0.29544280611406915,2.3106186414970673,0.7282169907930747,0.0,0.9333333333333333,0.0,0.3,0.2,0.5017283751492686,0.2517283751492686
404,0.9828325209187005,0.5579358941744428,0.953131296607851,0.5538616631579327,0.26107685272754566,0.5540190916900469,0.8616600790513834,0.43415434759143323,0.4126314627720249,0.13438735177865613,0.6228571428571429,0.4027315005082204,0.3919456447979098,0.09714285714285714,0.037142857142857144,0.037142857142857144,0.27714285714285714,18.925714285714285,0.015810276679841896,0.0,0.02654768155484751,0.1328510507387417,4.5059288537549405,0.008382619473952845,0.01662548442532863,0.1550295716843717,0.07905138339920949,0,0.15821596237702637,0.29396559208349876,2.301549125809983,0.7266731880942421,0.0,0.9230769230769231,0.0,0.3,0.2,0.5016765238947906,0.25167652389479056
405,0.9823900937415841,0.5568748201725386,0.9528114849626783,0.5533021802486588,0.26107685272754566,0.5538017708601881,0.8300395256916996,0.43415434759143323,0.4126314627720249,0.13438735177865613,0.6,0.4027315005082204,0.3919456447979098,0.09714285714285714,0.03142857142857143,0.03142857142857143,0.27714285714285714,18.937142857142856,0.019762845849802372,0.0,0.02657427511774912,0.13282450969105056,4.5059288537549405,0.008131140889734259,0.016130764762490424,0.15487868453384054,0.07905138339920949,0,0.15771031113656983,0.29249576412308126,2.286946714722355,0.7121397243323573,0.0,1.0,0.0,0.3,0.2,0.5016262281779469,0.25162622817794683
406,0.9833228679327015,0.5570237681566862,0.9534857474494002,0.553688740958928,0.26107685272754566,0.5534959032945003,0.857707509881423,0.4343124503582316,0.4127500398471237,0.13438735177865613,0.62,0.4028457862225061,0.392031359083624,0.09714285714285714,0.03142857142857143,0.03142857142857143,0.27714285714285714,18.962857142857143,0.019762845849802372,0.0,0.026600115222276757,0.13279876487479017,4.5059288537549405,0.007887206663042231,0.015650648893192565,0.15473232399782533,0.07905138339920949,0,0.1577736762759866,0.29103328530246586,2.2726363518564794,0.7245656399702305,0.0,0.9090909090909091,0.0,0.3,0.2,0.5015774413326084,0.25157744133260845
407,0.983081842309394,0.5567059753808088,0.9533115203559809,0.5538343022023504,0.26107685272754566,0.5531965993237519,0.8735177865612648,0.4343124503582316,0.4127500398471237,0.13438735177865613,0.6314285714285715,0.4028457862225061,0.392031359083624,0.09714285714285714,0.02857142857142857,0.02857142857142857,0.27714285714285714,18.985714285714284,0.019762845849802372,0.0,0.026625221900464714,0.1327737924030176,4.5059288537549405,0.007650590463150964,0.01518471264817578,0.15459035427789058,0.07905138339920949,0,0.157411668605321,0.2895781188759535,2.255755053390778,0.710074327170826,0.0,1.0,0.0,0.3,0.2,0.5015301180926302,0.2515301180926302
408,0.9841403592143718,0.556849735748185,0.9540766768615792,0.5538463927222558,0.26107685272754566,0.5529249113208062,0.857707509881423,0.4343124503582316,0.4127500398471237,0.13438735177865613,0.62,0.4028457862225061,0.392031359083624,0.09714285714285714,0.03428571428571429,0.03428571428571429,0.27714285714285714,18.997142857142858,0.019762845849802372,0.0,0.026649614731081676,0.13274956910539815,4.5059288537549405,0.0074210727492564355,0.014732543768625317,0.15445264364955386,0.07905138339920949,0,0.15688146740515152,0.28813022828157375,2.2449256666086765,0.6958728406274094,0.0,1.0,0.0,0.3,0.2,0.5014842145498513,0.25148421454985126
409,0.9835803780482166,0.5566937919701076,0.9535304789404763,0.5538321375838627,0.26107685272754566,0.5527290184888444,0.8888888888888888,0.43460713424648184,0.4127161400697717,0.1349206349206349,0.64,0.4028457862225061,0.392031359083624,0.09714285714285714,0.017142857142857144,0.017142857142857144,0.28,19.01142857142857,0.01984126984126984,0.002857142857142857,0.02669699046216427,0.1327260725067074,4.468253968253968,0.007198440566778742,0.014293741596179688,0.15431906434006723,0.07936507936507936,0,0.15632477720741147,0.2866895771401659,2.2171700104193603,0.6819553838148612,0.0,1.0,0.0,0.3,0.2,0.5014396881133557,0.25143968811335576
410,0.9826586050649916,0.5572003744049102,0.9528668023925541,0.554333263468568,0.26107685272754566,0.5525315972334898,0.8571428571428571,0.43460713424648184,0.4127161400697717,0.1349206349206349,0.6171428571428571,0.4028457862225061,0.392031359083624,0.09714285714285714,0.017142857142857144,0.017142857142857144,0.28,19.042857142857144,0.01984126984126984,0.0,0.026727309825649977,0.1327032808059772,4.468253968253968,0.0069824873497753796,0.013867916769512711,0.1541894924098652,0.07936507936507936,0,0.15582758546066014,0.2852561292544651,2.18996946735383,0.6683162761385639,0.0,1.0,0.0,0.3,0.2,0.5013964974699551,0.25139649746995507
411,0.9831953583304927,0.5579630999406812,0.9532532647437151,0.5550221205871191,0.26107685272754566,0.5523613406499508,0.8968253968253969,0.43460713424648184,0.4127161400697717,0.1349206349206349,0.6457142857142857,0.4028457862225061,0.392031359083624,0.09714285714285714,0.04857142857142857,0.04857142857142857,0.28,19.062857142857144,0.023809523809523808,0.0,0.02674972001637154,0.13268117285626907,4.468253968253968,0.006773012729282118,0.013454690927448443,0.15406380763756927,0.07936507936507936,0,0.15584108351059936,0.28382984860819277,2.194741506578182,0.6549499506157928,0.0,1.0,0.0,0.3,0.2,0.5013546025458564,0.2513546025458564
412,0.9826971972851424,0.5575034470460609,0.9528945887910627,0.5540455064255071,0.26107685272754566,0.5523603490244909,0.8412698412698413,0.43476586440521203,0.4128351876888193,0.1349206349206349,0.6057142857142858,0.40296007193679184,0.3921170733693383,0.09714285714285714,0.03428571428571429,0.03428571428571429,0.28,19.077142857142857,0.023809523809523808,0.0,0.0267714889210056,0.13265972814505209,4.468253968253968,0.006569822347403655,0.013053696418557914,0.1539418934084422,0.07936507936507936,0,0.15586130737876064,0.2824106993651518,2.1851323907323326,0.6458311513128683,0.0,0.9166666666666666,0.0,0.3,0.2,0.5013139644694807,0.25131396446948073
413,0.9800766511156284,0.5576103121483906,0.9510077955490127,0.5540480547066674,0.26107685272754566,0.552370843406697,0.8412698412698413,0.4348452294845771,0.4128947114983431,0.1349206349206349,0.6057142857142858,0.40301721479393465,0.39215993051219544,0.09714285714285714,0.04,0.04,0.28,19.088571428571427,0.023809523809523808,0.0,0.02679263397340472,0.1326389267751716,4.468253968253968,0.006372727676981545,0.01266457601718185,0.15382363660618892,0.07936507936507936,0,0.15593602571724122,0.2836586970025983,2.1814297429176857,0.6472359778598673,0.0,0.9285714285714286,0.0,0.3,0.2,0.5012745455353963,0.2512745455353963
414,0.9788507596726279,0.557287789610133,0.9500030074324985,0.5542895840004078,0.26107685272754566,0.5524548195451795,0.7888446215139442,0.43465899483423737,0.41415830850286717,0.13545816733067728,0.5657142857142857,0.4030743576510776,0.3922027876550526,0.09714285714285714,0.037142857142857144,0.04285714285714286,0.28285714285714286,19.091428571428573,0.0199203187250996,0.002857142857142857,0.02680595331018786,0.13261874944638755,4.46215139442231,0.006181545846672099,0.012286982645817623,0.15370892750800325,0.0796812749003984,0,0.155870345588655,0.2822404035175853,2.180658290916475,0.6633579126948093,0.0,0.9333333333333333,0.0,0.3,0.2,0.5012363091693344,0.2512363091693344
415,0.9800597543431346,0.5571697152624231,0.9508700293247764,0.5539370661095742,0.26107685272754566,0.5525147120158745,0.7888446215139442,0.43481835738403823,0.41427783041521776,0.13545816733067728,0.5657142857142857,0.40318864336536325,0.3922885019407669,0.09714285714285714,0.03428571428571429,0.03428571428571429,0.28285714285714286,19.102857142857143,0.0199203187250996,0.0,0.026835444388581674,0.13259917743746708,4.46215139442231,0.005996099471271936,0.011920579103801288,0.15359765968276315,0.0796812749003984,0,0.1558331374321403,0.28082920149999735,2.1713308393838595,0.6669147874291239,0.0,0.9166666666666666,0.0,0.3,0.2,0.5011992198942544,0.25119921989425437
416,0.9814584224222663,0.5566297279935274,0.9518730741472395,0.5538072239682243,0.26107685272754566,0.5526793255449836,0.8884462151394422,0.43481835738403823,0.41427783041521776,0.13545816733067728,0.6371428571428571,0.40318864336536325,0.3922885019407669,0.09714285714285714,0.04,0.04,0.28285714285714286,19.122857142857143,0.0199203187250996,0.0,0.026854821917444694,0.13258019258881418,4.46215139442231,0.005816216487133778,0.011565037802213185,0.15348972989228027,0.0796812749003984,0,0.15548126031283674,0.27942505549249735,2.1679042225961824,0.6535764916805414,0.0,1.0,0.0,0.3,0.2,0.5011632432974268,0.25116324329742673
417,0.9814422374196211,0.5565397524755784,0.9518614671881994,0.5543415944579968,0.26107685272754566,0.5528241658653184,0.8565737051792829,0.43481835738403823,0.41427783041521776,0.13545816733067728,0.6142857142857143,0.40318864336536325,0.3922885019407669,0.09714285714285714,0.037142857142857144,0.037142857142857144,0.28285714285714286,19.142857142857142,0.0199203187250996,0.0,0.026873641104539357,0.13256177728562088,4.46215139442231,0.005641729992519764,0.011220040504929751,0.15338503799551184,0.0796812749003984,0,0.1551587253863796,0.27802793021503486,2.161688995287116,0.6405049618469306,0.0,1.0,0.0,0.3,0.2,0.501128345998504,0.251128345998504
418,0.98141817234972,0.556972297818185,0.9510105583689891,0.5548393807921382,0.26107685272754566,0.5528689306115873,0.872,0.43385190085921843,0.41437314787490737,0.136,0.6228571428571429,0.40318864336536325,0.3922885019407669,0.09714285714285714,0.04285714285714286,0.04285714285714286,0.2857142857142857,19.16,0.02,0.002857142857142857,0.02688947514521662,0.13254391444152339,4.448,0.005472478092744171,0.010885278075740024,0.1532834868556465,0.08,0,0.15486722104159056,0.2766377905639597,2.1613123582385163,0.6276948626099921,0.0,1.0,0.0,0.3,0.2,0.5010944956185488,0.25109449561854885
419,0.9825820206458943,0.5567193696423001,0.9518418785805424,0.554762683732705,0.26107685272754566,0.5529873138714673,0.836,0.43385190085921843,0.41437314787490737,0.136,0.5971428571428572,0.40318864336536325,0.3922885019407669,0.09714285714285714,0.025714285714285714,0.025714285714285714,0.2857142857142857,19.165714285714287,0.016,0.0,0.026922328234578796,0.1325265874827488,4.448,0.0053083037499618456,0.01056045023144403,0.1531849822499771,0.08,0,0.15474988493638261,0.2752546016111399,2.143800396788032,0.6151409653577922,0.0,0.8888888888888888,0.0,0.3,0.2,0.5010616607499924,0.25106166074999237
420,0.9817341666904114,0.5578845802406885,0.9512362686123401,0.5556628180876165,0.26107685272754566,0.5529991790981478,0.868,0.43393190085921846,0.41443314787490737,0.136,0.62,0.40324578622250606,0.3923313590836241,0.09714285714285714,0.03428571428571429,0.037142857142857144,0.2857142857142857,19.185714285714287,0.02,0.0,0.026939577386942318,0.1325097803327374,4.448,0.00514905463746299,0.01024526530084413,0.15308943278247777,0.08,0,0.15477556408312926,0.27387832860308414,2.138067245995128,0.6826764140307182,0.0,0.9230769230769231,0.0,0.3,0.2,0.5010298109274925,0.2510298109274926
421,0.9806479968732298,0.5575933403052902,0.950460433028639,0.5551846610366907,0.26107685272754566,0.5529165778492975,0.872,0.43393190085921846,0.41443314787490737,0.136,0.6228571428571429,0.40324578622250606,0.3923313590836241,0.09714285714285714,0.02857142857142857,0.02857142857142857,0.2857142857142857,19.2,0.02,0.0,0.02695632714648085,0.1324934773972264,4.448,0.0049945829983391,0.009939439989540277,0.15299674979900346,0.08,0,0.15425825840557078,0.2725089369600688,2.123877329646654,0.6690228857501038,0.0,1.0,0.0,0.3,0.2,0.5009989165996678,0.25099891659966783
422,0.9800021281503858,0.5577126956111572,0.9499990982266077,0.5553587881978593,0.26107685272754566,0.552812265136357,0.852,0.4340919008592184,0.4145531478749074,0.136,0.6085714285714285,0.4033600719367918,0.3924170733693384,0.09714285714285714,0.03142857142857143,0.03428571428571429,0.2857142857142857,19.217142857142857,0.02,0.0,0.026972591438904785,0.1324776635497807,4.448,0.004844745508388927,0.00964269915043725,0.15290684730503334,0.08,0,0.15482754638141794,0.27114639227526843,2.1156854973394355,0.6947061464019482,0.0,0.8333333333333334,0.0,0.3,0.2,0.5009689491016778,0.2509689491016778
423,0.9804938636185909,0.5573032285625742,0.950350337846754,0.5552804525082156,0.26107685272754566,0.5528416730257277,0.816,0.4340919008592184,0.4145531478749074,0.136,0.5828571428571429,0.4033600719367918,0.3924170733693384,0.09714285714285714,0.02857142857142857,0.02857142857142857,0.2857142857142857,19.228571428571428,0.02,0.0,0.02698838383347214,0.13246232411775843,4.448,0.0046994031431372586,0.009354775559869521,0.15281964188588235,0.08,0,0.15439555222093942,0.2697906603138921,2.1019432159640754,0.6808120234739092,0.0,1.0,0.0,0.3,0.2,0.5009398806286275,0.25093988062862743
424,0.981409858071489,0.5575793964105196,0.9510046195988241,0.5557367401396188,0.26107685272754566,0.5527138474110236,0.868,0.43425190085921844,0.41467314787490733,0.136,0.62,0.4034743576510776,0.3925027876550527,0.09714285714285714,0.022857142857142857,0.022857142857142857,0.2857142857142857,19.24,0.02,0.0,0.02700371755015359,0.13244744486869678,4.448,0.0045584210488431405,0.00907540969924825,0.15273505262930587,0.08,0,0.1542802894598347,0.3030123136084258,2.0827614945019364,0.6703607076652887,0.0,0.875,0.0,0.3,0.2,0.5009116842097686,0.2509116842097686
425,0.9833530003729721,0.5576969253709951,0.9523925783855977,0.5555904615892028,0.26107685272754566,0.5525739085269471,0.856,0.4343319008592184,0.41473314787490734,0.136,0.6114285714285714,0.4035315005082204,0.39254564479790977,0.09714285714285714,0.03142857142857143,0.03142857142857143,0.2857142857142857,19.251428571428573,0.02,0.0,0.027018605466782884,0.13243301199710703,4.448,0.004421668417377846,0.008804349542133605,0.1526530010504267,0.08,0,0.15425103158396408,0.3014972520403837,2.0725348360404694,0.6846797518665271,0.0,0.9090909090909091,0.0,0.3,0.2,0.5008843336834756,0.25088433368347557
426,0.9834810610262955,0.5568605344775132,0.9524840502808287,0.5549555355012523,0.26107685272754566,0.5523688978257607,0.86,0.43449190085921846,0.41485314787490735,0.136,0.6142857142857143,0.4036457862225061,0.39263135908362407,0.09714285714285714,0.037142857142857144,0.037142857142857144,0.2857142857142857,19.268571428571427,0.02,0.0,0.027033060126181688,0.13241901211166487,4.448,0.004289018364856511,0.008541350346634835,0.1525734110189139,0.08,0,0.15430720785104426,0.3111856655994213,2.068226996462517,0.6709861568291966,0.0,0.9230769230769231,0.0,0.3,0.2,0.5008578036729713,0.2508578036729713
427,0.9820744131598254,0.5565413580080742,0.9514793018047788,0.5544654314751746,0.26107685272754566,0.5522995819290705,0.852,0.43457190085921843,0.4149131478749073,0.136,0.6085714285714285,0.403702929079649,0.3926742162264812,0.09714285714285714,0.03428571428571429,0.037142857142857144,0.2857142857142857,19.28857142857143,0.02,0.0,0.02704709374324947,0.13240543222278608,4.448,0.0041603478139108155,0.008286174453038697,0.15249620868834649,0.08,0,0.15447413238360985,0.3096297372714242,2.0640053136761236,0.6883780840036695,0.0,0.9230769230769231,0.0,0.3,0.2,0.5008320695627821,0.25083206956278215
428,0.9827804180592815,0.5566898144779355,0.9519835910186761,0.55419134969816,0.26107685272754566,0.5521181643635897,0.856,0.4347319008592185,0.4150331478749073,0.136,0.6114285714285714,0.4038172147939347,0.39275993051219543,0.09714285714285714,0.025714285714285714,0.02857142857142857,0.2857142857142857,19.3,0.02,0.0,0.027060718212009182,0.13239225973057359,4.448,0.004035537379493491,0.008038591086568347,0.1524213224276961,0.08,0,0.15444319741813822,0.30812645973359415,2.05129663597403,0.6839126580630184,0.0,0.9,0.0,0.3,0.2,0.5008071074758987,0.2508071074758987
429,0.9829219107589828,0.5562766899092091,0.951849569747962,0.5542132774113686,0.26107685272754566,0.5519761047489491,0.8514056224899599,0.43388197707644016,0.414869950501009,0.13654618473895583,0.6057142857142858,0.4038172147939347,0.39275993051219543,0.09714285714285714,0.04285714285714286,0.045714285714285714,0.2885714285714286,19.31714285714286,0.01606425702811245,0.002857142857142857,0.02707151283879359,0.1323794824131275,4.4417670682730925,0.003914471258108686,0.007798376165171983,0.1523486827548652,0.08032128514056225,0,0.15418341428461896,0.3065858274349262,2.055984988968835,0.6702344049017579,0.0,1.0,0.0,0.3,0.2,0.5007828942516217,0.25078289425162176
430,0.9830868201606279,0.5557421054354951,0.9519668910079895,0.5540631897870255,0.26107685272754566,0.5518360766281656,0.8393574297188755,0.43388197707644016,0.414869950501009,0.13654618473895583,0.5971428571428572,0.4038172147939347,0.39275993051219543,0.09714285714285714,0.03142857142857143,0.03142857142857143,0.2885714285714286,19.32857142857143,0.020080321285140562,0.0,0.02709180537783895,0.1323670884152048,4.4417670682730925,0.0037970371203654256,0.007565312112242317,0.15227822227221924,0.08032128514056225,0,0.15364064078462447,0.30505289829775156,2.046293860618029,0.6568297168037227,0.0,1.0,0.0,0.3,0.2,0.5007594074240731,0.2507594074240731
431,0.981957279562,0.5562621632463094,0.9511633035535371,0.5546804555786883,0.26107685272754566,0.551527898373788,0.8313253012048193,0.4340426196467213,0.41499043242871986,0.13654618473895583,0.5914285714285714,0.40393150050822035,0.39284564479790973,0.09714285714285714,0.03428571428571429,0.03428571428571429,0.2885714285714286,19.345714285714287,0.020080321285140562,0.0,0.027104274185335227,0.13235506623721974,4.4417670682730925,0.0036831260067544625,0.007339187674166858,0.15220987560405266,0.08032128514056225,0,0.15358629472355848,0.3035276338062628,2.0396536976913833,0.6545472962352761,0.0,0.9166666666666666,0.0,0.3,0.2,0.5007366252013509,0.25073662520135087
432,0.9829678873916163,0.5562678378178962,0.9518822788380356,0.5545446166752896,0.26107685272754566,0.5513674778169605,0.7991967871485943,0.4340426196467213,0.41499043242871986,0.13654618473895583,0.5685714285714286,0.40393150050822035,0.39284564479790973,0.09714285714285714,0.02857142857142857,0.03142857142857143,0.2885714285714286,19.357142857142858,0.020080321285140562,0.0,0.02711637824659313,0.13234340472457432,4.4417670682730925,0.0035726322265518286,0.007119797742611067,0.1521435793359311,0.08032128514056225,0,0.1535590917679049,0.30200999563723147,2.030289195166127,0.7142816368760141,0.0,0.9090909090909091,0.0,0.3,0.2,0.5007145264453103,0.2507145264453104
433,0.9829094176311418,0.5568639646681007,0.9518406817798694,0.554575417237641,0.26107685272754566,0.5511833350106543,0.8112449799196787,0.4341229409318618,0.4150506733925753,0.13654618473895583,0.5771428571428572,0.4039886433653632,0.3928885019407669,0.09714285714285714,0.02857142857142857,0.02857142857142857,0.2885714285714286,19.36857142857143,0.020080321285140562,0.0,0.0271281279579079,0.1323320930573082,4.4417670682730925,0.0034654532597552736,0.006906943181432812,0.15207927195585316,0.08032128514056225,0,0.15358930414836894,0.3004999456590453,2.018254839834233,0.7237850558658162,0.0,0.9,0.0,0.3,0.2,0.500693090651951,0.25069309065195106
434,0.9836880943332441,0.5577475441531248,0.9523946546336508,0.5552413289959433,0.26107685272754566,0.5510319602370607,0.8353413654618473,0.4341229409318618,0.4150506733925753,0.13654618473895583,0.5942857142857143,0.4039886433653632,0.3928885019407669,0.09714285714285714,0.03428571428571429,0.03428571428571429,0.2885714285714286,19.377142857142857,0.020080321285140562,0.0,0.02713953343555849,0.13232112074006006,4.4417670682730925,0.0033614896619626154,0.006700430658132306,0.15201689379717756,0.08032128514056225,0,0.15327636546693063,0.2989974459307501,2.0121754573232624,0.7093093547484999,0.0,1.0,0.0,0.3,0.2,0.5006722979323925,0.25067229793239254
435,0.9836954665355625,0.5576683475660115,0.9523998994290144,0.5553815240604312,0.26107685272754566,0.5509356688210347,0.8674698795180723,0.43420326221700245,0.4151109143564307,0.13654618473895583,0.6171428571428571,0.40404578622250614,0.39293135908362403,0.09714285714285714,0.022857142857142857,0.022857142857142857,0.2885714285714286,19.382857142857144,0.020080321285140562,0.0,0.02715060452235945,0.13231047759232936,4.4417670682730925,0.003260644972103737,0.006500072479738717,0.15195638698326225,0.08032128514056225,0,0.15313812721102454,0.3104293171359313,1.99478909103394,0.7108562776791393,0.0,0.875,0.0,0.3,0.2,0.5006521289944208,0.25065212899442074
436,0.9844170386459957,0.5578300390334515,0.9529132464447225,0.5554215192142812,0.26107685272754566,0.5508655080002441,0.8353413654618473,0.43420326221700245,0.4151109143564307,0.13654618473895583,0.5942857142857143,0.40404578622250614,0.39293135908362403,0.09714285714285714,0.037142857142857144,0.037142857142857144,0.2885714285714286,19.394285714285715,0.020080321285140562,0.0,0.027161350794122355,0.1323001537390306,4.4417670682730925,0.0031628256229406246,0.006305686433034863,0.15189769537376438,0.08032128514056225,0,0.15279859366436224,0.3088771705502516,1.9920361663561181,0.6966391521255565,0.0,1.0,0.0,0.3,0.2,0.5006325651245881,0.25063256512458815
437,0.9849300361712106,0.5568824700002649,0.9532782075412326,0.5547880466599345,0.26107685272754566,0.5507658510816787,0.8554216867469879,0.43420326221700245,0.4151109143564307,0.13654618473895583,0.6085714285714285,0.40404578622250614,0.39293135908362403,0.09714285714285714,0.04285714285714286,0.04285714285714286,0.2885714285714286,19.405714285714286,0.020080321285140562,0.0,0.02717178156602368,0.13229013960133076,4.4417670682730925,0.0030679408542524057,0.0061170956290268474,0.15184076451255143,0.08032128514056225,0,0.15234845855318324,0.30733278469750036,1.9950525858861388,0.6827063690830454,0.0,1.0,0.0,0.3,0.2,0.5006135881708504,0.2506135881708505
438,0.9838967450698956,0.5570378476979575,0.9525430947291542,0.554712573187509,0.26107685272754566,0.5506588344365027,0.8835341365461847,0.43436390478728354,0.4152313962841416,0.13654618473895583,0.6285714285714286,0.4041600719367918,0.39301707336933833,0.09714285714285714,0.03142857142857143,0.03142857142857143,0.2885714285714286,19.425714285714285,0.020080321285140562,0.0,0.027181905898876074,0.13228042588776193,4.4417670682730925,0.0029759026286248335,0.005934128351560153,0.1517855415771749,0.08032128514056225,0,0.1522715762568459,0.30579612077401286,1.9865801055969876,0.6980015698305797,0.0,0.9090909090909091,0.0,0.3,0.2,0.5005951805257249,0.250595180525725
439,0.9848900252427125,0.5573061949231879,0.9532497426235296,0.5548411186741398,0.26107685272754566,0.5506574571466667,0.8594377510040161,0.43436390478728354,0.4152313962841416,0.13654618473895583,0.6114285714285714,0.4041600719367918,0.39301707336933833,0.09714285714285714,0.02857142857142857,0.02857142857142857,0.2885714285714286,19.428571428571427,0.020080321285140562,0.0,0.027191732605300684,0.1322710035856003,4.4417670682730925,0.0028866255497660884,0.005756617909990158,0.15173197532985966,0.08032128514056225,0,0.152764804036383,0.3042671401701428,1.9754199320564763,0.7131211767128991,0.0,0.8,0.0,0.3,0.2,0.5005773251099532,0.25057732510995323
440,0.9864723066112415,0.5570116218365511,0.9543754227971402,0.5545239911108887,0.26107685272754566,0.5506393442555537,0.8433734939759037,0.43452454735756463,0.41535187821185243,0.13654618473895583,0.6,0.4042743576510775,0.39310278765505263,0.09714285714285714,0.037142857142857144,0.037142857142857144,0.2885714285714286,19.451428571428572,0.020080321285140562,0.0,0.02720127025579838,0.1322618639525033,4.4417670682730925,0.002800026783273106,0.0055844024958126015,0.15168001606996387,0.08032128514056225,0,0.15291186203443263,0.3027458044692921,1.9730543905582039,0.7330853982060426,0.0,0.9230769230769231,0.0,0.3,0.2,0.5005600053566546,0.2505600053566546
441,0.9854234801704004,0.5557240956280642,0.9536292577006561,0.5536970292844065,0.26107685272754566,0.5505650499553046,0.8835341365461847,0.43468518992784577,0.41547236013956323,0.13654618473895583,0.6285714285714286,0.40438864336536323,0.3931885019407669,0.09714285714285714,0.02857142857142857,0.02857142857142857,0.2885714285714286,19.457142857142856,0.020080321285140562,0.0,0.027210527184718166,0.1322529985083993,4.4417670682730925,0.0027160259797749126,0.00541732504316228,0.15162961558786495,0.08032128514056225,0,0.15314730272426044,0.30123207544694564,1.962164731318468,0.7296538542194326,0.0,0.9,0.0,0.3,0.2,0.500543205195955,0.25054320519595497
442,0.9849977296293075,0.5568987679611807,0.9533263666014214,0.5545418781632303,0.26107685272754566,0.5505527024121597,0.8514056224899599,0.4348458324981269,0.4155928420672741,0.13654618473895583,0.6057142857142858,0.4045029290796489,0.3932742162264812,0.09714285714285714,0.025714285714285714,0.025714285714285714,0.2885714285714286,19.46857142857143,0.020080321285140562,0.0,0.02721951149612128,0.1322443990276185,4.4417670682730925,0.002634545200381665,0.005255233093089617,0.151580727120229,0.08032128514056225,0,0.1532080026213713,0.29972591506971086,1.9486357224063844,0.7627502556114797,0.0,0.8888888888888888,0.0,0.3,0.2,0.5005269090400764,0.25052690904007635
443,0.9864466821079189,0.5562722616536854,0.9543571927933477,0.5546031893016027,0.26107685272754566,0.550727089476136,0.8433734939759037,0.4350867963535486,0.4157735649588403,0.13654618473895583,0.6,0.40467435765107745,0.39340278765505265,0.09714285714285714,0.025714285714285714,0.02857142857142857,0.2885714285714286,19.474285714285713,0.020080321285140562,0.0,0.02722823106953991,0.13223605753126105,4.4417670682730925,0.002555508844370215,0.005097978661524283,0.15153330530662212,0.08032128514056225,0,0.15446939403326443,0.2982272854943623,1.9382344365296853,0.7952660119973874,0.0,0.8,0.0,0.3,0.2,0.500511101768874,0.25051110176887403
444,0.9856597567911612,0.5563861064163531,0.9537973516394259,0.5545397303612192,0.26107685272754566,0.550929658576281,0.8554216867469879,0.4350867963535486,0.4157735649588403,0.13654618473895583,0.6085714285714285,0.40467435765107745,0.39340278765505265,0.09714285714285714,0.03142857142857143,0.03142857142857143,0.2885714285714286,19.485714285714284,0.020080321285140562,0.0,0.02723669356562968,0.1322279662797943,4.4417670682730925,0.0024788435790391084,0.004945418110839261,0.15148730614742345,0.08032128514056225,0,0.15398233277738382,0.2967361490668905,1.9308983192276628,0.7793606917574397,0.0,1.0,0.0,0.3,0.2,0.5004957687158078,0.2504957687158078
445,0.9852947528808013,0.5562484711768046,0.9535376774289128,0.5544203169948861,0.26107685272754566,0.5511016569009005,0.8594377510040161,0.43524743892382967,0.4158940468865512,0.13654618473895583,0.6114285714285714,0.40478864336536324,0.3934885019407669,0.09714285714285714,0.04857142857142857,0.05142857142857143,0.2885714285714286,19.497142857142858,0.020080321285140562,0.0,0.027244906431715114,0.1322201177658716,4.4417670682730925,0.002404478271667935,0.004797412024927561,0.15144268696300076,0.08032128514056225,0,0.1543549925420683,0.29525246832155605,1.9437089242716814,0.7637734779222909,0.0,0.9444444444444444,0.0,0.3,0.2,0.5004808956543336,0.25048089565433357
446,0.9857400602045449,0.5557101586226608,0.9538544817820905,0.5543357042145028,0.26107685272754566,0.5511001149558753,0.8875502008032129,0.43524743892382967,0.4158940468865512,0.13654618473895583,0.6314285714285715,0.40478864336536324,0.3934885019407669,0.09714285714285714,0.02857142857142857,0.02857142857142857,0.2885714285714286,19.5,0.020080321285140562,0.0,0.02725287690722801,0.13221250470736656,4.4417670682730925,0.002332343923517897,0.004653825087704844,0.15139940635411073,0.08032128514056225,0,0.15435251752589363,0.29377620597994825,1.933406174357676,0.7484980083638452,0.0,1.0,0.0,0.3,0.2,0.5004664687847036,0.2504664687847036
447,0.9855854738178788,0.5557802509187855,0.9536852631686165,0.5542924660971361,0.26107685272754566,0.5509882685290899,0.8669354838709677,0.4345775832756316,0.41635720372973845,0.13709677419354838,0.6142857142857143,0.40478864336536324,0.3934885019407669,0.09714285714285714,0.04,0.04,0.2914285714285714,19.51142857142857,0.016129032258064516,0.002857142857142857,0.027273130506386155,0.13220512004061669,4.42741935483871,0.0022623736058123597,0.00451452596495705,0.1513574241634874,0.08064516129032258,0,0.15471597229418516,0.2923073249500485,1.9347380508705223,0.7335280481965682,0.0,1.0,0.0,0.3,0.2,0.5004524747211625,0.2504524747211625
448,0.9842368754911094,0.5560320428757499,0.9527296849256485,0.5550451102220992,0.26107685272754566,0.5509270830245193,0.8790322580645161,0.4345775832756316,0.41635720372973845,0.13709677419354838,0.6228571428571429,0.40478864336536324,0.3934885019407669,0.09714285714285714,0.037142857142857144,0.037142857142857144,0.2914285714285714,19.52,0.016129032258064516,0.0,0.027280643053276092,0.13219795691386935,4.42741935483871,0.002194502397637989,0.0043793871894469705,0.15131670143858278,0.08064516129032258,0,0.1542558224327142,0.2908457883252982,1.9331861469959692,0.7188574872326369,0.0,1.0,0.0,0.3,0.2,0.5004389004795275,0.2504389004795276
449,0.98422995134568,0.5557170116991287,0.9527247786740299,0.5547792765079451,0.26107685272754566,0.5509632319898533,0.8709677419354839,0.4347388735982123,0.41647817147167393,0.13709677419354838,0.6171428571428571,0.40490292907964903,0.39357421622648114,0.09714285714285714,0.02,0.02,0.2914285714285714,19.525714285714287,0.016129032258064516,0.0,0.02728793355703689,0.13219100868092434,4.42741935483871,0.002128667325708849,0.004248285049200606,0.1512772003954253,0.08064516129032258,0,0.1540844004634078,0.3078214630055288,1.9145224240560499,0.7302628016456755,0.0,0.8571428571428571,0.0,0.3,0.2,0.5004257334651417,0.25042573346514174
