agent_id,punish_issued,punished_received,final_r,final_b,final_x,y,L,cap,service,is_enforcer,cadre_fallback,exited,exit_time,exit_intent,disengaged,exit_cost_eff_last,degree,degree_at_end,betweenness
0,697,8,1.0,1.0,1.0,0.4928018462220583,0.7122356911081807,2.0,72.49896730156489,True,False,False,-1,0,False,0.0,34,34,
1,0,51,0.23669116659139686,0.23213347015469804,0.9887078954279384,0.33079872821539863,0.22183436490818695,0.0,0.0,False,False,True,199,14,False,1.81,3,3,
2,0,11,0.3783966117053127,0.5802773064233636,1.0,0.47017517450623947,0.039277364933107836,0.0,0.0,False,False,False,-1,0,False,0.0,4,4,
3,0,116,0.1620813949117586,0.6558372069408155,0.5388246396663205,0.7128172885752541,0.11899088305323259,0.0,0.0,False,False,True,238,132,False,1.5699999999999998,0,0,
4,0,313,0.22356512643987828,0.4867761536280637,0.18904464219913614,0.6305417839440222,0.11845840219475069,0.0,0.0,False,False,True,209,159,False,2.32,3,3,
5,1,21,0.07403300998272613,0.3552392644016523,1.0,0.45382279168394596,0.07841637630439091,0.09845324652432641,0.18322737433628772,False,False,False,-1,0,False,0.0,5,5,
6,1,112,0.6153162699461415,0.1585017725836977,0.976763348065554,0.5989963083526036,0.2570274784638237,0.017641956117454373,0.00017928102259645766,False,False,True,181,84,False,2.05,2,2,
7,0,32,0.25947211174945284,0.3482764749059939,0.9901275507294772,0.9486564938762241,0.2230665571301356,0.0,0.0,False,False,True,62,29,False,3.46,5,5,
8,0,139,0.12803218488972765,0.36784984107866353,0.6867035631515278,0.33768627808370416,0.1400798836448442,0.0,0.0,False,False,True,202,141,False,1.87,3,3,
9,11,287,0.8646662564269314,0.6871642786365172,0.7284420593871122,0.48024785783677365,0.4162892539642223,0.19691152881113874,0.002114914273003372,False,False,True,226,194,False,1.8399999999999999,3,3,
10,2,67,0.45673954762412416,0.3153644057697559,0.9992854340138988,0.31208130347387003,0.4309257177098898,0.060449488965018235,0.005072748479805486,False,False,True,352,13,False,2.02,3,3,
11,0,55,0.30150167049343374,0.24196493509145242,0.6843857093506004,0.500071104416305,0.2919035500457374,0.0,0.0,False,False,True,102,43,False,1.9,2,2,
12,657,6,1.0,1.0,0.8985754546322059,0.5106303648841474,0.5482325792056085,1.98005,73.08201442485027,True,False,False,-1,0,False,2.38,27,27,
13,31,291,1.0,1.0,0.5284704277918125,0.3119317469791582,0.7888423204223873,0.24731739683065423,0.005803782327851343,False,False,True,212,185,False,2.08,4,4,
14,0,38,0.5471171279962236,0.09102337350895624,0.9814800654307702,0.40177290460167026,0.3478398871330985,0.0,0.0,False,False,True,138,26,False,1.75,3,3,
15,0,27,0.2346507095042296,0.17868557698801205,0.30685560584882937,0.26808766825446867,0.29664054964515885,0.0,0.0,False,False,True,60,28,False,2.23,2,2,
16,0,15,0.10718293582458228,0.25526858160584864,0.2885391266212454,0.29605132090369063,0.06721825630548331,0.0,0.0,False,False,True,19,13,False,1.63,2,2,
17,0,50,0.5244097186735651,0.4729615156488648,0.7441885123960267,0.5685004825839085,0.12961875030966777,0.0,0.0,False,False,True,81,37,False,1.3900000000000001,1,1,
18,1,62,0.17099992645448733,0.2124113584071542,0.8557602089156056,0.3419370507222156,0.3913946453537983,0.02530957915340001,0.0007678154925775988,False,False,True,202,59,False,1.51,2,2,
19,49,20,1.0,1.0,0.7907641512358077,0.5696263194388751,0.5265841728935181,0.248560197819753,0.008415224287819347,False,False,True,46,19,False,1.75,2,2,
20,0,81,0.19797706434060627,0.20552416875720153,0.8192401930124557,0.27998451577230765,0.48498204889106206,0.0,0.0,False,False,True,140,96,False,1.9,2,2,
21,2,5,0.37830003944965146,0.19137687841278694,1.0,0.4189693812313218,0.4603726043975789,0.0896365371062862,0.01676920678840557,False,False,False,-1,0,False,0.0,18,18,
22,0,28,0.45461617394143955,0.4626332156985156,0.6043271560098545,0.40801127348014576,0.151015408743377,0.0,0.0,False,False,True,53,25,False,2.11,2,2,
23,1,33,0.37744401432439634,0.5308412021736885,0.9761185424384365,0.4349294687933544,0.2827447098974872,0.03630973757430767,0.0032883604862583436,False,False,False,-1,0,False,0.0,22,22,
24,2,47,0.16300781453623497,0.15595487228417426,1.0,0.3977606619094584,0.44566737233960363,0.07025593771649634,0.006594305407374657,False,False,True,255,15,False,1.3599999999999999,1,1,
25,0,27,0.3387614724452966,0.18434436925536538,0.9554440734289219,0.43984867334807104,0.05286611491757641,0.0,0.0,False,False,False,-1,0,False,0.0,10,10,
26,53,26,1.0,1.0,0.9084433026855759,0.8206884307627994,0.6393055343778383,0.342574015379965,0.031159795451976294,False,False,True,119,28,False,1.48,1,1,
27,0,20,0.02268510779286427,0.36262626353004096,1.0,0.3236195037292289,0.25044360551231093,0.0,0.0,False,False,False,-1,0,False,0.0,13,13,
28,1,57,0.5340491879465995,0.16324900038518975,0.7086122678395661,0.2387787999505927,0.16182782309749913,0.01999722434217394,0.00029708616551980496,False,False,True,167,44,False,1.63,1,1,
29,0,77,0.3326483111405721,0.12098169305027376,0.894064176412833,0.4188809109343815,0.3831851188943747,0.0,0.0,False,False,True,144,86,False,1.8399999999999999,2,2,
30,1,1,0.5888714013896108,0.07812176939246702,1.0,0.4471289090631206,0.09312403447464042,0.14195318697201642,0.8007313507497957,False,False,False,-1,0,False,0.0,5,5,
31,0,59,0.1065611803250337,0.299679907888161,0.9712187384134837,0.5193758522690168,0.2388237037102911,0.0,0.0,False,False,True,143,48,False,1.69,2,2,
32,2,3,0.5622120322842581,0.22417488994663992,1.0,0.5064591707706421,0.09748062188811035,0.05521284202071029,0.0030703271309587524,False,False,False,-1,0,False,0.0,14,14,
33,0,49,0.46149331213717143,0.1576321271341163,0.8677504753191375,0.3835044494143508,0.2967373575222794,0.0,0.0,False,False,True,116,72,False,1.51,2,2,
34,1,38,0.2463298548306633,0.5214693090809444,0.9333363109974434,0.4246883266282949,0.0892846580097698,0.023358998335362365,0.0005557431033632705,False,False,False,-1,0,False,1.42,12,12,
35,0,36,0.3761067621045684,0.13851735474488966,0.9001821989376566,0.39171880012965843,0.16299760124597013,0.0,0.0,False,False,True,123,43,False,1.69,0,0,
36,2,1,0.45164466612238097,0.11647403749950726,1.0,0.38815035222293687,0.27119314081663864,0.10046364872409107,0.08034687330408331,False,False,False,-1,0,False,0.0,4,4,
37,147,25,1.0,1.0,0.8361757387812027,0.1490123977581784,0.5116626447809359,0.38830894906119945,0.08989818517836234,False,False,True,139,21,False,1.3,0,0,
38,514,7,1.0,1.0,1.0,0.46648476925423626,0.22007081690756494,1.1465472537771775,8.729328257405122,True,False,False,-1,0,False,0.0,5,5,
39,0,34,0.5439650908978535,0.8514177333266667,0.6393827288086782,0.28519583065345877,0.11064711471696677,0.0,0.0,False,False,True,92,21,False,1.48,2,2,
40,50,85,1.0,1.0,1.0,0.33466450689026817,0.3691628078476365,0.27893353367633167,0.013091913355783084,False,False,True,177,95,False,1.3900000000000001,1,1,
41,0,29,0.24597260572010976,0.3198893388556279,0.8583561028493374,0.12158972843894024,0.00792587120012687,0.0,0.0,False,False,True,125,24,False,1.33,1,1,
42,0,47,0.6914543660545597,0.12285529848574789,0.9322596972300841,0.412635276874034,0.12602845598854584,0.0,0.0,False,False,True,107,52,False,1.78,2,2,
43,0,56,0.02400142032692012,0.3249661660226529,1.0,0.3754711209019242,0.08602188246892464,0.0,0.0,False,False,True,305,39,False,1.15,1,1,
44,1,41,0.348322200580847,0.22776670966959733,0.945536911925867,0.050649702607304066,0.18098474008521714,0.019211194316343896,0.00025274992414486185,False,False,True,106,46,False,1.66,2,2,
45,0,19,0.09198124353951291,0.38622011514448584,0.9841710565175386,0.4379279830181976,0.24266804632143596,0.0,0.0,False,False,False,-1,0,False,0.0,7,7,
46,0,111,0.6093912815051964,0.04406532639473066,0.9441130768403697,0.3695288426911394,0.360375138779549,0.0,0.0,False,False,True,161,125,False,1.78,3,3,
47,1,47,0.20103234624308758,0.3544415776626298,0.9608831969016718,0.5470425946104065,0.15657361566405234,0.025436762968241218,0.0007834851965077539,False,False,True,237,35,False,1.24,1,1,
48,1,29,0.2080756609205132,0.36834546372181687,0.9898746346178438,0.35440162077504045,0.3797968100907872,0.04370882406947791,0.00694407847815876,False,False,False,-1,0,False,0.0,8,8,
49,4,25,0.260392402852715,0.24935068126775112,1.0,0.43698199248743114,0.17198042172930667,0.1383833029044472,0.02479366975432381,False,False,False,-1,0,False,0.0,8,8,
50,0,31,0.7326234115381832,0.4391668044144176,0.8161105954629838,0.48808195901003304,0.20290501317858964,0.0,0.0,False,False,True,135,31,False,1.51,2,2,
51,0,1,0.2187046034977788,0.15841163548790052,1.0,0.4320337488761985,0.5731613957378213,0.0,0.0,False,False,False,-1,0,False,0.0,6,6,
52,0,21,0.18772766061846108,0.5877916838035041,0.6376377326908444,0.5602310706051268,0.23991032049549468,0.0,0.0,False,False,True,71,25,False,1.48,1,1,
53,331,8,1.0,1.0,0.9552705129213869,0.39577374439736523,0.8321135271925978,0.6910717082259572,0.9291672592558945,True,False,False,-1,0,False,1.3,3,3,
54,1,43,0.2767795320881523,0.3983585258377163,1.0,0.374407358937619,0.4791863333943302,0.12649577040762494,0.5031373679776306,False,False,False,-1,0,False,0.0,7,7,
55,0,27,0.43155583295692923,0.2830043504563308,0.6794680001708792,0.33295347108130424,0.41787465971208704,0.0,0.0,False,False,True,71,27,False,1.78,2,2,
56,0,40,0.08612450249986983,0.16010775469531827,0.8189870432852124,0.091123804440251,0.10662291118896808,0.0,0.0,False,False,True,104,42,False,1.66,1,1,
57,0,69,0.2986127470107419,0.05751958143949444,0.9503355114038115,0.4301095068201194,0.0997009632625569,0.0,0.0,False,False,True,98,65,False,1.48,1,1,
58,534,3,1.0,1.0,1.0,0.5645226799093801,0.6472761799287035,0.9964103254292473,6.092738480323034,True,False,False,-1,0,False,0.0,5,5,
59,0,0,0.2293105743647517,0.2568844857955179,1.0,0.49297984692953617,0.17611845352882774,0.0,0.0,False,False,False,-1,0,False,0.0,12,12,
60,61,21,1.0,1.0,0.9787846249659674,0.6761920179013663,0.65671263541811,0.2693160858520268,0.013476190981968688,False,False,True,64,21,False,1.6,1,1,
61,1,15,0.3276651645809534,0.1877599860728431,0.5255821214621594,0.8296328075039425,0.2477603087387788,0.01611989434246016,0.00012462457295897575,False,False,True,50,12,False,1.42,1,1,
62,0,33,0.25466136427482644,0.2887590696300575,0.9317849313155505,0.4363279587884311,0.0406055663508708,0.0,0.0,False,False,True,262,16,False,1.21,1,1,
63,0,47,0.054867239281832396,0.3000297498102902,0.7762108186722004,0.7161272850860507,0.39027129227757207,0.0,0.0,False,False,True,112,53,False,1.48,1,1,
64,0,1,0.24366984831636895,0.15347371827125436,0.9819959118604736,0.4337716155349029,0.13847100224861103,0.0,0.0,False,False,False,-1,0,False,0.0,11,11,
65,0,64,0.6203993343340602,0.1308355643487204,0.8109499434267536,0.47821455907001853,0.1643653542211718,0.0,0.0,False,False,True,120,88,False,1.5699999999999998,2,2,
66,5,24,0.5199444993078027,0.20893596000830522,0.8965419545636663,0.41945408008220914,0.05294093663358619,0.2727254991933224,0.550357261970123,False,False,False,-1,0,False,0.0,15,15,
67,0,21,0.0665166852509835,0.1669585452063892,0.9603596872528519,0.712154443619231,0.18999656951053345,0.0,0.0,False,False,True,123,14,False,1.21,1,1,
68,0,6,0.08519416891251398,0.6782755720068602,0.9880840721101187,0.3834443824373569,0.10570863386198544,0.0,0.0,False,False,False,-1,0,False,0.0,8,8,
69,1,20,0.17962539709355305,0.297682994355728,1.0,0.5150451813580654,0.5327665913560152,0.01628231038858631,0.00012976319550080776,False,False,False,-1,0,False,0.0,7,7,
70,1,2,0.23963324938750538,0.13398392528978864,1.0,0.4760821644693589,0.038547646288974585,0.030012362158641448,0.0015260553905265396,False,False,False,-1,0,False,0.0,7,7,
71,2,5,0.3813677505742761,0.1960555509257499,1.0,0.43521882145202917,0.3121238533978556,0.05344154288281955,0.0026356548164410067,False,False,False,-1,0,False,0.0,3,3,
72,0,15,0.4174999733793404,0.2006161957078823,0.9470243791864029,0.6041588950224168,0.33553080739576896,0.0,0.0,False,False,True,97,12,False,1.3599999999999999,0,0,
73,0,2,0.09669449115516117,0.22968112085202086,0.9983143151773386,0.5017790620978068,0.26222452509800426,0.0,0.0,False,False,False,-1,0,False,0.0,2,2,
74,0,28,0.21373372838885893,0.6218939429333522,1.0,0.5011890529501511,0.1813087059061225,0.0,0.0,False,False,False,-1,0,False,0.0,7,7,
75,3,2,0.3831895873901777,0.13311551638516134,1.0,0.5099481999339177,0.30684303840693805,0.131719397698136,0.07469706425001313,False,False,False,-1,0,False,0.0,6,6,
76,1,17,0.21225509933963627,0.026838294235868483,0.9926631390270477,0.4584411698264742,0.3007054795928687,0.027560846424495803,0.0010824643048977804,False,False,False,-1,0,False,0.0,10,10,
77,2,0,0.3040437855297112,0.1524121451280404,0.995943399746292,0.4087734320346633,0.3869575524861508,0.10564156616574942,0.03029463025748488,False,False,False,-1,0,False,0.0,3,3,
78,4,17,0.3356703753900875,0.21832908283579483,1.0,0.4480954611022939,0.08440158956971083,0.16910646366326756,0.10408010807680577,False,False,False,-1,0,False,0.0,6,6,
79,0,109,0.22165191820662267,0.2920110268974715,0.7097466185126156,0.3363547591135937,0.11597806520362351,0.0,0.0,False,False,True,168,101,False,1.21,0,0,
80,0,4,0.12926573482821554,0.7333029106490978,1.0,0.575007644454785,0.2852629151019109,0.0,0.0,False,False,False,-1,0,False,0.0,7,7,
81,1,0,0.31404355480722546,0.6620165026888288,0.8498706595378624,0.4799015288186829,0.3599579496993151,0.14702242509375,0.9223681599999999,False,False,False,-1,0,False,0.0,3,3,
82,3,35,0.30643953483712466,0.274267389848044,1.0,0.46263972042431595,0.246508078137559,0.09251526260088437,0.007981039343182075,False,False,True,296,12,False,1.21,1,1,
83,0,52,0.2632793601267909,0.21907699060203267,0.9648778417198246,0.5745461010264786,0.06191273818398508,0.0,0.0,False,False,True,346,31,False,1.15,1,1,
84,3,18,0.5608660807655294,0.5317891232548985,1.0,0.41647589966958787,0.3560268288364509,0.14151953855116647,0.03327759387359389,False,False,False,-1,0,False,0.0,5,5,
85,0,0,0.42760690179078636,0.03541457415026204,1.0,0.44296848892654905,0.22483607663678262,0.0,0.0,False,False,False,-1,0,False,0.0,2,2,
86,1,20,0.284989372493542,0.5572524119292159,0.8077071624887866,0.12749589319346674,0.4350174354397492,0.020504742280531712,0.0003286639344636494,False,False,True,110,26,False,1.21,1,1,
87,0,1,0.3621911863174009,0.14348152291229055,1.0,0.46114991269824906,0.39536327102546426,0.0,0.0,False,False,False,-1,0,False,0.0,9,9,
88,294,0,1.0,1.0,0.8792875806826992,0.39487626843392476,0.20353935933372339,0.521934056225337,0.30609566036386754,False,False,False,-1,0,False,0.0,0,0,
89,0,22,0.04948050360146234,0.1816297898737156,0.9643834616328929,0.496155699731982,0.06807844395518076,0.0,0.0,False,False,False,-1,0,False,0.0,7,7,
90,0,69,0.8372905283983284,0.11973208268432071,0.5269901732762432,0.13866945418744941,0.09099690412125702,0.0,0.0,False,False,True,81,60,False,1.48,1,1,
91,1,27,0.1839667957659575,0.6703985115937443,0.9060921957652236,0.45406135576218304,0.34102112410364527,0.10455699012532417,0.23349492727035415,False,False,False,-1,0,False,0.0,4,4,
92,0,213,0.19773853729111032,0.28617432374161383,0.9634609403049134,0.48818539247614695,0.05455555530010068,0.0,0.0,False,False,True,291,230,False,1.45,1,1,
93,0,0,0.13734232951962974,0.22444015544085796,1.0,0.48204706310596335,0.5242742430727252,0.0,0.0,False,False,False,-1,0,False,0.0,4,4,
94,1,35,0.2755157379962533,0.18289161080717797,0.9645017325040018,0.5510828137658228,0.27853685691143426,0.019115138344762177,0.00024769492566196463,False,False,True,144,31,False,1.54,2,2,
95,0,24,0.2703818648399431,0.3506370854585455,0.7096071928072414,0.758809557417163,0.444431929577242,0.0,0.0,False,False,True,74,26,False,1.3599999999999999,1,1,
96,0,25,0.3941682237772941,0.4463491973072103,1.0,0.40057813191952296,0.22128648476256835,0.0,0.0,False,False,False,-1,0,False,0.0,2,2,
97,0,16,0.4640214946256314,0.014074329075692392,0.9458145293482371,0.5465612676886055,0.2287041737509307,0.0,0.0,False,False,True,113,12,False,1.27,1,1,
98,0,450,0.2999850212148783,0.2591546222823749,1.0,0.45734105037673367,0.46108428854029254,0.0,0.0,False,False,True,313,282,False,1.33,0,0,
99,0,32,0.3884358928851357,0.2549382874372441,0.9584789918947886,0.5091921388295985,0.11546528503005464,0.0,0.0,False,False,True,193,22,False,1.18,1,1,
100,1,1,0.4711164114608769,0.3663391397219347,1.0,0.4835967368624929,0.4597644453129687,0.035411026295526046,0.0029724174309042773,False,False,False,-1,0,False,0.0,7,7,
101,3,12,0.5768366610060028,0.29763998545117465,0.951099178223951,0.3763321282305465,0.19000388199605436,0.2157501277723192,0.5636225685358569,False,False,False,-1,0,False,0.0,3,3,
102,1,26,0.13320812339459834,0.2661024042185973,0.9975219164546617,0.4295339115593339,0.15526187581951814,0.12091598863895926,0.41948965459540316,False,False,False,-1,0,False,0.0,4,4,
103,0,92,0.1708497723350578,0.5655249285643283,0.7484145739524022,0.21295904388623635,0.09465475933242012,0.0,0.0,False,False,True,263,67,False,1.33,1,1,
104,2,1,0.6166382962384747,0.22214031193667189,0.9496768456198236,0.4746619331508269,0.3064512164915384,0.08293803501750652,0.01123874440395906,False,False,False,-1,0,False,0.0,4,4,
105,0,28,0.13832773459857092,0.3520022536465636,0.9897044549030968,0.5667385476732797,0.4017332600687679,0.0,0.0,False,False,True,104,28,False,1.3,0,0,
106,0,1,0.283307317989785,0.31614871890149765,1.0,0.5350654143754453,0.08278504118967893,0.0,0.0,False,False,False,-1,0,False,0.0,2,2,
107,0,0,0.07446990555621051,0.6927734068317251,1.0,0.3832871914839989,0.1612051461770355,0.0,0.0,False,False,False,-1,0,False,0.0,12,12,
108,0,13,0.48959398188710945,0.2743084000682446,0.9397266184976497,0.19601441920932902,0.17602563099467916,0.0,0.0,False,False,True,47,12,False,1.3900000000000001,1,1,
109,1,4,0.32351049570616774,0.20351196950887718,0.9954812059015256,0.4445704353996031,0.42944350939511866,0.023125992326967125,0.0005337356764700849,False,False,False,-1,0,False,0.0,4,4,
110,2,1,0.16697397431092154,0.3876436012676141,0.981820668140072,0.37878146765446247,0.26033148470578865,0.11729661796229204,0.11883186768340867,False,False,False,-1,0,False,0.0,2,2,
111,0,23,0.4212285356602438,0.1857175555270265,0.9578728836680793,0.23279602627604581,0.19548106541136726,0.0,0.0,False,False,True,81,26,False,1.18,1,1,
112,1,18,0.26401662837024253,0.5752208313932482,0.7896080683711172,0.3284661359632273,0.4821619582629226,0.021236979600890597,0.00037859033270738236,False,False,True,109,20,False,1.24,0,0,
113,466,4,1.0,1.0,1.0,0.48010114719549996,0.6185477568898495,0.9335514740318087,4.042862854988084,True,False,False,-1,0,False,0.0,1,1,
114,327,2,1.0,1.0,0.9991058357207954,0.41111283161383605,0.395263786165427,0.5115734045684447,0.39447571144775895,False,False,False,-1,0,False,0.0,2,2,
115,3,11,0.38356896654778877,0.26232396459539514,0.9810944600734596,0.4433924219814383,0.2101650846462274,0.23932940732341612,0.529715943369831,False,False,False,-1,0,False,0.0,4,4,
116,1,0,0.2311071732334736,0.2586929611103987,1.0,0.4132478307655719,0.43824061717229934,0.11385725262304361,0.3291805473947476,False,False,False,-1,0,False,0.0,3,3,
117,2,19,0.27054842762795817,0.38691446580077593,1.0,0.4862436393326691,0.28803481731647557,0.14625331057296787,0.27816567293109723,False,False,False,-1,0,False,0.0,5,5,
118,4,1,0.5904777686811816,0.1970247010261441,0.9836745821093967,0.433856682442739,0.4696736286324215,0.2691224767071318,0.7439592485655093,False,False,False,-1,0,False,0.0,5,5,
119,0,2,0.2175280800407352,0.07557817246189817,1.0,0.48011955758907093,0.10236395110426798,0.0,0.0,False,False,False,-1,0,False,0.0,9,9,
120,0,50,0.6398452292341497,0.3899046113304275,0.9928465574136199,0.6937182817944584,0.3200129252324162,0.0,0.0,False,False,True,291,41,False,1.18,1,1,
121,0,0,0.3513397307872739,0.3691731686783178,1.0,0.4893586654099945,0.1893091768694442,0.0,0.0,False,False,False,-1,0,False,0.0,8,8,
122,0,15,0.41515667249117594,0.4318219073978749,0.9432333640249277,0.5602786015549618,0.09627991805659139,0.0,0.0,False,False,True,110,14,False,1.3599999999999999,1,1,
123,0,43,0.34431130657295345,0.6224071519285973,0.849723659296326,0.561598560941643,0.19746265585063716,0.0,0.0,False,False,True,85,47,False,1.3900000000000001,1,1,
124,1,22,0.3520418913430203,0.4180160663501106,0.7724618982737167,0.32593324933980866,0.3630407201564839,0.018180601724958032,0.00020238478816242368,False,False,True,73,22,False,1.42,0,0,
125,4,0,0.3226824944129869,0.2667240506362258,0.9933396368627533,0.43100663244386056,0.2089447710088036,0.15241057960939652,0.018519558627987417,False,False,False,-1,0,False,0.0,2,2,
126,0,0,0.3836570755951912,0.13260629506383853,1.0,0.392440844378015,0.3003346837906741,0.0,0.0,False,False,False,-1,0,False,0.0,2,2,
127,0,26,0.21074248824485445,0.47479360859338643,1.0,0.41697426236019447,0.29474585060856656,0.0,0.0,False,False,False,-1,0,False,0.0,2,2,
128,3,0,0.2769300507085254,0.08819058655499933,0.9904716417582544,0.49210737885623895,0.19775688878684175,0.08879081140505568,0.012510237549688797,False,False,False,-1,0,False,0.0,2,2,
129,0,85,0.25403922430327125,0.25721820927887523,0.5979288622713457,0.9041428832509905,0.3227716900173912,0.0,0.0,False,False,True,189,97,False,1.24,1,1,
130,532,0,1.0,1.0,0.9700287342880853,0.47280031813153034,0.7036991731455616,0.9058926864694868,2.8343591974194022,True,False,False,-1,0,False,0.0,3,3,
131,1,19,0.2095942035656535,0.4306614743178906,1.0,0.48670520844795984,0.16181712265603265,0.13366635836703128,0.6283472821521205,False,False,False,-1,0,False,0.0,10,10,
132,0,31,0.09423801793427361,0.5518935517381539,0.9761816694461138,0.5821980961392249,0.5166615011375395,0.0,0.0,False,False,True,269,17,False,1.12,0,0,
133,3,1,0.5237673882545218,0.06743374556509572,0.9753209858148097,0.5011594827438992,0.24384542985664162,0.18549518248548566,0.0938772240627808,False,False,False,-1,0,False,0.0,4,4,
134,0,1,0.21664269364759756,0.15105689520028243,1.0,0.441660825642375,0.019481489032317664,0.0,0.0,False,False,False,-1,0,False,0.0,1,1,
135,0,0,0.45744659733715476,0.5466187723339371,0.9917902647603942,0.3565927528788816,0.24421435633031027,0.0,0.0,False,False,False,-1,0,False,0.0,5,5,
136,0,41,0.06462493317790023,0.5114385621782024,0.9918672040718616,0.43841277812465246,0.11484324849093072,0.0,0.0,False,False,False,-1,0,False,1.18,6,6,
137,0,43,0.24740846675330516,0.10526437080944823,1.0,0.6704321783493659,0.10608552544332073,0.0,0.0,False,False,True,241,23,False,1.12,0,0,
138,3,13,0.24657905305569358,0.3476278413490985,1.0,0.47722512967724856,0.1667124025142187,0.08557174907046651,0.00497648873897348,False,False,False,-1,0,False,0.0,6,6,
139,1,17,0.4221089492216898,0.1669625329574424,0.9153546847951713,0.4394071430503803,0.2744555938214675,0.0797626240415686,0.07843059997219594,False,False,False,-1,0,False,0.0,7,7,
140,338,0,1.0,1.0,0.9216010000712509,0.5356372685049587,0.6130957334906283,0.6066290630745164,0.5331351024654017,True,False,False,-1,0,False,0.0,1,1,
141,0,64,0.33544906451746664,0.14562224225892498,0.8259521546722998,0.6567540329351093,0.146200825039085,0.0,0.0,False,False,True,149,69,False,1.21,0,0,
142,0,17,0.27688118037448955,0.23439299428596028,1.0,0.4066933228905247,0.34447116871534295,0.0,0.0,False,False,False,-1,0,False,0.0,8,8,
143,1,0,0.3036025562767339,0.4013364879952375,0.9891429457428216,0.37667701614953863,0.20925864943517436,0.07072181061325282,0.04829602124348771,False,False,False,-1,0,False,0.0,3,3,
144,587,2,1.0,1.0,1.0,0.4938702283407952,0.5497083790414845,1.7207683838293923,39.192254179056015,True,False,False,-1,0,False,0.0,2,2,
145,0,0,0.16188917821828172,0.5887737959591723,0.9510760380077431,0.5507227905545945,0.5721906895869818,0.0,0.0,False,False,False,-1,0,False,0.0,7,7,
146,1,65,0.472936396465897,0.12008632804459725,0.9558514862416618,0.35309892522129643,0.10088657325097442,0.033849030994838845,0.0024782463811330903,False,False,True,303,45,False,1.09,0,0,
147,376,1,1.0,1.0,0.9803765849943799,0.39988221425310483,0.3939943666546278,0.7872687528188506,1.490058237312343,True,False,False,-1,0,False,0.0,0,0,
148,0,55,0.27756162231034903,0.4972143876742336,0.5704021260640983,0.7121704611815545,0.13898217428549478,0.0,0.0,False,False,True,112,44,False,1.15,1,1,
149,0,41,0.2819404896743474,0.6020562640128734,0.7764127323504147,0.6953074055126434,0.12108505083482714,0.0,0.0,False,False,True,122,32,False,1.27,1,1,
150,1,5,0.4540067420272618,0.41554239827428213,0.9610147512283915,0.37998979316691,0.44305404244501095,0.06146100136383191,0.027430989459478975,False,False,False,-1,0,False,0.0,3,3,
151,0,43,0.22306228968100567,0.3721317295204765,0.9789020643549355,0.3577525586030178,0.17395864849638112,0.0,0.0,False,False,True,164,25,False,1.24,1,1,
152,1,39,0.3872508536629318,0.15132328941139406,0.8567719891938578,0.41560341468177253,0.1792906360834517,0.02480717136823393,0.0007082085631082935,False,False,True,175,39,False,1.09,0,0,
153,1,19,0.20970560447964187,0.47727730292079906,0.9903239123155201,0.49413651225738325,0.366262861432953,0.01989723822046307,0.00029114444220940886,False,False,False,-1,0,False,0.0,8,8,
154,3,0,0.25103033237284744,0.653466179233178,0.9995938990015324,0.42393664958923066,0.18306820654020278,0.2067243845221158,0.6375919235778408,False,False,False,-1,0,False,0.0,6,6,
155,0,103,0.2168847680503887,0.1446571205342597,0.9540244040583511,0.28732104692420013,0.4209219854147409,0.0,0.0,False,False,True,116,70,False,1.6,2,2,
156,1,15,0.44693487539039795,0.21335746380883636,0.9457138065730332,0.3287891217755558,0.19029773252375284,0.01603929487074786,0.00012213208149979623,False,False,True,69,12,False,1.27,1,1,
157,0,31,0.03182583462807015,0.29821554453841836,0.9139245929952534,0.5243373193234108,0.2459167132834503,0.0,0.0,False,False,False,-1,0,False,0.0,8,8,
158,1,0,0.5513235352200843,0.5815836636860693,0.9862365386702422,0.3966565995412694,0.2872236705465363,0.10829078639677735,0.2689644738326056,False,False,False,-1,0,False,0.0,3,3,
159,1,0,0.1150550582911742,0.2941619256732883,1.0,0.43940217436436446,0.0954276764362406,0.12777027894005197,0.5238831403348924,False,False,False,-1,0,False,0.0,4,4,
160,0,21,0.2476311575617758,0.23926069359590865,0.9915058655009004,0.4641952355078201,0.2133234283122478,0.0,0.0,False,False,False,-1,0,False,0.0,2,2,
161,0,13,0.2867978308436855,0.17873850367649696,1.0,0.4856262589121988,0.33787960373080245,0.0,0.0,False,False,False,-1,0,False,0.0,6,6,
162,0,83,0.15098358487225905,0.36266201531748604,0.6756094803606914,0.48286062115080153,0.2581398305828064,0.0,0.0,False,False,True,237,94,False,1.24,1,1,
163,1,1,0.3738874704025402,0.13633565435483058,0.9915825668711937,0.5110039702717825,0.29596297090859197,0.05476845489263037,0.017236187673607083,False,False,False,-1,0,False,0.0,6,6,
164,5,1,0.3038918212571081,0.31798077980582323,1.0,0.4320527638381745,0.22844100158950467,0.38369866037385764,1.7870732508326146,False,False,False,-1,0,False,0.0,5,5,
165,1,0,0.3419011114171688,0.3709535856225086,0.8817941851510995,0.3974266722450103,0.2142583896435991,0.0728810945604476,0.054519881060988006,False,False,False,-1,0,False,0.0,7,7,
166,0,0,0.1839202904174091,0.11109835288569511,1.0,0.41562010509320013,0.5110651115372474,0.0,0.0,False,False,False,-1,0,False,0.0,6,6,
167,0,47,0.5127090908294499,0.15433247077420903,0.9716337283753239,0.49331596819351736,0.4945641011999279,0.0,0.0,False,False,True,308,16,False,1.21,1,1,
168,3,2,0.16517234589651503,0.48306124997748934,1.0,0.3939247858281483,0.4820162222930724,0.11783405376762451,0.025260699208894056,False,False,False,-1,0,False,0.0,4,4,
169,0,52,0.305606845555548,0.3902596399438839,0.8597778947977802,0.3809691023473462,0.18937587611756196,0.0,0.0,False,False,True,213,28,False,1.18,1,1,
170,1,0,0.5781916904786576,0.036641036078586715,1.0,0.4863139066830905,0.2839699666272732,0.06592900195326631,0.03639790721545518,False,False,False,-1,0,False,0.0,3,3,
171,0,49,0.1321590057076309,0.2535155593632764,0.9479605078089376,0.6096772939022719,0.12551181198909786,0.0,0.0,False,False,True,255,38,False,1.18,1,1,
172,1,7,0.2601579719784549,0.07407149924297192,1.0,0.4275583754283055,0.018206216476085623,0.12460780522231983,0.4735488656416021,False,False,False,-1,0,False,0.0,6,6,
173,2,58,0.21700443264630342,0.636058783612835,1.0,0.3821327136441953,0.2440547074916293,0.11365147810266005,0.0420875712218263,False,False,True,343,22,False,1.09,0,0,
174,0,0,0.2336821121460721,0.2645589334073781,0.9665139309928594,0.46155872264156816,0.3715034875459244,0.0,0.0,False,False,False,-1,0,False,0.0,5,5,
175,0,21,0.37585529457977734,0.490542359327125,0.9726227456409403,0.48304058421495194,0.1912098765756089,0.0,0.0,False,False,False,-1,0,False,0.0,4,4,
176,0,21,0.30729304886174375,0.5689388688760529,0.9958475966440588,0.5054453365690684,0.08793209289015119,0.0,0.0,False,False,False,-1,0,False,0.0,5,5,
177,1,11,0.3341866794988158,0.28369118272153016,0.9559415642378628,0.463412845513531,0.08487106938251844,0.040746682281796315,0.005233348786033648,False,False,False,-1,0,False,0.0,6,6,
178,2,35,0.506105030484783,0.4335257542293734,0.9316805080191752,0.7437239315282187,0.2826654074198156,0.05452080891757879,0.002672172220620327,False,False,True,210,30,False,1.15,1,1,
179,2,85,0.3253477990062225,0.13079387954431615,0.8835612341687031,0.41975670576615665,0.06291673809941323,0.06664909606715429,0.009326834291370633,False,False,True,297,69,False,1.18,1,1,
180,0,0,0.08742210625198638,0.4164264068284533,0.9568537705416469,0.5888489093170216,0.14737605864112882,0.0,0.0,False,False,False,-1,0,False,0.0,3,3,
181,1,41,0.0663101259818656,0.5829546068423325,0.941137264308314,0.6604099108064162,0.479574027426604,0.019797752029360755,0.00028532155336522067,False,False,True,310,15,False,1.15,1,1,
182,0,55,0.35409264098874615,0.7825761723679805,0.9125820241125338,0.22582832826855836,0.1883460347617067,0.0,0.0,False,False,True,167,27,False,1.24,1,1,
183,0,24,0.4113664969035008,0.5074523345722679,1.0,0.4729021926189899,0.45419439062467876,0.0,0.0,False,False,True,100,17,False,1.21,1,1,
184,0,0,0.18135585543032762,0.11821612854278185,0.9726216199860921,0.47397376622647375,0.27640283690797096,0.0,0.0,False,False,False,-1,0,False,0.0,5,5,
185,1,16,0.12168419719142724,0.37671398843121107,1.0,0.47712785642187416,0.2090167800391239,0.07036820156018656,0.04733010081861796,False,False,False,-1,0,False,0.0,7,7,
186,0,61,0.21254954598428644,0.4300524810838611,0.8935140331560987,0.31985711238515774,0.0688880785251837,0.0,0.0,False,False,True,347,23,False,1.24,0,0,
187,1,58,0.4153908905286812,0.5590352679996091,0.35550551758908017,0.5419898774359398,0.15488764538241379,0.025057116101344847,0.0007374099990715259,False,False,True,256,22,False,1.27,1,1,
188,1,17,0.22146293538951028,0.08731332632667743,1.0,0.48796939397673256,0.09809491139284213,0.018642014836481455,0.00022389659456767983,False,False,False,-1,0,False,0.0,2,2,
189,0,25,0.3592924927716518,0.34258041816940543,0.9986780378685349,0.5248917973522871,0.08768064255105533,0.0,0.0,False,False,True,136,13,False,1.27,0,0,
190,1,0,0.3143605862703602,0.28675344391813384,0.9970105493671922,0.4060256864890455,0.33640718691280475,0.02232862306964447,0.0004633495687483912,False,False,False,-1,0,False,0.0,4,4,
191,0,0,0.12822712879180387,0.8556777342711358,1.0,0.45977111691533,0.2597028655885802,0.0,0.0,False,False,False,-1,0,False,0.0,3,3,
192,1,53,0.2940319622709471,0.661771622264354,0.984382735247247,0.4480904273805263,0.04862412993086243,0.05816390012058259,0.021964853242292012,False,False,False,-1,0,False,1.15,5,5,
193,0,2,0.19854375437670824,0.19349042309718242,0.9774880554820204,0.3796140354858329,0.35706066138586307,0.0,0.0,False,False,False,-1,0,False,0.0,3,3,
194,1,1,0.15320567869378104,0.6059372761283699,1.0,0.4127819303657439,0.11725712036310135,0.09041123764624108,0.12996716477685794,False,False,False,-1,0,False,0.0,2,2,
195,0,40,0.3639569139729217,0.2164307783316333,0.9133226049928367,0.46257983430562777,0.3388567187345904,0.0,0.0,False,False,True,163,30,False,1.3599999999999999,1,1,
196,3,0,0.5691316724650602,0.468647507426614,1.0,0.5395441917207828,0.32579516297351513,0.14288060354189908,0.03178158224642602,False,False,False,-1,0,False,0.0,1,1,
197,1,0,0.1528037387454629,0.31923949101110305,1.0,0.4829447797870535,0.2961211838300378,0.08861652942985139,0.11987757463564727,False,False,False,-1,0,False,0.0,1,1,
198,1,49,0.23315417206737313,0.4599982240990228,0.9231414609924912,0.34356067112374333,0.05914414443459427,0.018642014836481455,0.00022389659456767983,False,False,True,341,24,False,1.24,1,1,
199,1,3,0.2176364219451186,0.3351505114560709,0.9315259416721565,0.4663177206021645,0.22660006938563967,0.03187301957669187,0.0019447213808103825,False,False,False,-1,0,False,0.0,1,1,
200,0,3,0.2733579526192235,0.3909658969368766,1.0,0.43832192772402334,0.24387099838272042,0.0,0.0,False,False,False,-1,0,False,0.0,7,7,
201,2,2,0.4800981616412805,0.46522365186537956,1.0,0.3843827217904989,0.3550792402280358,0.05239286272454323,0.0023342435925970293,False,False,False,-1,0,False,0.0,5,5,
202,0,87,0.1395259555092023,0.358900921389338,0.9573447312385455,0.4461813027832676,0.023030125570873406,0.0,0.0,False,False,True,113,67,False,1.27,1,1,
203,0,2,0.13984709867086817,0.35305178089363903,1.0,0.4677312560454845,0.39322046183340387,0.0,0.0,False,False,False,-1,0,False,0.0,4,4,
204,331,0,1.0,1.0,1.0,0.5376846073318873,0.5813705409970957,0.6945444303778464,0.9475732002341121,True,False,False,-1,0,False,0.0,0,0,
205,1,2,0.25897810579190095,0.16155157920776292,0.979566184548827,0.48306337001320415,0.18657600124619664,0.09086556547360912,0.132619555894753,False,False,False,-1,0,False,0.0,4,4,
206,0,16,0.1581247913345193,0.3357338544727992,1.0,0.506044824983958,0.025276057304269076,0.0,0.0,False,False,False,-1,0,False,0.0,5,5,
207,2,9,0.5747131461364575,0.3377838744904088,1.0,0.4711008105105535,0.2633194404604425,0.2557143358024695,1.2187134806688342,False,False,False,-1,0,False,0.0,4,4,
208,0,42,0.16847530992900428,0.2098934392498795,0.8541210014901951,0.20698272817688432,0.3647804830292874,0.0,0.0,False,False,True,122,42,False,1.21,1,1,
209,311,0,1.0,1.0,1.0,0.5517006265158343,0.578155027885565,1.0115071967795823,2.728167864303393,True,False,False,-1,0,False,0.0,0,0,
210,1,15,0.14896741951039288,0.051156572954154794,0.9839503125130298,0.47453537598638945,0.15430835158473877,0.01611989434246016,0.00012462457295897575,False,False,False,-1,0,False,0.0,7,7,
211,1,0,0.4032467729285941,0.17920677426752557,1.0,0.46298906865087086,0.2102967659315983,0.021995365579252142,0.00043610090730943584,False,False,False,-1,0,False,0.0,3,3,
212,2,46,0.4072285164726136,0.04757307983244122,0.9819227123486184,0.41358127979105047,0.44900351729864957,0.08169208484960813,0.014056359288711724,False,False,False,-1,1,False,1.24,8,8,
213,281,2,1.0,1.0,1.0,0.4703333717968329,0.5302364120163886,0.47451961535043347,0.24295777782856384,True,False,False,-1,0,False,0.0,0,0,
214,0,0,0.16659703189034733,0.031146365673299415,0.9763600562770484,0.5108904664224136,0.25362459342959204,0.0,0.0,False,False,False,-1,0,False,0.0,3,3,
215,1,81,0.31712377366711225,0.5727462272379762,0.999570047712691,0.6033986577687676,0.11682607611729315,0.02647751343506407,0.0009209206038717272,False,False,True,389,42,False,1.15,1,1,
216,0,19,0.03492142156038513,0.19235947379163407,1.0,0.49747193101195736,0.14631523176704675,0.0,0.0,False,False,False,-1,0,False,0.0,2,2,
217,0,36,0.6461111486918998,0.256296965891468,0.9676845217587138,0.47266000344556,0.14509555653748557,0.0,0.0,False,False,True,279,12,False,1.12,0,0,
218,0,55,0.22337836094816743,0.6255224391851829,0.9437752685533333,0.42895467195393006,0.08707322430274571,0.0,0.0,False,False,True,360,26,False,1.12,0,0,
219,0,0,0.3770925190958524,0.07366831554757018,1.0,0.49381267959024805,0.481121626639869,0.0,0.0,False,False,False,-1,0,False,0.0,4,4,
220,1,1,0.1364293004117579,0.31111020418406465,0.9466961140687508,0.3945300174572809,0.13257693928131406,0.03187301957669187,0.0019447213808103825,False,False,False,-1,0,False,0.0,5,5,
221,0,3,0.11768277935012299,0.34543677393487765,0.9915788999007122,0.43083863086688406,0.1684659628014617,0.0,0.0,False,False,False,-1,0,False,0.0,4,4,
222,2,0,0.23167293517872709,0.4345671348970244,0.995355370817076,0.4664872224793765,0.09530420123715855,0.08297618353276427,0.013705557421206067,False,False,False,-1,0,False,0.0,5,5,
223,1,5,0.20078399403666208,0.26258717363769,1.0,0.5050847203559293,0.4635751052345309,0.04904991570443499,0.011051338448341731,False,False,False,-1,0,False,0.0,3,3,
224,1,1,0.18707982072935195,0.6425286209680897,0.9382047790807343,0.3680477561012351,0.20877324253408017,0.018456060738487552,0.0002150302894227997,False,False,False,-1,0,False,0.0,5,5,
225,1,1,0.39872699620853996,0.24432401909037704,1.0,0.5158541174033873,0.10412282833691891,0.021995365579252142,0.00043610090730943584,False,False,False,-1,0,False,0.0,3,3,
226,1,2,0.36813492636874534,0.04079602016656177,1.0,0.40102814336618764,0.2561975729281265,0.14925,0.98,False,False,False,-1,0,False,0.0,3,3,
227,0,1,0.11990399561132034,0.3704526781228526,0.9215557405514575,0.489884834246981,0.020846374602269544,0.0,0.0,False,False,False,-1,0,False,0.0,6,6,
228,1,2,0.31932934254609474,0.40168006882290463,1.0,0.47414802380022647,0.0628088377162758,0.0478358691314833,0.009989534655931531,False,False,False,-1,0,False,0.0,3,3,
229,0,3,0.09537688619380688,0.10356522136326642,1.0,0.42835459778404833,0.27843248677289856,0.0,0.0,False,False,False,-1,0,False,0.0,3,3,
230,2,28,0.27664684906736914,0.4690023246266548,0.9832324300213602,0.4453184174822972,0.046906802324770853,0.04190289883984945,0.0008387417280306573,False,False,False,-1,0,False,0.0,3,3,
231,2,1,0.3987344407190452,0.20515752099728551,0.9789456969778881,0.47203504490658643,0.18995081625891955,0.06885783234463813,0.006713416411820408,False,False,False,-1,0,False,0.0,5,5,
232,1,0,0.1690707708016596,0.165969049807007,0.9822024366684077,0.42229864690305263,0.5289527698886648,0.11385725262304361,0.3291805473947476,False,False,False,-1,0,False,0.0,6,6,
233,3,0,0.1036879997206282,0.3409301996524593,0.9722909682518704,0.4060787699262862,0.3068873409208234,0.15893006662551382,0.08983001264022362,False,False,False,-1,0,False,0.0,4,4,
234,0,0,0.0470331705638277,0.23542710042024312,1.0,0.5188333806055291,0.15073641530987397,0.0,0.0,False,False,False,-1,0,False,0.0,4,4,
235,1,22,0.42777088252539025,0.11849621567936346,0.9468980876599888,0.5123630124819356,0.46526148734985895,0.07662739805405787,0.06672585429524831,False,False,False,-1,0,False,1.24,3,3,
236,0,1,0.4335766883459636,0.4425780979069205,1.0,0.5011182378269092,0.049251081364924384,0.0,0.0,False,False,False,-1,0,False,0.0,6,6,
237,0,52,0.3523427835833821,0.18646673561904603,0.8872251861892598,0.23711253223739226,0.23975904446575624,0.0,0.0,False,False,True,158,41,False,1.12,0,0,
238,0,28,0.1440055745009891,0.38163368267003905,1.0,0.43649716285907125,0.03475757378027345,0.0,0.0,False,False,True,171,14,False,1.15,0,0,
239,0,65,0.12521803009198204,0.4551847360573245,1.0,0.4491974475754508,0.2350822306464207,0.0,0.0,False,False,True,304,26,False,1.06,0,0,
240,0,0,0.1175192107950252,0.23866361247678675,0.9993537344980192,0.4171398984567848,0.39439583721207216,0.0,0.0,False,False,False,-1,0,False,0.0,5,5,
241,13,96,0.5995464775615159,0.47882274362942767,0.4313470854141631,0.2537402859292326,0.5535888805503326,0.21844381628887996,0.00193031659649899,False,False,True,164,98,False,1.21,1,1,
242,1,37,0.13496347990867108,0.5315054380881151,0.9278124520916319,0.4758345879646636,0.1952472694792719,0.02530957915340001,0.0007678154925775988,False,False,True,165,23,False,1.21,0,0,
243,0,2,0.17817846910423588,0.12514497785861303,0.9733787179173506,0.41169167051028904,0.24947381656235215,0.0,0.0,False,False,False,-1,0,False,0.0,4,4,
244,2,1,0.39604655769878466,0.3426112000998715,1.0,0.472840981502417,0.23478460240542215,0.138203002072658,0.15194376200852383,False,False,False,-1,0,False,0.0,4,4,
245,1,0,0.21251553598276807,0.27671372407755346,1.0,0.3968668310921171,0.19247434941217226,0.04115722560722842,0.005449134512738076,False,False,False,-1,0,False,0.0,2,2,
246,0,20,0.2003442894218212,0.27131128802251353,0.6064407648387027,0.3219118702917047,0.3325415017737734,0.0,0.0,False,False,True,102,21,False,1.27,0,0,
247,0,2,0.3641521771425007,0.6407080717975411,1.0,0.39827016916268854,0.2983022597045662,0.0,0.0,False,False,False,-1,0,False,0.0,0,0,
248,1,1,0.16438606913843942,0.8604981358532701,1.0,0.4384730993676095,0.09050702635555441,0.03351138691066533,0.0023801078244402194,False,False,False,-1,0,False,0.0,6,6,
249,0,63,0.4034890273386477,0.06887757557328016,0.7263446640465591,0.6488285806528217,0.13166240775478577,0.0,0.0,False,False,True,137,78,False,1.18,1,1,
250,1,0,0.27347208592800204,0.23699179758211947,1.0,0.5068553776798705,0.2027215865807979,0.0347080997401786,0.0027416631964951054,False,False,False,-1,0,False,0.0,1,1,
251,268,1,1.0,1.0,0.980675614348725,0.4867762316853221,0.4686622266803565,0.6005779381703481,0.39410763399375837,True,False,False,-1,0,False,0.0,2,2,
252,0,92,0.47442196352735244,0.29975922255189974,0.9548184539422657,0.6353958343948257,0.13946530332139398,0.0,0.0,False,False,True,269,101,False,1.24,1,1,
253,0,27,0.14330451763742671,0.3039638626217698,0.9657480766285831,0.5444822441925652,0.25479076383947546,0.0,0.0,False,False,True,162,12,False,1.09,0,0,
254,2,42,0.38036684554659594,0.3814812576694691,0.8448867736198742,0.4423610104660859,0.4005798912728375,0.09731567207261561,0.02451738444638876,False,False,True,284,19,False,1.18,1,1,
255,4,22,0.6306674525526625,0.4641588930258077,0.9940709436200879,0.4278188263964425,0.2739118276232786,0.2546998299676974,0.4021830198901171,False,False,False,-1,0,False,0.0,5,5,
256,0,114,0.05621232206431644,0.10777877892082759,0.8849311603822474,0.5101533316801142,0.07535197418156338,0.0,0.0,False,False,True,237,120,False,1.15,1,1,
257,210,2,1.0,1.0,1.0,0.4770143785014445,0.07888811901201405,0.6910717082259572,0.6686079873059171,True,False,False,-1,0,False,0.0,0,0,
258,0,23,0.20837091042860484,0.1636217042408563,0.8830338062793579,0.278751084322738,0.1696226104801526,0.0,0.0,False,False,True,178,14,False,1.18,1,1,
259,0,0,0.1597404887978092,0.4071147151135957,0.9935920879412293,0.4655306272983886,0.06780991695514592,0.0,0.0,False,False,False,-1,0,False,0.0,3,3,
260,1,0,0.42726926739387805,0.8429296580359144,1.0,0.3585863558335113,0.09901539929537911,0.10248148165818954,0.21536828643569036,False,False,False,-1,0,False,0.0,3,3,
261,0,42,0.42331402891804143,0.503306098081915,0.972584944014889,0.63221357554011,0.19486146502846802,0.0,0.0,False,False,True,161,19,False,1.15,1,1,
262,489,0,1.0,1.0,1.0,0.3363745993282854,0.6215927963301852,1.0115071967795823,3.199541937044786,True,False,False,-1,0,False,0.0,1,1,
263,0,67,0.4683892562147674,0.20751432010062967,0.8935272293306784,0.6536232035254161,0.2122345931977268,0.0,0.0,False,False,True,134,81,False,1.27,1,1,
264,1,13,0.6724187978179216,0.4842279744428474,1.0,0.4739525447613079,0.1954680676432276,0.0399378402906282,0.004827074290412089,False,False,False,-1,0,False,0.0,5,5,
265,1,22,0.4606294981340011,0.41204553469701655,0.5760999043359136,0.28308467779438967,0.24151265842281217,0.01694850451710154,0.00015252566467571568,False,False,True,72,30,False,1.24,1,1,
266,1,2,0.5209582242827354,0.0689682730252121,0.9909595282724073,0.43722275412747097,0.19381225451362935,0.022666929830734407,0.0004923007938320674,False,False,False,-1,0,False,0.0,5,5,
267,0,0,0.13872240110354864,0.2237018219949573,1.0,0.45444418713699386,0.18570022939774178,0.0,0.0,False,False,False,-1,0,False,0.0,4,4,
268,0,1,0.4113385456679639,0.20359263638766395,0.9478695665807374,0.4326325226515326,0.4473459754486212,0.0,0.0,False,False,False,-1,0,False,0.0,2,2,
269,1,15,0.5079515369099278,0.04690892464989711,1.0,0.4766619445234562,0.1924277504143016,0.06494500335798857,0.03425741908792869,False,False,False,-1,0,False,0.0,2,2,
270,3,0,0.2362334019747627,0.09844106504199787,1.0,0.28981767503841527,0.0693739776838865,0.1391815423404619,0.029315002255798528,False,False,False,-1,0,False,0.0,6,6,
271,0,15,0.008305750185276657,0.7787440671277341,0.9613656332430037,0.4074660806984613,0.5179197188202995,0.0,0.0,False,False,False,-1,0,False,0.0,5,5,
272,0,14,0.19136061566136947,0.568520262408908,0.7136727734938904,0.2684270043849608,0.19244548761780747,0.0,0.0,False,False,True,64,14,False,1.18,0,0,
273,0,0,0.24897081193218074,0.27193252905426907,1.0,0.3887370607882821,0.017119235958775424,0.0,0.0,False,False,False,-1,0,False,0.0,5,5,
274,2,3,0.18613615371306025,0.45721908854152293,1.0,0.46442217633163807,0.34037556426789867,0.09986384384638983,0.027433321372569618,False,False,False,-1,0,False,0.0,7,7,
275,1,2,0.20305704022113677,0.09819290831865296,0.9278230343265796,0.4590411226606519,0.296800658558009,0.053951028857301,0.0162225619488976,False,False,False,-1,0,False,0.0,6,6,
276,1,1,0.3662392549886322,0.4610720602119555,1.0,0.4846422093721247,0.37579261398176456,0.01790925397163782,0.00019048294354016786,False,False,False,-1,0,False,0.0,7,7,
277,1,15,0.4772586133174407,0.14643103923475181,0.9957355825290172,0.4684926197681804,0.054377856637210925,0.022105895054524767,0.00044500092582595494,False,False,False,-1,0,False,0.0,5,5,
278,1,33,0.6569323959655783,0.5614515781101045,0.48920035300440834,0.35141277877580024,0.15078888429978454,0.018642014836481455,0.00022389659456767983,False,False,True,90,28,False,1.21,1,1,
279,0,2,0.14145368376177586,0.3245251265532278,1.0,0.5161441904215872,0.2803967225857947,0.0,0.0,False,False,False,-1,0,False,0.0,5,5,
280,2,1,0.5357816570326374,0.2366995908387467,1.0,0.4248856273035244,0.31948920781695445,0.07165391162917209,0.008778669808747757,False,False,False,-1,0,False,0.0,2,2,
281,271,0,1.0,1.0,1.0,0.4585454910465654,0.26835382780666245,0.5798703993217409,0.37562029803458963,False,False,False,-1,0,False,0.0,0,0,
282,1,0,0.17496207866663063,0.2185717011676091,1.0,0.4542521321393402,0.19087518048193505,0.01989723822046307,0.00029114444220940886,False,False,False,-1,0,False,0.0,4,4,
283,3,0,0.38413645671259894,0.7376298816873745,0.9720789096881554,0.47550404336176577,0.31741957225730055,0.11667198657936,0.01972081047192754,False,False,False,-1,0,False,0.0,4,4,
284,0,1,0.1902412693009933,0.5544615985375733,1.0,0.4123774354446618,0.321269945942915,0.0,0.0,False,False,False,-1,0,False,0.0,3,3,
285,2,1,0.30774463488432696,0.4533961172390605,0.9879977008844639,0.40349018959965005,0.42140366164420284,0.17826292454632417,0.8040197112360541,False,False,False,-1,0,False,0.0,7,7,
286,2,0,0.1857269115292814,0.6370796517285197,0.9217027225231736,0.4053731046962789,0.24584465314268808,0.059576786060520005,0.0029623665156469896,False,False,False,-1,0,False,0.0,2,2,
287,0,13,0.36474410047998745,0.36688375888253705,0.9705931932108877,0.5085654803064162,0.24366440291389035,0.0,0.0,False,False,False,-1,0,False,0.0,4,4,
288,0,31,0.5030000151133698,0.6560698158228623,0.6314188258786383,0.4912622277272896,0.2386117933314441,0.0,0.0,False,False,True,99,26,False,1.18,1,1,
289,0,30,0.2831639542940449,0.6218494172109799,0.8132423806388149,0.2799986736150046,0.4066851179350769,0.0,0.0,False,False,True,112,27,False,1.21,0,0,
290,1,1,0.2992046102482402,0.15890966000814882,1.0,0.4894394815365531,0.1380014642965881,0.01644636285809582,0.00013511369793920008,False,False,False,-1,0,False,0.0,4,4,
291,0,0,0.31795310923951076,0.49268108199910987,1.0,0.43867464115350063,0.04587683893000124,0.0,0.0,False,False,False,-1,0,False,0.0,1,1,
292,0,17,0.17076328686028744,0.2517430243773175,1.0,0.46329476691360005,0.05233400582099087,0.0,0.0,False,False,False,-1,0,False,0.0,5,5,
293,0,0,0.2819364004098257,0.08117409948883411,0.938649315802687,0.4692301842861877,0.13496171849016125,0.0,0.0,False,False,False,-1,0,False,0.0,3,3,
294,0,0,0.15370703068352884,0.2413973308277716,1.0,0.46478636295629944,0.13270270438780543,0.0,0.0,False,False,False,-1,0,False,0.0,4,4,
295,0,2,0.11936780410759511,0.20584659357276627,1.0,0.5149264809468421,0.19952154982479547,0.0,0.0,False,False,False,-1,0,False,0.0,5,5,
296,1,0,0.4697501539756268,0.3301025510548265,0.9803059652372211,0.44798697478187205,0.21539739103629377,0.0558776542330602,0.018686884934977686,False,False,False,-1,0,False,0.0,5,5,
297,0,90,0.10645517170077465,0.15448159430598415,0.9609202729616403,0.31924726792044095,0.20701709200632235,0.0,0.0,False,False,True,272,75,False,1.15,1,1,
298,0,0,0.034565915034973894,0.4881798735314399,0.9802096710882648,0.4572457258750671,0.2491313550157104,0.0,0.0,False,False,False,-1,0,False,0.0,3,3,
299,1,0,0.24427088547955192,0.5715718531239774,0.9744164396940221,0.4632342374448172,0.24415018974002797,0.10351403414882407,0.22424852815044813,False,False,False,-1,0,False,0.0,6,6,
300,0,0,0.21167464563274785,0.17035870902775882,0.9838592733974534,0.4916070999055116,0.3201659628263232,0.0,0.0,False,False,False,-1,0,False,0.0,1,1,
301,1,2,0.3752805940125492,0.42202916425694553,1.0,0.47201077282316495,0.15635319692671082,0.056724271069303445,0.01985448764436766,False,False,False,-1,0,False,0.0,4,4,
302,0,0,0.6179461657699958,0.08758269807758262,1.0,0.5148140672080392,0.15701686261724898,0.0,0.0,False,False,False,-1,0,False,0.0,2,2,
303,1,0,0.6278227807670389,0.1508804222790432,1.0,0.4322099687492859,0.3243958124424209,0.09041123764624108,0.12996716477685794,False,False,False,-1,0,False,0.0,3,3,
304,1,3,0.31980044993676265,0.3544313555086545,0.9414764448316623,0.4354561494299182,0.20197141282501502,0.01636413104380534,0.00013241142398041607,False,False,False,-1,0,False,0.0,4,4,
305,0,1,0.28401705298382296,0.5751760457348967,0.9860465872497935,0.4431554748741148,0.31791635955675734,0.0,0.0,False,False,False,-1,0,False,0.0,3,3,
306,2,1,0.4202813751697055,0.43501767301224836,0.9598583565167428,0.4493292356850073,0.14426316897620495,0.14466075680373375,0.20964698672513912,False,False,False,-1,0,False,0.0,4,4,
307,1,1,0.7049416352759394,0.2363491299221741,1.0,0.48226386848548086,0.3982666004360805,0.04392846640148534,0.007085794365468123,False,False,False,-1,0,False,0.0,4,4,
308,1,0,0.1854355228364361,0.4891877402998087,1.0,0.47302474806032446,0.011995643199847932,0.11616314914249473,0.35688628648537435,False,False,False,-1,0,False,0.0,4,4,
309,1,0,0.28508932255174807,0.17299897548841325,0.9660598106925838,0.4351995974658772,0.09134895916051597,0.0347080997401786,0.0027416631964951054,False,False,False,-1,0,False,0.0,6,6,
310,1,0,0.2841053836187127,0.4287333207609692,0.9819924746274155,0.47006563548446145,0.31091054703018955,0.046651871724980275,0.009029748125850843,False,False,False,-1,0,False,0.0,3,3,
311,1,0,0.08557948291012393,0.06732984363546014,0.9962564274992978,0.42885711864315673,0.2768734528206835,0.03934176303206054,0.004543203705541535,False,False,False,-1,0,False,0.0,3,3,
312,0,3,0.4001514560038419,0.11619336492403694,1.0,0.4200210738925842,0.18344710600215558,0.0,0.0,False,False,False,-1,0,False,0.0,3,3,
313,0,0,0.13201947954459312,0.33846122035941323,1.0,0.4667231191182747,0.3871878642723798,0.0,0.0,False,False,False,-1,0,False,0.0,3,3,
314,0,0,0.1495898727578824,0.1866715234417842,1.0,0.4986270642173527,0.256447503693025,0.0,0.0,False,False,False,-1,0,False,0.0,2,2,
315,3,0,0.23912314149994343,0.6150138310930011,1.0,0.4189917461207748,0.05308004636815543,0.1453692690482515,0.13342288653586465,False,False,False,-1,0,False,0.0,4,4,
316,0,4,0.0702714633808234,0.31324038012509225,1.0,0.4751674842953956,0.03614184104849776,0.0,0.0,False,False,False,-1,0,False,0.0,2,2,
317,0,24,0.31462348235703563,0.1402082941859923,0.9746705391094423,0.8434876678793666,0.02869221306475152,0.0,0.0,False,False,True,197,16,False,1.15,1,1,
318,0,95,0.09140758565595328,0.2019857499318961,0.8279635585739419,0.3136490654020873,0.06657788362943992,0.0,0.0,False,False,True,338,88,False,1.15,1,1,
319,1,17,0.5676971256600848,0.1828010263974289,1.0,0.3984059155267986,0.22798603730414876,0.017205295706178212,0.0001620558447965088,False,False,True,60,23,False,1.18,1,1,
320,1,0,0.40488714461879544,0.37375049826531864,0.9664822659539133,0.44249631773262527,0.12533948565141476,0.02701374985977188,0.0009984306091742447,False,False,False,-1,0,False,0.0,2,2,
321,4,1,0.6595557290458542,0.23125763122400994,0.9471018101912031,0.4363042780423019,0.2093739474355942,0.3596942024708367,0.9400628022652382,False,False,False,-1,0,False,0.0,5,5,
322,0,1,0.11394146114729012,0.17924584205498448,1.0,0.43285874288034193,0.09538007778659073,0.0,0.0,False,False,False,-1,0,False,0.0,5,5,
323,0,1,0.06785291351970618,0.02398871812848089,1.0,0.5009763725351581,0.3575688992546844,0.0,0.0,False,False,False,-1,0,False,0.0,1,1,
324,180,3,1.0,1.0,1.0,0.49052390516024424,0.7817704039100631,0.4123826931652787,0.10940404959233488,True,False,False,-1,0,False,0.0,0,0,
325,1,3,0.3941543602190966,0.47856918788480174,1.0,0.45010080301587285,0.2537058705764915,0.07586303975846864,0.06408351046515648,False,False,False,-1,0,False,0.0,3,3,
326,0,1,0.06558181462998318,0.35410295072278525,0.9973031419156512,0.42424081741748443,0.1150069517985024,0.0,0.0,False,False,False,-1,0,False,0.0,4,4,
327,1,20,0.5841817422996668,0.4020892203147112,0.9815807123511423,0.3503784672306518,0.17316407476596504,0.021667081998561107,0.0004104546851523825,False,False,False,-1,0,False,0.0,5,5,
328,0,0,0.38269373421014524,0.3985982021973547,0.9656700425150252,0.4986235066762549,0.15774730048358543,0.0,0.0,False,False,False,-1,0,False,0.0,5,5,
329,1,2,0.4767682517107714,0.3811962865673274,1.0,0.4430522906502476,0.4286575033062535,0.12213427806263404,0.4367863958719317,False,False,False,-1,0,False,0.0,5,5,
330,0,209,0.185648436605896,0.03166061142311527,0.922513904384037,0.4537750733178548,0.1805382680364084,0.0,0.0,False,False,True,238,167,False,1.18,1,1,
331,1,108,0.276584879308109,0.31305901293716293,0.8383442033006994,0.5689130178895311,0.16527343044774415,0.04979308370283527,0.011741853360782638,False,False,True,419,78,False,1.09,0,0,
332,1,1,0.38016348758411556,0.3815409669630404,1.0,0.47150055854508754,0.15336309530626677,0.033849030994838845,0.0024782463811330903,False,False,False,-1,0,False,0.0,1,1,
333,0,14,0.34001575455390787,0.3248457444070683,0.8354584984459815,0.3466851844178407,0.1139070625144835,0.0,0.0,False,False,True,54,14,False,1.21,1,1,
334,1,1,0.45439348138346364,0.3247147579548246,0.9978928061319282,0.5400595719265012,0.17990354559656863,0.021130794702886143,0.0003710185260532347,False,False,False,-1,0,False,0.0,4,4,
335,0,30,0.2669812336021003,0.11424431618191269,0.9225802336733809,0.3208918934955579,0.15450005154706242,0.0,0.0,False,False,True,186,28,False,1.18,1,1,
336,0,30,0.033813586544512934,0.4766577928739031,0.9789806159115407,0.5572111604131716,0.06348461089883399,0.0,0.0,False,False,True,163,20,False,1.18,1,1,
337,0,1,0.24444826132184475,0.07537489770680117,0.9817348999988761,0.36785517416644364,0.250671225310987,0.0,0.0,False,False,False,-1,0,False,0.0,3,3,
338,0,68,0.3597789454987451,0.3517976298912792,0.5347885822230803,0.4218463906337547,0.03454465999743474,0.0,0.0,False,False,True,157,70,False,1.15,1,1,
339,0,0,0.2941170668921967,0.10842153398506948,1.0,0.465183692096427,0.27622581739690355,0.0,0.0,False,False,False,-1,0,False,0.0,3,3,
340,422,0,1.0,1.0,1.0,0.524696286822226,0.7348449385885039,0.653998876059134,0.8422085830874131,True,False,False,-1,0,False,0.0,1,1,
341,1,1,0.11638907540678255,0.513061947393339,1.0,0.436482059323586,0.5193558642505405,0.022895310553505625,0.0005125997436818695,False,False,False,-1,0,False,0.0,5,5,
342,0,1,0.1569098882497131,0.09571891451465105,0.9515424658785775,0.5508181998884817,0.31424893624185535,0.0,0.0,False,False,False,-1,0,False,0.0,5,5,
343,1,22,0.5194574333810431,0.26241079344813734,1.0,0.308737265416059,0.18197625832218167,0.021995365579252142,0.00043610090730943584,False,False,True,172,18,False,1.12,0,0,
344,1,24,0.4215246853806284,0.2313017424603896,0.9484194895232368,0.7556426627616915,0.23896059653686993,0.019115138344762177,0.00024769492566196463,False,False,True,79,16,False,1.21,1,1,
345,1,33,0.634839467594586,0.5159945363890989,1.0,0.4746841922133097,0.24842866719256623,0.020300207476283406,0.00031564884265888887,False,False,True,163,22,False,1.12,0,0,
346,1,5,0.27401711138647616,0.2561704209978309,1.0,0.46536177273119655,0.10144150866525961,0.07857215690742018,0.07381825324903105,False,False,False,-1,0,False,0.0,3,3,
347,0,3,0.11231569129055476,0.44168092704726575,0.9907123999434292,0.37218966532012976,0.14899898224653055,0.0,0.0,False,False,False,-1,0,False,0.0,5,5,
348,1,0,0.4638042429664343,0.09356826395477208,1.0,0.4861102569997133,0.2967846579022903,0.1185157458820541,0.38692390084819756,False,False,False,-1,0,False,0.0,4,4,
349,0,0,0.3749564287057421,0.21192824442598504,1.0,0.48884914715257044,0.1615354276340981,0.0,0.0,False,False,False,-1,0,False,0.0,3,3,
