agent_id,punish_issued,punished_received,final_r,final_b,final_x,y,L,cap,service,is_enforcer,cadre_fallback,exited,exit_time,exit_intent,disengaged,exit_cost_eff_last,degree,degree_at_end,betweenness
0,0,65,0.21992553104774815,0.3046916440675388,0.9912225394780719,0.6655514668000428,0.0804968350406949,0.0,0.0,False,False,True,75,41,False,3.16,7,7,
1,0,219,0.45297862590058224,0.27706297929212276,0.9148954193446492,0.5650094230218361,0.13213979945618332,0.0,0.0,False,False,False,-1,286,True,1.75,25,25,
2,666,75,1.0,1.0,0.9554693077576311,0.4195855292144558,0.5279215754862129,2.0,80.56996372264972,True,False,False,-1,0,False,0.0,9,9,
3,4,54,0.29763548845513565,0.15870087651856815,0.9791855381672628,0.5041858855998296,0.03689801688348435,0.15500533929208926,0.0519672379989913,False,False,False,-1,0,False,0.0,29,29,
4,0,660,0.23742678452228036,0.09947083227880188,0.896283862182193,0.5680887767305828,0.334264862316733,0.0,0.0,False,False,False,-1,404,True,2.17,39,39,
5,0,29,0.27054653228871545,0.09794721216775935,1.0,0.5396326804918348,0.22544971658638194,0.0,0.0,False,False,False,-1,0,False,0.0,33,33,
6,1,180,0.4406604599745051,0.43943886600917526,0.7655368299881433,0.5131373640150917,0.10985081171312781,0.05729579664079538,0.020673144152819303,False,False,False,-1,116,True,1.6,20,20,
7,1,766,0.8375681687653946,0.284570801490737,0.3721396924829348,0.4013778590179139,0.29249739136470454,0.01711926922764732,0.0001588147279005786,False,False,False,-1,410,True,3.4,80,80,
8,0,933,0.49215011093575506,0.28990262963056485,0.8710913686237535,0.5559315395439028,0.13468538673162503,0.0,0.0,False,False,False,-1,414,True,2.62,54,54,
9,0,534,0.2485999971310995,0.09439329252979382,0.6211739702225385,0.40449557688697896,0.29153184300039553,0.0,0.0,False,False,False,-1,417,True,2.74,58,58,
10,1,281,0.5269463244028567,0.036206334807292635,0.4340028211681308,0.4655184603891494,0.09742174288283449,0.025436762968241218,0.0007834851965077539,False,False,False,-1,344,True,2.02,34,34,
11,0,44,0.42552735077221143,0.2541243388158935,0.9835389478447937,0.4291350730977762,0.054845442903964085,0.0,0.0,False,False,False,-1,0,False,0.0,34,34,
12,0,224,0.4466160556476901,0.19236902319718624,0.8123281991693279,0.5103996877446841,0.25128905708016097,0.0,0.0,False,False,False,-1,299,True,2.3499999999999996,45,45,
13,0,260,0.23169015324798337,0.2923366575261236,0.9737387882910353,0.4957628203154809,0.0016965551728920275,0.0,0.0,False,False,False,-1,384,True,1.96,32,32,
14,0,55,0.09734654017122789,0.2181928819375209,1.0,0.5073920757694695,0.039978263715931696,0.0,0.0,False,False,False,-1,0,False,0.0,35,35,
15,0,78,0.33130234064759995,0.10913477471077679,0.9581433061149511,0.5551231130834668,0.18571511054545534,0.0,0.0,False,False,False,-1,7,True,0.0,47,47,
16,0,310,0.3608711365725156,0.42759978590943104,0.8784692992660272,0.5224574529790975,0.055913395399177314,0.0,0.0,False,False,False,-1,381,True,1.96,32,32,
17,0,149,0.24286315347427498,0.5178152540862836,0.6940518476449302,0.41352703646626576,0.08584539020913952,0.0,0.0,False,False,False,-1,16,True,1.69,23,23,
18,0,58,0.357999342915066,0.27310139101144676,1.0,0.45135718885898346,0.09059658636433822,0.0,0.0,False,False,False,-1,0,False,0.0,26,26,
19,0,437,0.5006863332643733,0.029937037809521998,0.35663744283215154,0.5156699713511415,0.20297380379425903,0.0,0.0,False,False,False,-1,403,True,2.05,35,35,
20,0,22,0.16645270123564845,0.30002737486577474,1.0,0.5773230183847002,0.5575444104914249,0.0,0.0,False,False,False,-1,0,False,0.0,39,39,
21,644,73,1.0,1.0,0.960367679375804,0.4313053714680787,0.676260837832121,2.0,77.95083372065837,True,False,False,-1,0,False,0.0,23,23,
22,1,25,0.2300757840693548,0.37272258646747225,0.9909212229435128,0.49555139864288883,0.09378240149155848,0.03612818888643613,0.0032225932765331767,False,False,False,-1,0,False,0.0,20,20,
23,568,371,1.0,1.0,0.968244305006069,0.5227823782677455,0.6497049249690167,2.0,64.41438266133267,True,False,False,-1,0,False,0.0,36,36,
24,1,84,0.5455614325514847,0.5702954971094379,0.924878366792775,0.47457108528801184,0.08707179516834955,0.022216979954296247,0.0004540825773734234,False,False,False,-1,0,False,0.0,23,23,
25,0,530,0.22109264666623765,0.6521791862310802,0.28210773982005843,0.532590609070679,0.4800534927266589,0.0,0.0,False,False,False,-1,411,True,2.38,46,46,
26,0,178,0.44188283198889916,0.32166851737920943,0.9804401233546284,0.46372207902737006,0.10108201314351659,0.0,0.0,False,False,False,-1,253,True,1.9,30,30,
27,1,13,0.19533075817721543,0.5102014288594282,1.0,0.5096776115189472,0.22343109412121442,0.05314580300772718,0.015268545525806828,False,False,False,-1,0,False,0.0,29,29,
28,692,66,1.0,1.0,1.0,0.5502842853498742,0.5981339526987094,2.0,80.61784943450888,True,False,False,-1,0,False,0.0,21,21,
29,1,275,0.23986294965912644,0.49181938570825456,0.9748196585060459,0.6187644482366929,0.34422864045294993,0.017641956117454373,0.00017928102259645766,False,False,False,-1,379,True,2.05,35,35,
30,0,295,0.17481797687779366,0.40784572782722006,0.9492419973000013,0.5082123506339049,0.12878699297211485,0.0,0.0,False,False,False,-1,398,True,1.99,33,33,
31,1,44,0.1326604419823274,0.37485438093352663,0.932571312195239,0.605801351179671,0.07956228851087224,0.017205295706178212,0.0001620558447965088,False,False,False,-1,0,False,0.0,17,17,
32,0,406,0.3952838978514603,0.4072432803393839,0.9575048749715382,0.691232719045507,0.12647455877156116,0.0,0.0,False,False,False,-1,408,True,1.78,26,26,
33,0,382,0.371925575474653,0.07194283462050033,0.8161254663625342,0.47758032723619764,0.6407877230613762,0.0,0.0,False,False,False,-1,414,True,1.6,20,20,
34,0,0,0.1404283026676742,0.2566639433675928,1.0,0.5492305740499155,0.3697143633519878,0.0,0.0,False,False,False,-1,0,False,0.0,27,27,
35,2,0,0.26668343489041474,0.6929143716205306,1.0,0.4456283262317857,0.29580585084083433,0.18438266255280686,0.4297768570776797,False,False,False,-1,0,False,0.0,16,16,
36,0,0,0.12374277557887986,0.1176308812509517,1.0,0.5516469608719262,0.5436986358563595,0.0,0.0,False,False,False,-1,0,False,0.0,8,8,
37,555,1,1.0,1.0,1.0,0.6559480125133014,0.5179684916497957,2.0,70.53315412910729,True,False,False,-1,0,False,0.0,29,29,
38,0,52,0.14639672453042035,0.5289109658006759,1.0,0.5496411146483782,0.3039338450565797,0.0,0.0,False,False,False,-1,0,False,0.0,16,16,
39,2,139,0.2065924224600891,0.32541336501172935,0.8473591163925376,0.43672660719620604,0.11874603463510289,0.060048360743945525,0.007210418938427085,False,False,False,-1,8,True,1.66,22,22,
40,4,111,0.5498227709593976,0.2954423220676957,1.0,0.5733292266591192,0.24906199219505337,0.517867326881026,2.3392033428673837,False,False,False,-1,3,False,1.5699999999999998,19,19,
41,0,220,0.36102688706476815,0.32229691092615564,0.9378928695591139,0.7085941142499123,0.2079542338061877,0.0,0.0,False,False,False,-1,311,True,1.87,29,29,
42,4,36,0.8506672097921402,0.5538780223806697,0.989541490962567,0.48765084264440467,0.3998254126884327,0.38574801988709084,0.902589022442348,False,False,False,-1,0,False,0.0,11,11,
43,1,44,0.12484950363428596,0.6085605599393874,0.9842205120531815,0.552541208346993,0.13157557465275535,0.08178695310938872,0.08676711527143827,False,False,False,-1,0,False,0.0,12,12,
44,2,12,0.451757270767234,0.3388608201461918,1.0,0.5137800157257123,0.18184647049158637,0.17115657512415744,0.20881754648908532,False,False,False,-1,0,False,0.0,10,10,
45,695,48,1.0,1.0,1.0,0.5555765053679727,0.595992337254054,2.0,87.90777285649068,True,False,False,-1,0,False,0.0,11,11,
46,6,14,0.6109620324827159,0.7114027439049014,1.0,0.6095590100088394,0.05694348481171099,0.5836943573466199,1.8612293332998344,False,False,False,-1,0,False,0.0,17,17,
47,0,0,0.11984173013632882,0.6937096429101799,0.8737854026982788,0.5274785316192846,0.1408093934074162,0.0,0.0,False,False,False,-1,0,False,0.0,7,7,
48,3,59,0.49499556019258745,0.5122589322462048,1.0,0.4621185102832343,0.2015957938314019,0.2078782144315476,0.6976308815909343,False,False,False,-1,0,False,0.0,16,16,
49,0,89,0.2241534697650462,0.3712677533276027,0.9516722255213061,0.4913701046412991,0.24345538822852264,0.0,0.0,False,False,False,-1,1,False,1.5699999999999998,19,19,
50,1,215,0.14793587882698106,0.42139593834971645,0.8618466262777433,0.5023155523916591,0.5104534491421173,0.023010362365332288,0.0005230609629406832,False,False,False,-1,298,True,1.54,18,18,
51,0,20,0.1386438680165927,0.40366525462796304,0.6978395459605615,0.6183764660489879,0.24337313242965664,0.0,0.0,False,False,True,48,14,False,1.66,2,2,
52,2,4,0.4259195423702552,0.29069587978274913,0.9205534400213358,0.44076599198317945,0.2081045905824462,0.20811788623915645,0.7955689506705994,False,False,False,-1,0,False,0.0,15,15,
53,1,1,0.1003384940976288,0.4020286861438638,0.9892373025339509,0.44413659819221507,0.1106997857789705,0.031240324221505387,0.0017937490817307316,False,False,False,-1,0,False,0.0,18,18,
54,2,1,0.5143159763941625,0.4820204428956355,0.9969110222307277,0.5211496869093099,0.43872628120525625,0.0880206690577671,0.031660037950118125,False,False,False,-1,0,False,0.0,14,14,
55,1,42,0.365962611527768,0.29751708961425816,0.9103763450634792,0.5979442336520345,0.17840619096412508,0.020920015025724856,0.0003563261924215266,False,False,False,-1,0,False,0.0,19,19,
56,666,2,1.0,1.0,0.9704935075113401,0.594625963321297,0.7705398866038643,2.0,85.37214603967628,True,False,False,-1,0,False,0.0,16,16,
57,0,78,0.05198531511705687,0.002042491579343118,0.9963770466293441,0.529627170294737,0.16889752193514593,0.0,0.0,False,False,False,-1,0,False,1.33,11,11,
58,0,113,0.2887707910455765,0.3459071211895367,1.0,0.6076788912117668,0.39496213259059193,0.0,0.0,False,False,False,-1,1,False,1.3599999999999999,12,12,
59,0,209,0.1676699462866304,0.6912831551328723,0.9011777935314832,0.5187314917958012,0.07607716315458485,0.0,0.0,False,False,False,-1,189,True,1.78,26,26,
60,2,62,0.41715375890654227,0.6782915375609556,1.0,0.47212564539265495,0.37049265887150945,0.07743979382652438,0.01564333811929989,False,False,False,-1,0,False,0.0,16,16,
61,1,72,0.17257306956808596,0.5208004096530162,0.9951121947919217,0.5937781381057233,0.12133039335660808,0.0960164059136499,0.16562303420562907,False,False,False,-1,0,False,1.33,11,11,
62,4,25,0.8950040051414736,0.2261807124035475,1.0,0.5063298368573553,0.11906293150907594,0.22084888849806372,0.11240569305367003,False,False,False,-1,0,False,0.0,8,8,
63,1,3,0.2656668808356525,0.1636031423974026,1.0,0.5384958269307834,0.22900384208198277,0.08729391665104468,0.11282781422647412,False,False,False,-1,0,False,0.0,16,16,
64,5,1,0.46744308611058666,0.6124474247503899,0.9834331579751685,0.5525362161184149,0.0571452456355999,0.25276127934579046,0.15559426215209907,False,False,False,-1,0,False,0.0,8,8,
65,648,157,1.0,1.0,1.0,0.5522582122852869,0.3944804373437584,2.0,83.84760386650191,True,False,False,-1,0,False,0.0,14,14,
66,4,31,0.6933884227651533,0.7420782882062722,0.971139989471957,0.4530076687932154,0.3260069388087965,0.22373970502102647,0.12115167960414443,False,False,False,-1,0,False,0.0,12,12,
67,640,11,1.0,1.0,0.9172526717805445,0.4936900663686656,0.5410162575305764,2.0,72.33001867786797,True,False,False,-1,0,False,0.0,19,19,
68,0,30,0.12247639842421153,0.21598961624359114,0.9877688662973094,0.4739148475713206,0.12359571541282315,0.0,0.0,False,False,False,-1,0,False,0.0,14,14,
69,0,290,0.4181979391237257,0.4816218032320817,0.8134399491578631,0.4133483544036994,0.15807837168768335,0.0,0.0,False,False,False,-1,397,True,1.54,18,18,
70,846,68,1.0,1.0,0.9827147682217058,0.5581125363178502,0.6333771045864498,1.98005,99.41187483187508,True,False,False,-1,0,False,0.0,14,14,
71,757,1,1.0,1.0,1.0,0.5278476461591668,0.6031947391628358,2.0,92.34210613743531,True,False,False,-1,0,False,0.0,16,16,
72,0,73,0.12151533473836236,0.11568461207450446,0.9502767664694282,0.5597895991052144,0.3485796438106854,0.0,0.0,False,False,False,-1,0,False,0.0,11,11,
73,0,196,0.41325064942398887,0.38892103952805107,0.8412168913213206,0.5243058446332904,0.19495505414110437,0.0,0.0,False,False,False,-1,227,True,1.3599999999999999,12,12,
74,1,104,0.3610888711637567,0.21079740649937198,0.9934959355390552,0.4926382441920661,0.35080911385115765,0.05993976494569893,0.024795441849224633,False,False,False,-1,0,False,1.21,7,7,
75,0,4,0.06406876332792157,0.6533071691756336,1.0,0.5167549443986942,0.3590460283995103,0.0,0.0,False,False,False,-1,0,False,0.0,10,10,
76,0,30,0.13776842005577652,0.4636946340478859,1.0,0.573645983474052,0.1294130338938754,0.0,0.0,False,False,False,-1,0,False,0.0,13,13,
77,0,39,0.32451763294929,0.1990633183908369,0.9095359404859001,0.6097094286298147,0.4643957131896375,0.0,0.0,False,False,False,-1,0,False,0.0,7,7,
78,0,1,0.2559627036421839,0.4522899514977623,1.0,0.5095238713169483,0.12775980615131116,0.0,0.0,False,False,False,-1,0,False,0.0,10,10,
79,6,3,0.6644864402086773,0.22036916402234022,1.0,0.4134299422232104,0.031173156265795185,0.4011391775894942,1.0664532084791245,False,False,False,-1,0,False,0.0,12,12,
80,1,17,0.24170550407587307,0.41394474368841916,0.9530954133361692,0.45951795422194597,0.08140143733002096,0.13233303644232014,0.6034647297788965,False,False,False,-1,0,False,0.0,11,11,
81,1,23,0.20542248181889544,0.17181676390071485,1.0,0.44511357066614105,0.2600508160549149,0.14410395653631553,0.8507630225817854,False,False,False,-1,0,False,0.0,10,10,
82,5,51,0.7680058150655497,0.608840345872764,0.9322026098724427,0.5332404266515893,0.22143257026816227,0.5477230636083474,2.0030831011411996,False,False,False,-1,0,False,0.0,14,14,
83,0,78,0.5103683223321313,0.054129841723476686,0.9970051376169045,0.4572118524373495,0.42048057476845957,0.0,0.0,False,False,False,-1,13,True,1.48,16,16,
84,0,31,0.14973913319447546,0.3640779571257718,0.9794585654760422,0.5399913060477777,0.11011799215657538,0.0,0.0,False,False,False,-1,0,False,0.0,14,14,
85,0,61,0.7691820774676245,0.6399406623182226,0.9368951556139318,0.5368391768938866,0.3648083959628953,0.0,0.0,False,False,False,-1,0,False,0.0,18,18,
86,0,398,0.23167324926836508,0.36972080468288293,0.8417939368130599,0.6056585445505545,0.23412688012638752,0.0,0.0,False,False,False,-1,391,True,1.3900000000000001,13,13,
87,1,88,0.422243075350983,0.7435991033918634,0.9929693773030135,0.499765906272576,0.48176857050195,0.04284118208460475,0.006404996888794895,False,False,False,-1,0,False,1.24,8,8,
88,0,1,0.2844402282390574,0.20462234322974618,0.981118859510216,0.5011527151121071,0.012835058440122058,0.0,0.0,False,False,False,-1,0,False,0.0,11,11,
89,0,1,0.3028531388797073,0.10505313251364518,1.0,0.5392569190278599,0.38373243399839235,0.0,0.0,False,False,False,-1,0,False,0.0,13,13,
90,0,22,0.04019884715064071,0.4284853091427465,0.9627876870728858,0.5840263180777676,0.17663797714060994,0.0,0.0,False,False,False,-1,0,False,0.0,11,11,
91,672,69,1.0,1.0,0.9947356992406002,0.5212584314898444,0.5580986397920334,1.97014975,71.41078148763118,True,False,False,-1,0,False,0.0,14,14,
92,0,73,0.23978295677360395,0.23780739264098663,1.0,0.6747054568068868,0.14523265342979724,0.0,0.0,False,False,False,-1,0,False,1.24,8,8,
93,0,224,0.32951554517305764,0.20147464536446924,0.6017717812213997,0.5340244930304395,0.13993860479830286,0.0,0.0,False,False,False,-1,317,True,1.3599999999999999,12,12,
94,661,87,1.0,1.0,1.0,0.5149434276595555,0.675244302107042,1.99,70.98150770252931,True,False,False,-1,0,False,0.0,10,10,
95,1,1,0.4766546920686379,0.7448114820518656,0.9830413497755058,0.5152054498039016,0.0801568512748408,0.07435712053515754,0.05910858963408712,False,False,False,-1,0,False,0.0,8,8,
96,6,30,0.791054924983314,0.2727699165533502,1.0,0.5697714197457013,0.21562332406647491,0.5358818987458921,2.739001676413196,False,False,False,-1,0,False,0.0,9,9,
97,1,34,0.25202642727477065,0.4125016693608806,0.9824065070376631,0.6223993892315022,0.14642237083134352,0.07251668908764536,0.05342948343976824,False,False,False,-1,0,False,0.0,12,12,
98,1,13,0.4380372776083861,0.3410978889654884,0.971989038347632,0.4964870219977663,0.4199705338794904,0.13843966859613538,0.7237977205924956,False,False,False,-1,0,False,0.0,8,8,
99,1,81,0.1662559653128405,0.3854496312948018,0.9689846529094288,0.5482871842608625,0.24281117039655997,0.10455699012532417,0.23349492727035415,False,False,False,-1,6,True,1.3599999999999999,12,12,
100,3,56,0.23158598537328887,0.7385406471299677,0.9444834303990066,0.5277721372505788,0.35063677228095047,0.24211038784816385,0.31936578466241095,False,False,False,-1,0,False,0.0,10,10,
101,0,232,0.2020769690325478,0.4797807547635271,0.44041973620021185,0.5055711932634973,0.12475702395358394,0.0,0.0,False,False,False,-1,272,True,1.48,16,16,
102,0,0,0.30346005353206834,0.36846267662352244,0.9943376461893962,0.4760504166414122,0.09289193137692354,0.0,0.0,False,False,False,-1,0,False,0.0,7,7,
103,789,0,1.0,1.0,0.9532753593004321,0.5395898756986327,0.7090042123758558,2.0,95.13965318385686,True,False,False,-1,0,False,0.0,10,10,
104,2,3,0.3719454127666921,0.8281837305302272,0.9263148203470646,0.5699532920598366,0.19843200266974348,0.11657486449446526,0.045453510421050114,False,False,False,-1,0,False,0.0,20,20,
105,1,1,0.2829768540230124,0.25136917024210703,0.8767192437744645,0.5049603962162809,0.34143912748398414,0.018363780434795113,0.0002107296836343437,False,False,False,-1,0,False,0.0,11,11,
106,2,108,0.770694627932975,0.42762741407495786,0.9732561681787772,0.49765136523667963,0.30055949279353067,0.1022078514126234,0.04029886305942615,False,False,False,-1,61,True,1.51,17,17,
107,5,2,0.7841060116849662,0.40258025709610423,0.9952494814522584,0.5761159552668152,0.09679540888734574,0.2371896649460422,0.2545075701757556,False,False,False,-1,0,False,0.0,7,7,
108,1,73,0.26743081175771655,0.533669945666752,1.0,0.518440141365715,0.36629718257002575,0.09747117539024625,0.1759715703125707,False,False,False,-1,0,False,1.3,10,10,
109,3,60,0.5024193771684304,0.6508609273564498,0.9794812109891473,0.5458835869973077,0.246914454497133,0.21921472736480457,0.388697385470146,False,False,False,-1,0,False,0.0,9,9,
110,0,25,0.380004053835648,0.5733921954845244,1.0,0.5358117663536858,0.2553965519769229,0.0,0.0,False,False,False,-1,0,False,0.0,13,13,
111,820,0,1.0,1.0,0.9849929324462687,0.5667221174730526,0.5891123568266122,2.0,108.46513178826626,True,False,False,-1,0,False,0.0,10,10,
112,0,152,0.13781922682137165,0.46532640743121606,0.9663549214252686,0.6335390656968917,0.209915192840336,0.0,0.0,False,False,False,-1,2,False,1.27,9,9,
113,1,20,0.5225239453735018,0.38327364243489237,1.0,0.5218859695138506,0.27807169116847485,0.032033185504212934,0.0019844095722554925,False,False,False,-1,0,False,0.0,13,13,
114,1,33,0.712327620795108,0.11239321054702675,1.0,0.4483940582782246,0.17190531256773928,0.07778839964226868,0.07089505042036941,False,False,False,-1,0,False,0.0,10,10,
115,0,171,0.16229040606079143,0.33130594928742946,0.9772266041052182,0.46663680791390233,0.3327728082794675,0.0,0.0,False,False,False,-1,134,True,1.33,11,11,
116,0,221,0.23899942155229095,0.18431048907816655,0.8649080709056665,0.6823885384248277,0.4455929667713098,0.0,0.0,False,False,False,-1,325,True,1.42,14,14,
117,0,0,0.141627397255439,0.05213300917977245,0.9887963310273784,0.5611364221868365,0.4106773252784277,0.0,0.0,False,False,False,-1,0,False,0.0,8,8,
118,0,2,0.3777417522123162,0.4868882778035206,0.9062461770014403,0.5794767518121547,0.29759903019935413,0.0,0.0,False,False,False,-1,0,False,0.0,11,11,
119,4,44,0.5640411209809991,0.5244541149746367,0.9713474551715267,0.5272441572090139,0.15460667305686002,0.20050335715502265,0.29033175885241336,False,False,False,-1,0,False,0.0,12,12,
120,2,0,0.614810013433992,0.3607776507512793,1.0,0.5122501041821671,0.1613335423745109,0.10025466369952268,0.06863223466501871,False,False,False,-1,0,False,0.0,7,7,
121,4,28,0.5978778894125752,0.3259408790988926,1.0,0.5721774081756603,0.21495382613647268,0.32945901956109164,0.6922007636076726,False,False,False,-1,0,False,0.0,9,9,
122,0,31,0.40574324130759964,0.46825580728034033,1.0,0.5495032474446984,0.29830478675598904,0.0,0.0,False,False,False,-1,0,False,0.0,9,9,
123,0,246,0.3865764836440123,0.5231270852140466,0.8298916577776252,0.5471288929091894,0.3803757372306071,0.0,0.0,False,False,False,-1,298,True,1.33,11,11,
124,0,50,0.4190624363903343,0.12826375034146342,1.0,0.4580960612652585,0.21898607675881515,0.0,0.0,False,False,False,-1,0,False,0.0,11,11,
125,0,65,0.09433558447096739,0.6630658126936769,1.0,0.5576247677081361,0.40993226893434226,0.0,0.0,False,False,False,-1,0,False,1.45,15,15,
126,2,0,0.7517259539433653,0.2160164415667877,1.0,0.5343673706413933,0.20120792827199616,0.19729765999401305,0.5433620229957205,False,False,False,-1,0,False,0.0,9,9,
127,2,37,0.7890321230515144,0.21074390804422186,0.9793345415984894,0.5623118613499183,0.20048829616447272,0.1421101927555091,0.18679322926330483,False,False,False,-1,0,False,0.0,13,13,
128,3,0,0.8812961133541353,0.33633747288965654,1.0,0.5867807067432623,0.19276772871560213,0.1677095818743486,0.11513791759119901,False,False,False,-1,0,False,0.0,10,10,
129,3,0,0.4279954304739609,0.5674877008815614,1.0,0.5253476416698986,0.07107867193215814,0.19863731366113044,0.9427602496830463,False,False,False,-1,0,False,0.0,8,8,
130,1,96,0.37205520482505194,0.33088697415963586,1.0,0.5199007000199025,0.2831977669620706,0.12649577040762494,0.5031373679776306,False,False,False,-1,0,False,1.18,6,6,
131,3,14,0.7432611907780133,0.7621405056625257,1.0,0.5457983494880134,0.04843419985084084,0.15632259430851933,0.17911761321283529,False,False,False,-1,0,False,0.0,12,12,
132,0,0,0.678475385095761,0.45582299388653535,0.9369858321528046,0.48984481010420283,0.13763329718926673,0.0,0.0,False,False,False,-1,0,False,0.0,9,9,
133,0,31,0.2829208543121345,0.2946270493728897,1.0,0.5194631472560975,0.4639136948297131,0.0,0.0,False,False,False,-1,0,False,0.0,6,6,
134,1,73,0.5290260708479958,0.16398038623865818,0.825034365384379,0.5630261826696811,0.150879953687102,0.029416601782369066,0.0014075849026180458,False,False,False,-1,0,False,1.3599999999999999,12,12,
135,1,27,0.2071573097320593,0.6047982957709495,0.9627687905788733,0.5706408189503129,0.030677817168304113,0.02407219713062406,0.0006273611596921231,False,False,False,-1,0,False,0.0,13,13,
136,1,44,0.3148305764719411,0.3273612849868133,1.0,0.5909860353102164,0.10535980863549574,0.08685744706778945,0.11057125794194463,False,False,False,-1,0,False,0.0,9,9,
137,1,82,0.5061614741863864,0.4775356472649037,0.9551006339375857,0.5529450799998514,0.12884699225687785,0.021558746588568302,0.00040224559144933484,False,False,False,-1,0,False,1.27,9,9,
138,0,0,0.40222596826154744,0.15856770963430702,0.9808301479423629,0.5863077905990592,0.20121448274901202,0.0,0.0,False,False,False,-1,0,False,0.0,11,11,
139,7,34,1.0,0.506481660663223,1.0,0.4737509429003096,0.2232008208162945,0.46836753866023734,0.630071383634396,False,False,False,-1,0,False,0.0,10,10,
140,655,0,1.0,1.0,0.9577224884792058,0.6344662125025167,0.5637071663055614,2.0,83.09819630909634,True,False,False,-1,0,False,0.0,9,9,
141,0,20,0.4260297425457352,0.5605486028176204,0.9712039541974918,0.5898663980965954,0.06700818112681156,0.0,0.0,False,False,False,-1,0,False,0.0,8,8,
142,0,40,0.3167401689869958,0.3183749468075202,1.0,0.5696958431440365,0.096021784873161,0.0,0.0,False,False,False,-1,0,False,0.0,9,9,
143,1,17,0.18229763958616677,0.4631247324799036,0.9606093006629611,0.6343251451529397,0.20992688979302754,0.09317168074579824,0.14671590294663414,False,False,False,-1,0,False,0.0,9,9,
144,5,49,0.805417185927217,0.5737022187651118,1.0,0.5445486851949362,0.13031996920077857,0.3652993510857708,1.1522071842159465,False,False,False,-1,0,False,0.0,11,11,
145,1,0,0.5701125075075263,0.48294939068152165,0.9721789662889108,0.4684959358700444,0.1588007975456193,0.0728810945604476,0.054519881060988006,False,False,False,-1,0,False,0.0,6,6,
146,0,125,0.25473101081080224,0.3071880543280654,0.8965940440897989,0.5717473962555387,0.1736887427483044,0.0,0.0,False,False,False,-1,7,True,1.27,9,9,
147,810,0,1.0,1.0,0.9372586589452983,0.46995138310254814,0.6872146841447575,2.0,97.7865775511309,True,False,False,-1,0,False,0.0,8,8,
148,0,0,0.10440165471889613,0.07979561072216852,1.0,0.5351031121487152,0.26463822251999003,0.0,0.0,False,False,False,-1,0,False,0.0,10,10,
149,5,29,0.5376017896812486,0.5253189995084457,0.9978602819265503,0.6455617751694265,0.18046846788174123,0.3588035123217601,0.9655052125685026,False,False,False,-1,0,False,0.0,13,13,
150,2,44,0.22153433155238073,0.44790815840021303,0.9528970825837216,0.5589383779962485,0.13870888968856482,0.13405995745969618,0.2395849375173732,False,False,False,-1,0,False,0.0,9,9,
151,2,53,0.2790849903327572,0.9264374662075708,1.0,0.5026433689205065,0.4005653869330685,0.19587916648071016,0.3688210047139796,False,False,False,-1,0,False,0.0,8,8,
152,2,62,0.5377794793373376,0.3896323494599314,1.0,0.5321010774899296,0.2558744849019255,0.0951952320150437,0.02373342487350633,False,False,False,-1,0,False,0.0,13,13,
153,1,0,0.40556956044521647,0.3994497912842878,0.9941505818506258,0.42523838707561784,0.14516338519638974,0.07817929612288309,0.07234188818405042,False,False,False,-1,0,False,0.0,8,8,
154,4,1,0.5471160264557327,0.2955685254938746,1.0,0.536537847491919,0.14306158537169142,0.34261482331036697,1.439693812202194,False,False,False,-1,0,False,0.0,13,13,
155,0,13,0.20275287986155163,0.1915287793953145,1.0,0.6368474955350346,0.08048234920020167,0.0,0.0,False,False,False,-1,0,False,0.0,7,7,
156,0,0,0.047671649632702054,0.08886172459791103,0.9925434080159881,0.5633645289206715,0.34183077369187653,0.0,0.0,False,False,False,-1,0,False,0.0,8,8,
157,1,81,0.6535836018771642,0.19360061603771225,1.0,0.6541844810835561,0.19183239800122454,0.11616314914249473,0.35688628648537435,False,False,False,-1,0,False,1.3599999999999999,12,12,
158,1,2,0.17672471097022005,0.41748110005373806,0.9778097615733572,0.6093359359538735,0.0362527280490143,0.017033672881509084,0.00015563843334256703,False,False,False,-1,0,False,0.0,12,12,
159,2,20,0.5666650595648435,0.18300311771342323,1.0,0.598248450155367,0.2362039493024568,0.12985916001671288,0.2251510303422423,False,False,False,-1,0,False,0.0,9,9,
160,2,1,0.22179836586184265,0.24629148309553844,0.9258298005417922,0.5688338476016557,0.3633033427653829,0.08016692854233022,0.009932327582390519,False,False,False,-1,0,False,0.0,10,10,
161,6,55,0.8049275680710238,0.307787089703912,0.9905825560897327,0.49601457974919416,0.1218922192320834,0.3186655802060649,0.10941355020642055,False,False,False,-1,0,False,0.0,12,12,
162,5,36,0.6900347508909846,0.5095675638034352,1.0,0.5797669382207553,0.28765793530405026,0.36874709787068144,0.923905082824203,False,False,False,-1,0,False,0.0,10,10,
163,0,35,0.19062150413631232,0.17788816206890343,0.9972461745415919,0.5661136523435201,0.20522780922026188,0.0,0.0,False,False,False,-1,0,False,0.0,6,6,
164,0,2,0.0667712874838829,0.14119758762501172,1.0,0.5522473665166394,0.5007689540706879,0.0,0.0,False,False,False,-1,0,False,0.0,15,15,
165,1,33,0.42010225604261753,0.08454052786375786,0.9919148378599347,0.5847908243484591,0.07123422248480084,0.019404756765075526,0.00026317151618582036,False,False,False,-1,0,False,0.0,8,8,
166,0,1,0.1945324759584636,0.2934625277043924,1.0,0.5488590579616975,0.047744436899886784,0.0,0.0,False,False,False,-1,0,False,0.0,8,8,
167,0,227,0.10527654278201981,0.30406783030280166,0.5764845438358716,0.44792261730018884,0.25094686650579817,0.0,0.0,False,False,False,-1,333,True,1.3,10,10,
168,0,0,0.08813536239376885,0.398483580650404,1.0,0.6101642533578223,0.24374445817528106,0.0,0.0,False,False,False,-1,0,False,0.0,8,8,
169,1,29,0.45408244544495996,0.18390419432811786,1.0,0.6099301624619898,0.1670919673528235,0.11215791889548811,0.3098220977635573,False,False,False,-1,0,False,0.0,6,6,
170,0,51,0.18186222969048413,0.8271039090057591,0.962912085080128,0.46088758418687403,0.016803135065236834,0.0,0.0,False,False,False,-1,0,False,0.0,7,7,
171,729,1,1.0,1.0,0.9444663321736821,0.47769659756451,0.6378629627602823,2.0,98.19298230926847,True,False,False,-1,0,False,0.0,9,9,
172,0,36,0.153702489748032,0.3978312441229775,0.9978512204306852,0.5833003495426073,0.044351506316056555,0.0,0.0,False,False,False,-1,0,False,0.0,10,10,
173,1,21,0.4311502334997305,0.3615829897745976,1.0,0.5653539461316934,0.10901848314936137,0.08773257954878862,0.11513042268007563,False,False,False,-1,0,False,0.0,6,6,
174,1,0,0.20600947088063318,0.44947162431247956,1.0,0.5266505040624475,0.5095980012009065,0.017291754478571068,0.00016536310693521307,False,False,False,-1,0,False,0.0,14,14,
175,0,190,0.18410268733002397,0.19320882679754622,0.9592421651685422,0.5529839660436326,0.023347796482930862,0.0,0.0,False,False,False,-1,0,False,1.21,7,7,
176,2,10,0.40366871058400444,0.22220031965702605,0.9933178246297276,0.5742630812076454,0.03398304320823703,0.11468373937989547,0.04188747961796165,False,False,False,-1,0,False,0.0,9,9,
177,1,0,0.451270041728873,0.09090354429529099,0.933077657729626,0.5289370898267645,0.21699540106420687,0.017205295706178212,0.0001620558447965088,False,False,False,-1,0,False,0.0,9,9,
178,1,0,0.10019898309066766,0.4982380910904586,1.0,0.5311094859326364,0.41837118223821484,0.08470761695221092,0.09994765958206091,False,False,False,-1,0,False,0.0,10,10,
179,0,1,0.25920918079359345,0.3403756953567589,0.9717960667694275,0.5563396148297917,0.0689304756565455,0.0,0.0,False,False,False,-1,0,False,0.0,9,9,
180,0,0,0.08600821275578466,0.2708018959142243,1.0,0.5464730639018582,0.23962795751445792,0.0,0.0,False,False,False,-1,0,False,0.0,7,7,
181,0,119,0.19932662830810471,0.3186218160749853,1.0,0.48483299759906867,0.4328636351309366,0.0,0.0,False,False,False,-1,11,True,1.33,11,11,
182,0,181,0.0425643262302723,0.1843723595144113,0.9363928587575309,0.5585735630508838,0.2751106848878589,0.0,0.0,False,False,False,-1,169,True,1.42,14,14,
183,1,0,0.2704635792992347,0.4858303261689838,1.0,0.5022006767791501,0.05010088454345874,0.052090832278338425,0.014083220242514675,False,False,False,-1,0,False,0.0,8,8,
184,1,0,0.34376895958681764,0.4349300314615785,0.9204727876859811,0.5250217582227373,0.02724337408355903,0.04370882406947791,0.00694407847815876,False,False,False,-1,0,False,0.0,11,11,
185,0,0,0.33048139325893267,0.10138920788372206,1.0,0.5589861373585493,0.1467669508062398,0.0,0.0,False,False,False,-1,0,False,0.0,8,8,
186,2,0,0.4122852904231872,0.2387831660975375,1.0,0.5449943590453995,0.2775993496992428,0.26087640573657356,1.14733043293807,False,False,False,-1,0,False,0.0,6,6,
187,0,2,0.16449795707700207,0.29312020092842744,1.0,0.5797515291571409,0.18988485443874384,0.0,0.0,False,False,False,-1,0,False,0.0,10,10,
188,3,1,0.6477312371617128,0.3903502088431142,0.9816546355982388,0.553820419606529,0.38014754635165415,0.13203661473289433,0.032512612535888295,False,False,False,-1,0,False,0.0,8,8,
189,0,10,0.07141981841259533,0.07085840463578418,0.9443161506202402,0.5677555921793862,0.334410999014229,0.0,0.0,False,False,False,-1,0,False,0.0,7,7,
190,0,14,0.5182829291886233,0.08976452591037119,0.9493690043935812,0.5448838157082774,0.20594307414748045,0.0,0.0,False,False,False,-1,0,False,0.0,9,9,
191,0,0,0.09231831190271951,0.6311625607539836,1.0,0.561637622254977,0.48516209524459586,0.0,0.0,False,False,False,-1,0,False,0.0,10,10,
192,2,1,0.6053815261977854,0.45031268864256024,0.9511787779174719,0.5960166893911343,0.3315504312910001,0.1757820658543146,0.7568000828859044,False,False,False,-1,0,False,0.0,10,10,
193,3,0,0.6254138047180009,0.23166233722586485,0.9650468030915795,0.5800883774772225,0.4394592238694237,0.23547045742686032,0.24328975532580485,False,False,False,-1,0,False,0.0,10,10,
194,1,1,0.4517114983005844,0.5749393470208269,0.9681265274009215,0.5631248923416652,0.3061245753869817,0.14925,0.98,False,False,False,-1,0,False,0.0,9,9,
195,3,31,0.5119613715570407,0.29874589196068047,1.0,0.44832764697621563,0.11513300035144826,0.1325462354602283,0.0710543545569863,False,False,False,-1,0,False,0.0,7,7,
196,675,11,1.0,1.0,0.9885814103942944,0.4273690881287733,0.5419799571091126,2.0,89.2737363507608,True,False,False,-1,0,False,0.0,7,7,
197,2,35,0.31299240499863146,0.1990682159680033,0.9220300031962981,0.5547065268030194,0.07514573092755397,0.12064627341347527,0.2289657135416267,False,False,False,-1,0,False,0.0,7,7,
198,0,50,0.10131658903663159,0.47468393771576417,0.9802732731785152,0.4524783100275354,0.07572274583315029,0.0,0.0,False,False,False,-1,0,False,0.0,6,6,
199,0,269,0.6419246979289868,0.14982288106125857,0.25286818468446676,0.5559695187770418,0.06636734310228935,0.0,0.0,False,False,False,-1,393,True,1.27,9,9,
200,0,256,0.20616203086735993,0.31271908130965337,0.5694961061656375,0.4053326841251583,0.12794858902911102,0.0,0.0,False,False,False,-1,369,True,1.3,10,10,
201,0,12,0.17609969598076083,0.2766328036405015,0.9296549009047721,0.48600451297872915,0.007050447625288033,0.0,0.0,False,False,False,-1,0,False,0.0,6,6,
202,0,37,0.09591545408665544,0.2728409878579863,0.9836033159135599,0.5055995834234502,0.18022012334426335,0.0,0.0,False,False,False,-1,0,False,0.0,6,6,
203,1,43,0.41159747038973665,0.3966111388634723,0.936776404802296,0.5108307408805638,0.21711534354440368,0.03798528448934054,0.003944071139521719,False,False,False,-1,0,False,0.0,7,7,
204,6,34,0.6578382070722538,0.4124210909814171,0.9760415016921986,0.6098461709310277,0.31448411405095417,0.48869595120936626,1.624253078677182,False,False,False,-1,0,False,0.0,7,7,
205,1,30,0.40230192459032427,0.33583894394886327,1.0,0.553820524226613,0.1626843214590901,0.066593269819718,0.037898695559615975,False,False,False,-1,0,False,0.0,6,6,
206,1,145,0.4836899818443936,0.37307850877442283,0.9897736726449665,0.5878936961694802,0.21790320465616217,0.13035794933178893,0.5679761759500592,False,False,False,-1,0,False,1.21,7,7,
207,1,1,0.17214971309400492,0.713409506639452,0.9940984124194987,0.6003511484941254,0.01217696598479059,0.01999722434217394,0.00029708616551980496,False,False,False,-1,0,False,0.0,8,8,
208,0,199,0.2499962406606815,0.17160574951965812,0.6036461404400324,0.5631312638403201,0.02367526725213316,0.0,0.0,False,False,False,-1,178,True,1.3,10,10,
209,2,0,0.5129570529805443,0.23424463799589482,1.0,0.5628595147940804,0.5470313800344677,0.0828969489980172,0.01811342431431026,False,False,False,-1,0,False,0.0,8,8,
210,4,18,0.6524635543673943,0.7789640409344656,1.0,0.5125712438053031,0.30410588540524186,0.27942151404684196,0.7549759309097183,False,False,False,-1,0,False,0.0,7,7,
211,853,0,1.0,1.0,1.0,0.6326900001553499,0.5481110314371503,2.0,100.58795447041874,True,False,False,-1,0,False,0.0,8,8,
212,1,52,0.12977091545573752,0.4559429167244812,0.9795643467981453,0.5238258246477372,0.2956207054886636,0.09132217635538604,0.13532607744362551,False,False,False,-1,0,False,0.0,9,9,
213,1,2,0.19938961878712924,0.40785777365916054,0.986781853749402,0.5209182912679745,0.2966220583384354,0.029123171179589933,0.0013518445404743713,False,False,False,-1,0,False,0.0,8,8,
214,7,2,0.6587589900390562,0.6926058146264904,0.9902561819178778,0.4587363716803005,0.22446024768803324,0.6413815267545314,2.975773179121826,False,False,False,-1,0,False,0.0,6,6,
215,2,21,0.25077553836308064,0.4537933395616268,0.9979122010294945,0.5183836269371015,0.06132315147284218,0.11271498218300212,0.06643972589572301,False,False,False,-1,0,False,0.0,8,8,
216,0,255,0.4727695782823431,0.43875461429968216,0.8220507575094343,0.49290540773018693,0.08902556316865215,0.0,0.0,False,False,False,-1,349,True,1.18,6,6,
217,0,0,0.13163665663580487,0.26430009039559077,0.9808167232162117,0.540114935716948,0.5560728894701052,0.0,0.0,False,False,False,-1,0,False,0.0,6,6,
218,1,1,0.3200065242044733,0.20264695440500527,1.0,0.537563956439481,0.37284931299163576,0.06429717694949263,0.032900825292046715,False,False,False,-1,0,False,0.0,6,6,
219,1,1,0.622139548686093,0.2231822738690659,1.0,0.5453305339971737,0.3536982413494585,0.02232862306964447,0.0004633495687483912,False,False,False,-1,0,False,0.0,7,7,
220,1,107,0.5291163437912988,0.36940437270637394,1.0,0.515366073052309,0.24725688608326174,0.09041123764624108,0.12996716477685794,False,False,False,-1,4,False,1.18,6,6,
221,0,2,0.39286252350697864,0.1459750934016734,0.9862069902759786,0.56952164551713,0.301646042649495,0.0,0.0,False,False,False,-1,0,False,0.0,10,10,
222,1,178,0.5526728096658805,0.6393169831531685,0.7469535756118988,0.5933472773694822,0.007021663181770549,0.02661056626639605,0.0009397149019099258,False,False,False,-1,148,True,1.18,6,6,
223,1,24,0.12122546864771791,0.17494544186008834,0.9787034439953651,0.560612312455704,0.3755339922237654,0.0313973107753823,0.0018303562058476855,False,False,False,-1,0,False,0.0,6,6,
224,0,0,0.28167660317700194,0.19921799537712645,0.9854201276927689,0.5558204495868517,0.3492083502509569,0.0,0.0,False,False,False,-1,0,False,0.0,6,6,
225,888,38,1.0,1.0,0.9608295280624535,0.5356036657675853,0.664076810190913,2.0,107.5825571062805,True,False,False,-1,0,False,0.0,6,6,
226,1,0,0.09646213413333887,0.6384310503969173,0.9520878474847979,0.5207529462670243,0.10905662625131766,0.02395183614497094,0.0006148139364982807,False,False,False,-1,0,False,0.0,6,6,
227,2,0,0.30321586233858056,0.3695933424654254,0.9897546837779494,0.5072946319146548,0.21425690782252044,0.04563012891943448,0.001182455929058649,False,False,False,-1,0,False,0.0,6,6,
228,655,37,1.0,1.0,1.0,0.5985679484553291,0.7531496199262057,2.0,86.23521706610242,True,False,False,-1,0,False,0.0,9,9,
229,0,128,0.15404246048144005,0.2245409864728806,0.8064875809179436,0.5747020274960902,0.09498490752662223,0.0,0.0,False,False,False,-1,40,True,1.18,6,6,
230,2,42,0.36497530676527673,0.753894684662668,0.9551776172442211,0.6575813922009108,0.1490527161106166,0.12443644951600008,0.1429308609167388,False,False,False,-1,0,False,0.0,10,10,
231,9,0,0.8277073287615119,0.324652672495926,1.0,0.5237602556517653,0.008369206771742847,0.5919954290235601,0.8455907776871717,False,False,False,-1,0,False,0.0,6,6,
232,1,1,0.32833762044187803,0.05267910753910206,1.0,0.4860980956144199,0.3858845349855357,0.1363734392373795,0.6812326242398921,False,False,False,-1,0,False,0.0,8,8,
233,2,0,0.5230755926586662,0.2650633586500323,1.0,0.5190624783677417,0.09397183778746805,0.16685968251521663,0.8177129713362122,False,False,False,-1,0,False,0.0,6,6,
234,0,64,0.18489059365333857,0.23534586466782806,1.0,0.5642851624827677,0.22507716711750486,0.0,0.0,False,False,False,-1,0,False,0.0,6,6,
235,1,0,0.5082369839859094,0.20969451959062527,1.0,0.5785392615886641,0.5094262111194937,0.032681938300011086,0.0021514289611379175,False,False,False,-1,0,False,0.0,6,6,
236,1,1,0.10906534192580644,0.45383607964629735,0.9534943535157252,0.572399701511515,0.09694576326400402,0.066593269819718,0.037898695559615975,False,False,False,-1,0,False,0.0,6,6,
237,1,0,0.09966444698823478,0.48702777945917164,0.967993994159957,0.6091419972082673,0.33890756947927586,0.06024096979467229,0.025301471274719014,False,False,False,-1,0,False,0.0,7,7,
238,2,21,0.5352211458896973,0.4475525260255917,1.0,0.5347560142454607,0.27925908244591585,0.12165156186774657,0.1317609138585886,False,False,False,-1,0,False,0.0,5,5,
239,0,2,0.20841653597892135,0.11230375352443212,0.9801570173036511,0.46544022387485884,0.12745393817047979,0.0,0.0,False,False,False,-1,0,False,0.0,7,7,
240,0,38,0.3297121370700253,0.18569551761166558,1.0,0.4243790507009143,0.4651108493912909,0.0,0.0,False,False,False,-1,0,False,0.0,6,6,
241,3,1,0.5346784899423059,0.3120142803210577,1.0,0.5611799338605792,0.4443966772842893,0.07589541638367822,0.002658098869511831,False,False,False,-1,0,False,0.0,8,8,
242,0,21,0.383970343807529,0.2817209030816738,0.9634760561380092,0.5282210273566724,0.3312855613466387,0.0,0.0,False,False,False,-1,0,False,0.0,8,8,
243,0,0,0.200757755044306,0.4971704526551451,1.0,0.552327409620844,0.19749370498719448,0.0,0.0,False,False,False,-1,0,False,0.0,6,6,
244,1,69,0.39112829881664174,0.43819398295013146,0.9972397224746713,0.501259283700699,0.35779247826229876,0.0936398801465309,0.14971010504758586,False,False,False,-1,25,True,1.27,9,9,
245,2,0,0.43011198214593266,0.5883011543856639,0.9874959979640978,0.5649673856306461,0.25401090128890896,0.0846097423591436,0.024136746195269454,False,False,False,-1,0,False,0.0,6,6,
246,0,0,0.13588486661971763,0.21400052795693725,0.9702237599114925,0.624695370403171,0.09173922123291059,0.0,0.0,False,False,False,-1,0,False,0.0,7,7,
247,1,1,0.17747069202339058,0.4396806932609011,1.0,0.5340417104090027,0.29445663836529073,0.04504334536277605,0.007838954906837833,False,False,False,-1,0,False,0.0,9,9,
248,849,13,1.0,1.0,1.0,0.5170697702226438,0.09807255756066337,2.0,105.56603053177335,True,False,False,-1,0,False,0.0,6,6,
249,1,18,0.29353057420031137,0.2707634581371089,0.9670532032559405,0.5796873069296752,0.058448456789672906,0.13366635836703128,0.6283472821521205,False,False,False,-1,0,False,0.0,7,7,
250,0,1,0.3469008722949861,0.10890009863690968,1.0,0.4897987507537406,0.34093510650538733,0.0,0.0,False,False,False,-1,0,False,0.0,9,9,
251,871,47,1.0,1.0,1.0,0.5151698290962367,0.5883433198919796,2.0,97.42686952578367,True,False,False,-1,0,False,0.0,8,8,
252,1,0,0.20908405757261792,0.2636252824897626,1.0,0.5788277302444074,0.37862502437978973,0.08386265847311261,0.0959897322626113,False,False,False,-1,0,False,0.0,7,7,
253,0,40,0.4145994620590783,0.030964668721014367,0.9587479791565992,0.5755078336913773,0.1228273751466273,0.0,0.0,False,False,False,-1,0,False,0.0,6,6,
254,957,41,1.0,1.0,0.854140281556228,0.5451608260150216,0.6159318196078889,2.0,124.56114220398851,True,False,False,-1,0,False,0.0,5,5,
255,0,54,0.32637002157790135,0.20402252921178146,1.0,0.45208795979477534,0.2542493316935328,0.0,0.0,False,False,False,-1,0,False,0.0,7,7,
256,2,100,0.5369901899272047,0.24499683912116527,0.9995767748934046,0.5527508668100357,0.06466706869044037,0.05498388861686926,0.0021432793236976027,False,False,False,-1,0,False,1.18,6,6,
257,0,61,0.4864702543347677,0.3055330292144567,1.0,0.5375518360383502,0.3568987810036401,0.0,0.0,False,False,False,-1,1,False,0.0,8,8,
258,1,1,0.5514621709725096,0.05546922019706604,0.9685478446111117,0.5639809138291383,0.22303833528431566,0.046186519304523596,0.008672170100067149,False,False,False,-1,0,False,0.0,9,9,
259,4,1,0.522956178647343,0.40728107710537176,0.8754354074625521,0.5142974501892429,0.5144709396253874,0.3152743872604036,0.5773618247312208,False,False,False,-1,0,False,0.0,7,7,
260,5,0,0.9772785525034736,0.4065697533196936,1.0,0.614018136363946,0.2936844578419895,0.3616898531088016,0.6447312976586095,False,False,False,-1,0,False,0.0,5,5,
261,3,1,0.4050648254427649,0.5878187474148813,1.0,0.6571177980580262,0.21833601442224015,0.17986544591288225,0.335910564365267,False,False,False,-1,0,False,0.0,5,5,
262,2,0,0.8658743385388853,0.23219831472744268,1.0,0.46779916244079933,0.2964034310589339,0.1243470672045923,0.06723103927743257,False,False,False,-1,0,False,0.0,6,6,
263,533,62,1.0,1.0,0.936563733209796,0.499230782831964,0.3243891344155673,1.99,85.50899409196617,True,False,False,-1,0,False,0.0,6,6,
264,1,45,0.29506124891628277,0.49106744995805596,1.0,0.5366670788748399,0.1423404831758925,0.019211194316343896,0.00025274992414486185,False,False,False,-1,0,False,0.0,7,7,
265,0,0,0.34786004619547456,0.2989240946206848,1.0,0.5166834105422401,0.15049484052639045,0.0,0.0,False,False,False,-1,0,False,0.0,10,10,
266,3,1,0.6746843341629447,0.20192541753864318,1.0,0.5165399825347533,0.09978848742919474,0.2982829508568814,0.6244153940017165,False,False,False,-1,0,False,0.0,7,7,
267,0,54,0.058265988268339376,0.32128152924426506,1.0,0.49549619120532823,0.12887391671549203,0.0,0.0,False,False,False,-1,0,False,0.0,7,7,
268,0,251,0.11346467351115053,0.4530576202951991,0.5261202114578076,0.4882474331960225,0.5298343469551282,0.0,0.0,False,False,False,-1,399,True,1.21,7,7,
269,0,0,0.157766873271601,0.3552784904558115,0.996426151771765,0.4911597553688914,0.11764059898022017,0.0,0.0,False,False,False,-1,0,False,0.0,7,7,
270,1,1,0.1535586256884852,0.4683455967256829,1.0,0.493141695180635,0.26353124634534386,0.03155508620641437,0.0018677104141302913,False,False,False,-1,0,False,0.0,7,7,
271,1,121,0.31441822947450987,0.06324132456411899,0.9969083071414508,0.5163838668687869,0.17119024536365673,0.11733355131688061,0.37160171437460887,False,False,False,-1,0,False,1.21,7,7,
272,1,1,0.30762533962281113,0.6573102002226795,0.9882159645280344,0.5269958782898303,0.12019834507391804,0.035588971151282456,0.0030330790111268136,False,False,False,-1,0,False,0.0,7,7,
273,2,1,0.24987148835134837,0.09578132049019467,1.0,0.5264804519775212,0.19708912288248492,0.16129510094581234,0.22499357235892425,False,False,False,-1,0,False,0.0,6,6,
274,2,0,0.698472733539151,0.15938892456981238,1.0,0.5502277203091986,0.18593906123539344,0.0783383069372813,0.008993871527044246,False,False,False,-1,0,False,0.0,6,6,
275,2,0,0.38715268207398496,0.27796177647551873,0.9235020411800546,0.47224958303869086,0.14313593210639913,0.18764508689508605,0.38170552608093994,False,False,False,-1,0,False,0.0,7,7,
276,0,249,0.48981171332923856,0.41629499349877536,0.983607440826188,0.5208342663992502,0.313692596144806,0.0,0.0,False,False,False,-1,341,True,1.21,7,7,
277,0,33,0.11207915728362013,0.12505659688591764,1.0,0.4677178296307114,0.20371032271155798,0.0,0.0,False,False,False,-1,0,False,0.0,7,7,
278,1,1,0.4152488700204995,0.5316807729702524,0.9935382190055005,0.5405278854352416,0.056236434449235984,0.09553632388408166,0.16231057352151648,False,False,False,-1,0,False,0.0,6,6,
279,881,16,1.0,1.0,0.9896839163149465,0.5632338608859428,0.3978433514928784,2.0,111.18000771679719,True,False,False,-1,0,False,0.0,6,6,
280,1,0,0.3343770644262731,0.6097212908180715,1.0,0.5611384141118286,0.26987225458357844,0.08906183862296622,0.12232405575066048,False,False,False,-1,0,False,0.0,8,8,
281,0,0,0.14377266098873945,0.30096109313776415,1.0,0.5316469464784505,0.08391639435599181,0.0,0.0,False,False,False,-1,0,False,0.0,7,7,
282,2,32,0.4244955222525655,0.36777643003246463,0.953701591212993,0.5750611306958616,0.012055326547455083,0.10185153596452438,0.03721015634603986,False,False,False,-1,0,False,0.0,6,6,
283,3,0,0.3959139732481411,0.6984607042605054,1.0,0.4851551137926369,0.4581640407936359,0.32960666572392006,1.5154612112005632,False,False,False,-1,0,False,0.0,6,6,
284,1,60,0.46768538760215517,0.0763651369185529,1.0,0.5062350214879272,0.3282145678326717,0.06176985061691649,0.027990805570896914,False,False,False,-1,0,False,0.0,6,6,
285,2,30,0.414600127927424,0.4842013906656011,1.0,0.5676731450009362,0.3435158380401686,0.06710030675822502,0.005718386453409542,False,False,False,-1,0,False,0.0,6,6,
286,0,1,0.3394676226391132,0.36756144346859576,1.0,0.5421025829710043,0.24397455989468675,0.0,0.0,False,False,False,-1,0,False,0.0,6,6,
287,1,0,0.14541850775974707,0.34495519598614754,0.9978040399354563,0.6391247754147888,0.28099663865801655,0.03836800534263331,0.004106696313537816,False,False,False,-1,0,False,0.0,7,7,
288,2,14,0.46102563210378567,0.44738792887247114,0.9585126626093426,0.6076693985060259,0.15285757459124327,0.16111363223100986,0.1878043719584178,False,False,False,-1,0,False,0.0,6,6,
289,3,68,0.39899386048954344,0.39367304857414487,0.9804656437223833,0.5992379472808153,0.2905595266602074,0.21901348466220968,0.5724637066628793,False,False,False,-1,0,False,0.0,5,5,
290,0,38,0.4437005849980012,0.13918941733035056,0.9991880270448399,0.5408600725385657,0.3003392867616,0.0,0.0,False,False,False,-1,0,False,0.0,6,6,
291,0,33,0.12816793279604471,0.3558587352449558,0.9775496681653442,0.571694012809202,0.05231539636649639,0.0,0.0,False,False,False,-1,0,False,0.0,7,7,
292,1,0,0.26221807204151,0.37224040814671533,0.9678758747147483,0.6191279935846179,0.1935683253507405,0.027838535819293252,0.0011270973603683678,False,False,False,-1,0,False,0.0,7,7,
293,0,17,0.06988090207677894,0.20826042267444278,0.9591192530970197,0.5488472431116933,0.4744852752944284,0.0,0.0,False,False,False,-1,0,False,0.0,7,7,
294,931,0,1.0,1.0,1.0,0.4279097022292477,0.37313344762271106,2.0,109.84064598174771,True,False,False,-1,0,False,0.0,6,6,
295,6,0,1.0,0.5218357969450184,1.0,0.5497675020816473,0.24384836310886115,0.4690799539036344,1.0470406355283295,False,False,False,-1,0,False,0.0,6,6,
296,3,3,0.5535095721328845,0.4167805352389048,1.0,0.4530991155267946,0.11058194238592971,0.2891339142600399,0.6017943519365464,False,False,False,-1,0,False,0.0,6,6,
297,1,57,0.15264684336662235,0.5508340286744303,1.0,0.565114645723458,0.18160955130993658,0.03704510133520906,0.0035651279270723563,False,False,False,-1,0,False,0.0,6,6,
298,1,0,0.3244445720561835,0.7715417136557591,1.0,0.604869682994295,0.18653524362205762,0.11911130239402422,0.39482030698795667,False,False,False,-1,0,False,0.0,6,6,
299,1,0,0.4195082571948748,0.6651141986713829,0.9956157643996899,0.5853694477195303,0.19258837182158625,0.03914505421690023,0.004452339631430704,False,False,False,-1,0,False,0.0,7,7,
300,1,12,0.12782386653081057,0.3893165231800917,1.0,0.49418897225067565,0.09952466524640155,0.028260324697950756,0.001197521186291817,False,False,False,-1,0,False,0.0,6,6,
301,1,178,0.5014690576251477,0.2559879708694014,0.9618731464949664,0.45558613692896655,0.19400308737943311,0.02395183614497094,0.0006148139364982807,False,False,False,-1,13,True,1.21,7,7,
302,0,172,0.2168920083154816,0.05760796568641062,0.8047742766969889,0.6005135643729111,0.17239108794504038,0.0,0.0,False,False,False,-1,12,True,1.18,6,6,
303,4,1,0.6647854203195152,0.2087881644971971,1.0,0.5925782880859364,0.07215322300975802,0.2600372553983255,0.4361991135769238,False,False,False,-1,0,False,0.0,5,5,
304,0,0,0.05750933769922287,0.638748011807295,1.0,0.5414902716300436,0.4107671962949476,0.0,0.0,False,False,False,-1,0,False,0.0,6,6,
305,1,0,0.5313291274849246,0.10987876486026821,1.0,0.584939203155706,0.13821640044252717,0.026213400238549303,0.0008844521479584068,False,False,False,-1,0,False,0.0,7,7,
306,0,1,0.4484067399307986,0.4531405063472486,1.0,0.4703632906438634,0.06966461424733571,0.0,0.0,False,False,False,-1,0,False,0.0,6,6,
307,1,60,0.19016362949997234,0.09032906121822377,0.9940525036120323,0.5573127439763879,0.22381900537444466,0.09086556547360912,0.132619555894753,False,False,False,-1,0,False,0.0,7,7,
308,4,12,0.8488022399790518,0.28864864520181477,0.9957894457127712,0.5029281327529366,0.2547158461926695,0.3276942249940839,0.5567261505009513,False,False,False,-1,0,False,0.0,7,7,
309,0,1,0.1583006303622143,0.30510566143036394,0.9155089967627723,0.4700573324006625,0.3237920733681354,0.0,0.0,False,False,False,-1,0,False,0.0,7,7,
310,0,0,0.19449868445903473,0.2941584198318005,0.9764377850453686,0.646282253452946,0.007855698001419234,0.0,0.0,False,False,False,-1,0,False,0.0,6,6,
311,9,1,1.0,0.5460219038180537,0.9403593252664529,0.4801325008820987,0.019605516063787454,0.5723764473624965,1.2458338450397088,False,False,False,-1,0,False,0.0,6,6,
312,5,0,0.6255106373462367,0.803381040596431,0.9378387100888869,0.5301319816316161,0.07696407722826461,0.2883487937072028,0.15633022403193447,False,False,False,-1,0,False,0.0,6,6,
313,4,37,0.6187516569971937,0.28244297991510614,0.9860125571466463,0.5374691470986706,0.44791066011186087,0.2086358227693028,0.11375437087407379,False,False,False,-1,0,False,0.0,6,6,
314,2,0,0.3523287796684854,0.3042054085551368,1.0,0.5130863033562312,0.17330976964811784,0.18880427349790874,0.7223116801226088,False,False,False,-1,0,False,0.0,6,6,
315,3,25,0.5458810405162676,0.33372864970241833,0.9945179597098179,0.5029224718980224,0.24381939058710883,0.18880164506996389,0.40362264855744445,False,False,False,-1,0,False,0.0,6,6,
316,1,20,0.35938894998338067,0.3637780796692205,1.0,0.5476932546956316,0.1838745474321325,0.12213427806263404,0.4367863958719317,False,False,False,-1,0,False,0.0,6,6,
317,0,1,0.15626305381754071,0.12710874178306153,1.0,0.5247244311024303,0.1507076131161307,0.0,0.0,False,False,False,-1,0,False,0.0,5,5,
318,0,49,0.15790460411514323,0.19699070333875413,1.0,0.5254026585484957,0.20311711102404972,0.0,0.0,False,False,False,-1,0,False,0.0,6,6,
319,0,2,0.1386501146093565,0.5444434820479002,0.9832651916145961,0.5262282408480919,0.11632516022322173,0.0,0.0,False,False,False,-1,0,False,0.0,6,6,
320,0,0,0.43715049530241784,0.21007594131535293,0.934172794114219,0.5225845404228302,0.1509431368688403,0.0,0.0,False,False,False,-1,0,False,0.0,6,6,
321,0,0,0.18243779997421633,0.3335832522473448,1.0,0.5334190645158282,0.08821768006366548,0.0,0.0,False,False,False,-1,0,False,0.0,6,6,
322,0,28,0.19452078732001402,0.4030217322651264,0.9877447891689808,0.5363442510234245,0.40551866339347054,0.0,0.0,False,False,False,-1,0,False,0.0,5,5,
323,0,46,0.27012710259577677,0.25383263810000484,1.0,0.5643881132070677,0.0645056252336174,0.0,0.0,False,False,False,-1,0,False,0.0,9,9,
324,0,1,0.2547797073079555,0.11053956592100407,1.0,0.6346605550587218,0.08777540444680654,0.0,0.0,False,False,False,-1,0,False,0.0,6,6,
325,1,13,0.2859667349115365,0.43080980079605335,1.0,0.4605584338782006,0.13873761261482956,0.04954411828432109,0.011507016293566985,False,False,False,-1,0,False,0.0,6,6,
326,4,0,0.6714637066864465,0.7210775119554951,1.0,0.528268386724302,0.29125445418809853,0.19425955961061955,0.14655340344782802,False,False,False,-1,0,False,0.0,6,6,
327,1,77,0.45824033057650465,0.16019638086043392,0.9450292093580797,0.4907771103892157,0.10620065256467459,0.10561045440804441,0.24312258149766156,False,False,False,-1,8,True,1.21,7,7,
328,2,16,0.33902889488065696,0.2550544339761142,0.9763555630917736,0.5353166792167373,0.047536292739204025,0.11281048393958346,0.07244956684286626,False,False,False,-1,0,False,0.0,5,5,
329,0,0,0.5932314526952776,0.322287411605342,1.0,0.4618680235491082,0.07806073605678213,0.0,0.0,False,False,False,-1,0,False,0.0,6,6,
330,1,27,0.41504007511811997,0.2688794971340307,1.0,0.4044208647614119,0.34973573822229304,0.03251852860851103,0.002108400381915159,False,False,False,-1,0,False,0.0,6,6,
331,2,15,0.48168004213832827,0.22990071075703705,0.9945451043981253,0.47767299850558315,0.0979951623308187,0.19876167611669196,0.50351225016718,False,False,False,-1,0,False,0.0,6,6,
332,0,14,0.28939354904692766,0.24853012111881292,0.9619039913352864,0.4629696552256841,0.1545700030923343,0.0,0.0,False,False,False,-1,0,False,0.0,5,5,
333,0,40,0.3525811971837397,0.28219693985576066,1.0,0.5904285739543543,0.17713531727524448,0.0,0.0,False,False,False,-1,0,False,0.0,6,6,
334,2,14,0.5211661214804958,0.3004282168453941,1.0,0.5303834660609693,0.025386805233220535,0.038058488617398814,0.0005043593366081772,False,False,False,-1,0,False,0.0,6,6,
335,0,179,0.5667998311826344,0.37202879843832165,0.23561285393197498,0.5260609212637022,0.10904538368777797,0.0,0.0,False,False,False,-1,280,True,1.18,6,6,
336,0,0,0.2609306136945761,0.30319917008429925,0.903014596491307,0.41069238731908714,0.1355745723147338,0.0,0.0,False,False,False,-1,0,False,0.0,6,6,
337,0,88,0.2081519565131122,0.18773076552399148,0.9859928632177903,0.5504403642019895,0.08183730275670949,0.0,0.0,False,False,False,-1,0,False,1.18,6,6,
338,1,0,0.18589454362069996,0.5296681722414404,0.9491964623039681,0.46008292650741206,0.23662350712300662,0.0526156736227251,0.014663911122984877,False,False,False,-1,0,False,0.0,6,6,
339,1,1,0.13806591581470046,0.26873633698272154,0.9716699452365989,0.5730021405947215,0.5062858475626328,0.0526156736227251,0.014663911122984877,False,False,False,-1,0,False,0.0,6,6,
340,0,2,0.1817271701319655,0.04572121825048757,0.9746591130215644,0.5817592311705015,0.2524233721108647,0.0,0.0,False,False,False,-1,0,False,0.0,6,6,
341,1,0,0.40476560110086,0.2517553118369411,1.0,0.5658152909548003,0.4107612142658102,0.0480762503834003,0.010193402710134216,False,False,False,-1,0,False,0.0,6,6,
342,2,56,0.18914827216575023,0.6273742030672167,0.9934631113054387,0.5367380482293365,0.5461155529714551,0.046042480953298125,0.0016744950291607084,False,False,False,-1,0,False,0.0,6,6,
343,5,0,0.7230956849584416,0.7187432094608155,0.9980082968807562,0.577677861869601,0.4001881538186235,0.4697462351570877,1.731756298242201,False,False,False,-1,0,False,0.0,6,6,
344,0,0,0.36385588973014643,0.37219902384798853,1.0,0.582498418530507,0.504135515555875,0.0,0.0,False,False,False,-1,0,False,0.0,6,6,
345,0,14,0.08637152657227162,0.6934153372051967,1.0,0.5449078766237133,0.16606993534678266,0.0,0.0,False,False,False,-1,0,False,0.0,6,6,
346,3,0,0.5722545230867302,0.37159914502689906,0.9899001133545756,0.5102270781698127,0.34352660985664074,0.13707155066075533,0.05239893673588661,False,False,False,-1,0,False,0.0,6,6,
347,0,0,0.3510283692202939,0.3461147610485732,0.9344654881158271,0.492468921903848,0.4984870524694352,0.0,0.0,False,False,False,-1,0,False,0.0,6,6,
348,0,1,0.21141986320656528,0.30200688831384165,0.9687610896380359,0.5491534585850951,0.5275960831025114,0.0,0.0,False,False,False,-1,0,False,0.0,6,6,
349,0,0,0.32029886795769247,0.13309076242395576,0.9883531862565433,0.48118055428029655,0.2529012897136057,0.0,0.0,False,False,False,-1,0,False,0.0,6,6,
