agent_id,punish_issued,punished_received,final_r,final_b,final_x,y,L,cap,service,is_enforcer,cadre_fallback,exited,exit_time,exit_intent,disengaged,exit_cost_eff_last,degree,degree_at_end,betweenness
0,0,225,0.5158890447585593,0.23234301142952332,0.593999304063016,0.7273628629488618,0.07907246805114826,0.0,0.0,False,False,True,151,114,False,2.56,5,5,
1,0,123,0.06825360419778295,0.4093900183732364,0.9672061954776576,0.3562128409843067,0.2956984100379653,0.0,0.0,False,False,True,204,133,False,1.45,1,1,
2,0,5,0.12484315838455476,0.36827182258539454,0.9370194077778635,0.5056849136137045,0.2559767647027576,0.0,0.0,False,False,False,-1,0,False,0.0,18,18,
3,0,53,0.32797504830083646,0.03670920819685527,0.5902061640003572,0.5238008387175279,0.15078606817482873,0.0,0.0,False,False,True,89,43,False,2.3499999999999996,5,5,
4,0,15,0.05392943074505494,0.22240043044377872,0.9772673486221373,0.6593624445201594,0.13631292221117178,0.0,0.0,False,False,True,53,12,False,1.81,1,1,
5,0,147,0.19099284738751657,0.1485051412444879,0.8383741372711374,0.41712389719669524,0.11758072986976605,0.0,0.0,False,False,True,115,95,False,2.4699999999999998,4,4,
6,0,655,0.17610321945374174,0.24096629937957267,0.6743422030430911,0.5083364421256021,0.058911381837721405,0.0,0.0,False,False,True,283,262,False,1.8399999999999999,3,3,
7,0,101,0.36336647799037886,0.22711432946076904,0.9568956156061523,0.2510636208042401,0.11732297944283777,0.0,0.0,False,False,True,161,102,False,1.5699999999999998,2,2,
8,0,126,0.524203351876249,0.3250956163949132,0.2705847856059354,0.3317494706120295,0.10434459078472076,0.0,0.0,False,False,True,134,96,False,2.3499999999999996,3,3,
9,0,136,0.42732586204768946,0.22284491648356264,0.58033098745118,0.3953995072860175,0.09989085633718874,0.0,0.0,False,False,True,101,76,False,2.62,5,5,
10,3,4,0.3482741573058573,0.37291515440049433,1.0,0.48957742946451543,0.21917683451850342,0.1193492461180334,0.01682997521446384,False,False,False,-1,0,False,0.0,19,19,
11,1,68,0.41914960069776747,0.18935522204768623,0.7636387616785694,0.07293696674538867,0.35274988143018204,0.019404756765075526,0.00026317151618582036,False,False,True,89,50,False,2.3499999999999996,5,5,
12,0,117,0.13618154899368992,0.2249708611158599,0.9655214373151725,0.6838443019839328,0.07808334267108664,0.0,0.0,False,False,True,195,128,False,2.02,3,3,
13,43,44,1.0,1.0,0.46522530783334926,0.5725772079088023,0.41660415380760096,0.248560197819753,0.007516712743936321,False,False,True,117,47,False,1.93,3,3,
14,0,30,0.510400460559435,0.6678544923776174,0.6573982822279499,0.31827166797874157,0.1948441909661633,0.0,0.0,False,False,True,132,19,False,1.3900000000000001,0,0,
15,1,34,0.6360268489638881,0.687658437658885,0.9615992894125752,0.6175268676529927,0.17423560549912837,0.019502268105603543,0.00026854236345491875,False,False,True,92,38,False,2.29,2,2,
16,6,116,0.25440282302149453,0.5264887563650568,1.0,0.49096339816829576,0.5458007180249406,0.11193467263363042,0.00141077176273587,False,False,True,216,120,False,1.63,2,2,
17,0,21,0.3915677609212111,0.361641608618625,0.7009653734254767,0.42042155294901273,0.23994759814616992,0.0,0.0,False,False,True,38,19,False,1.69,1,1,
18,0,3,0.18250698420656442,0.19479888146756869,0.9621668520711286,0.473073867250104,0.21813889944121634,0.0,0.0,False,False,False,-1,0,False,0.0,9,9,
19,28,48,1.0,0.911097504467057,0.8860354096914442,0.5221239171357889,0.5029540818746403,0.290346157434655,0.008323687434534011,False,False,True,97,37,False,1.3,0,0,
20,0,27,0.6519644214605326,0.5537024075599826,1.0,0.3974319482140103,0.062379398674791406,0.0,0.0,False,False,True,76,15,False,2.08,2,2,
21,0,31,0.5560910203595235,0.5323120347842555,0.9378462402380449,0.9388815784558254,0.4210929376679651,0.0,0.0,False,False,True,63,38,False,1.9,1,1,
22,0,32,0.262546150394077,0.6221773053265206,0.5157598426632704,0.49742728821897936,0.15178332607497502,0.0,0.0,False,False,True,78,43,False,1.9,2,2,
23,28,32,1.0,1.0,0.6938514513633585,0.3070108431583066,0.5841554255115888,0.2523261978636426,0.005395311149802434,False,False,True,81,51,False,1.69,1,1,
24,3,0,0.455789616329743,0.1990491198653097,1.0,0.4884888212817893,0.03493586536373753,0.2610035762764127,0.9872775535619354,False,False,False,-1,0,False,0.0,6,6,
25,1,92,0.5098093474802,0.2824332348031038,0.9859365820640871,0.356643485954528,0.3491759555188512,0.026345125867888747,0.0009025021917942927,False,False,True,201,99,False,1.3599999999999999,0,0,
26,0,42,0.42438673925533116,0.1933920654676249,0.021089244018069376,0.26533555207950665,0.16868025098723738,0.0,0.0,False,False,True,74,58,False,1.45,0,0,
27,6,16,0.5631952393478785,0.2926627863272971,1.0,0.5055509708558468,0.05044343130770252,0.3514531460683016,0.4479534906279106,False,False,False,-1,0,False,0.0,25,25,
28,662,1,1.0,1.0,0.9803810556692049,0.4224440173569724,0.5969762893128429,1.6448645648696971,32.165185397815385,True,False,False,-1,0,False,0.0,4,4,
29,2,33,0.38626686350343953,0.0590576807030658,0.9380490999237502,0.45715912334381203,0.30916817828805393,0.04210650486984964,0.0007653496678267306,False,False,True,136,23,False,1.45,1,1,
30,0,103,0.3667510952209806,0.2416843075782825,0.9554113046321977,0.42888090334853995,0.31362904066478053,0.0,0.0,False,False,True,261,87,False,1.6,2,2,
31,0,20,0.13901867298418433,0.07522237135621435,1.0,0.4423402187479475,0.1480687393795945,0.0,0.0,False,False,False,-1,0,False,0.0,4,4,
32,0,28,0.3158833812787824,0.5040294245829993,0.9886217559720357,0.28106289085463204,0.164639277181385,0.0,0.0,False,False,True,82,20,False,1.72,1,1,
33,0,1,0.17295844623110254,0.4204228888266637,0.9733791609800997,0.425038862036976,0.08735091167444554,0.0,0.0,False,False,False,-1,0,False,0.0,8,8,
34,0,204,0.18287679239136967,0.14714643481783155,0.782004011256497,0.45861735662896835,0.398682218953008,0.0,0.0,False,False,True,164,145,False,1.6,2,2,
35,0,77,0.49077786131365025,0.10025774392830163,0.3644407499817706,0.6984765228533498,0.004260864784392879,0.0,0.0,False,False,True,145,84,False,1.54,1,1,
36,0,5,0.17796563222751366,0.10111032506111725,1.0,0.5233832549897225,0.08690203775089375,0.0,0.0,False,False,False,-1,0,False,0.0,14,14,
37,0,207,0.2412860483574927,0.5844771195654392,0.9755511129531489,0.526295790416746,0.4149506221671152,0.0,0.0,False,False,True,278,213,False,1.24,1,1,
38,0,69,0.15642880624756791,0.4561208630269171,0.8590063633278497,0.6044689038322827,0.4220363471412136,0.0,0.0,False,False,True,346,32,False,1.27,1,1,
39,0,19,0.34475446638086793,0.25101092657485646,0.9165727308005607,0.38335877933686896,0.06387650947550565,0.0,0.0,False,False,True,80,14,False,1.63,2,2,
40,0,98,0.27473490044812615,0.5320967822129725,0.7744914656846135,0.5493593168789297,0.485053136435044,0.0,0.0,False,False,True,77,61,False,1.72,2,2,
41,0,91,0.1046200057211869,0.5717596696514936,0.9178257647396533,0.4761983704908854,0.36377032062082226,0.0,0.0,False,False,True,203,85,False,1.45,1,1,
42,1,1,0.3011082483469497,0.08100448883231268,1.0,0.39929814345501874,0.4096724511185893,0.029564423901878457,0.0014363111251204548,False,False,False,-1,0,False,0.0,10,10,
43,0,62,0.20854237997929365,0.0897395311838571,0.8941665569535295,0.6872983296047486,0.02163875812267899,0.0,0.0,False,False,True,82,48,False,1.8399999999999999,3,3,
44,0,89,0.25750661825606463,0.12641946660039496,0.9737739445576205,0.5288182214474388,0.13926220258947897,0.0,0.0,False,False,True,190,74,False,1.18,1,1,
45,0,37,0.4404809112823191,0.6023559356442486,0.8496078255990419,0.5773264667803671,0.10669390506608942,0.0,0.0,False,False,True,127,29,False,2.05,2,2,
46,0,96,0.13154954491859358,0.33772243820091286,0.716441777821414,0.5809647456321472,0.11593039168613452,0.0,0.0,False,False,True,126,89,False,1.69,1,1,
47,2,0,0.48270271188224245,0.5653829202025158,1.0,0.5006821005053609,0.3443269052872935,0.0701794758892364,0.015424183959149398,False,False,False,-1,0,False,0.0,2,2,
48,0,91,0.3042573030224279,0.15259150468065288,0.8440222190977528,0.5609576510152217,0.06510964469048221,0.0,0.0,False,False,True,131,98,False,1.45,0,0,
49,0,48,0.051601691034633766,0.21303187312334926,0.9053072589084731,0.38648837602805786,0.052017806688260795,0.0,0.0,False,False,True,70,51,False,1.48,1,1,
50,1,4,0.22341488087493327,0.342367930180379,1.0,0.4726711981329429,0.10593961377666376,0.06559935694349998,0.035669949071146075,False,False,False,-1,0,False,0.0,16,16,
51,537,0,1.0,1.0,1.0,0.5651227304086469,0.7163090720699669,0.9572444681866151,5.027381540871794,True,False,False,-1,0,False,1.3900000000000001,0,0,
52,1,23,0.12858673782259913,0.11406541549256662,1.0,0.4770699436143587,0.5234123179114831,0.041990763226410044,0.005907765195123471,False,False,False,-1,0,False,1.45,9,9,
53,0,43,0.2399155610036171,0.24376283002625793,0.8228379300475748,0.4321451539948539,0.07921938392997663,0.0,0.0,False,False,True,285,12,False,1.42,0,0,
54,0,18,0.4261746290801304,0.6505751202241684,0.8602346851671645,0.9085835267694544,0.005675463615563268,0.0,0.0,False,False,True,53,21,False,1.72,2,2,
55,0,77,0.16447871852563828,0.5444179676336707,0.4652085566653076,0.5787278706418639,0.03568283988309276,0.0,0.0,False,False,True,92,80,False,1.45,0,0,
56,0,32,0.3746264609815022,0.14407232898675099,0.4302765836272526,0.7636210819021068,0.2889355880798929,0.0,0.0,False,False,True,80,35,False,1.3900000000000001,1,1,
57,0,2,0.24689862086359776,0.24121922858234685,0.9680945385054187,0.4900240020116876,0.3234701992406206,0.0,0.0,False,False,False,-1,0,False,0.0,5,5,
58,4,2,0.4525344367193602,0.17991935253969937,0.9927941670564522,0.4715929354101653,0.39187477215357436,0.2507970829297678,0.22104899929822244,False,False,False,-1,0,False,0.0,10,10,
59,1,1,0.22044607943095237,0.0891737724248944,0.9439919072664997,0.5467799419099966,0.05784483847285152,0.03685987582853301,0.0034938253685309092,False,False,False,-1,0,False,0.0,7,7,
60,0,28,0.504984559604894,0.08780972507729642,0.9496798263169253,0.741679516441066,0.407658917355715,0.0,0.0,False,False,True,92,29,False,1.5699999999999998,2,2,
61,0,44,0.3689061033133818,0.6141427864087136,0.9632158020375452,0.18995379744295637,0.24460840886327592,0.0,0.0,False,False,True,118,41,False,1.3,0,0,
62,0,28,0.17444809983177287,0.4244327069305312,1.0,0.30685774218758866,0.5662772034673229,0.0,0.0,False,False,True,114,38,False,1.21,0,0,
63,1,0,0.0231165126997333,0.3479321427171028,0.9562653255285829,0.5909172205214497,0.178802244309559,0.09270582234206924,0.14378158488770146,False,False,False,-1,0,False,0.0,14,14,
64,0,27,0.5390247246207815,0.4339398399215673,0.843090024098666,0.5729548136712465,0.3002774329876178,0.0,0.0,False,False,True,78,16,False,1.3900000000000001,1,1,
65,1,2,0.32873740134471285,0.5057991459200503,1.0,0.3772161639270913,0.30998729230186584,0.08470761695221092,0.09994765958206091,False,False,False,-1,0,False,0.0,8,8,
66,2,3,0.25693356389850686,0.24108167144771298,1.0,0.48583149608281784,0.42357819794664375,0.2039844718000828,0.6979115903246754,False,False,False,-1,0,False,0.0,9,9,
67,2,1,0.5939691396739174,0.0908858088878544,1.0,0.45213535617306383,0.026692580957103553,0.09008639026662583,0.0546819369057845,False,False,False,-1,0,False,0.0,8,8,
68,2,1,0.41101959150018175,0.1297356073692406,1.0,0.49586353460279664,0.0620092878171327,0.05169642439124474,0.0022934500902462357,False,False,False,-1,0,False,0.0,6,6,
69,1,44,0.051062992996852005,0.6564840604687556,0.9605332618320532,0.7963201312487865,0.3975007347877057,0.020300207476283406,0.00031564884265888887,False,False,True,151,28,False,1.45,1,1,
70,2,0,0.5604875989911313,0.058118599371195345,0.9860212394935722,0.4896174797893822,0.107543894471089,0.06581629446236549,0.007640857098895365,False,False,False,-1,0,False,0.0,14,14,
71,2,2,0.3569036260536083,0.14527993321313032,0.9710941638886279,0.49789607079932846,0.07634842199708085,0.171484899491875,0.2721670655964929,False,False,False,-1,0,False,0.0,4,4,
72,0,1,0.05512055325846159,0.10729311404308194,0.990591794296572,0.5166334616012435,0.06372709254229057,0.0,0.0,False,False,False,-1,0,False,0.0,8,8,
73,1,0,0.24779780622165212,0.11159198902887608,0.9937411001067958,0.5080052909951532,0.46468734603648976,0.0415719053632266,0.005673817693396582,False,False,False,-1,0,False,0.0,6,6,
74,0,85,0.47624043059704807,0.26570443051479564,0.9969220788953275,0.24692686172879486,0.16630994019864415,0.0,0.0,False,False,True,366,37,False,1.09,0,0,
75,0,0,0.3842929854047039,0.19959115974251185,0.9710252316198065,0.5521093966683976,0.3967991599472279,0.0,0.0,False,False,False,-1,0,False,0.0,1,1,
76,1,0,0.2417236548136679,0.10294579699981796,0.9602173864040022,0.5036342642733539,0.2865225372195857,0.023712916579424852,0.0005904673046129488,False,False,False,-1,0,False,0.0,7,7,
77,0,23,0.24115282232600227,0.31836004225792713,0.7836980645751086,0.5667402245600491,0.3246407702817179,0.0,0.0,False,False,True,47,22,False,1.54,1,1,
78,1,1,0.44846702213656947,0.045519548367525836,0.9505680854256447,0.5717827219232721,0.4977070022151211,0.03576781020229393,0.003094978582782463,False,False,False,-1,0,False,0.0,9,9,
79,0,1,0.2749348531567386,0.4734803685934827,0.9668799187746645,0.4235307418521829,0.17960265233965408,0.0,0.0,False,False,False,-1,0,False,0.0,4,4,
80,0,35,0.37071506259650105,0.05695260267023426,0.964542953151357,0.4664036798843424,0.1819353272305282,0.0,0.0,False,False,True,214,19,False,1.24,1,1,
81,2,0,0.19886645229040492,0.3293157303140042,0.9789215895389014,0.5684955846673888,0.12954482989762336,0.16765846947046306,0.9414831444422094,False,False,False,-1,0,False,0.0,7,7,
82,0,31,0.4165799162359133,0.047070487917792996,0.8931967512628856,0.8963100360097012,0.29187238460623793,0.0,0.0,False,False,True,214,16,False,1.18,1,1,
83,0,51,0.3370220439492007,0.3448346834811841,0.9727664473918806,0.5259317900263898,0.004157910866561376,0.0,0.0,False,False,True,125,27,False,1.45,1,1,
84,0,2,0.39966802933204215,0.256649431069916,0.9878117153832666,0.5418096074300354,0.1737805513223521,0.0,0.0,False,False,False,-1,0,False,0.0,5,5,
85,2,2,0.3144932533757612,0.21043351505517022,1.0,0.48296204666487896,0.5055399577963942,0.05352587144865251,0.0035111083172796546,False,False,False,-1,0,False,0.0,4,4,
86,0,37,0.27151674763618716,0.22523227020177736,0.8412004275453131,0.461092894980881,0.3274906279380789,0.0,0.0,False,False,True,113,54,False,1.3599999999999999,1,1,
87,0,17,0.05867768793462173,0.4410640348493016,0.8998035102723356,0.2752200862156627,0.08099302553048074,0.0,0.0,False,False,True,75,18,False,1.42,1,1,
88,0,38,0.07795963777440486,0.30292816920384147,0.28384496353124533,0.25119215376689397,0.43783209584131044,0.0,0.0,False,False,True,56,37,False,1.42,0,0,
89,1,19,0.407971053289444,0.31452534374022245,0.8265825516871453,0.6999353966803981,0.11351817977239731,0.022216979954296247,0.0004540825773734234,False,False,True,101,13,False,1.27,1,1,
90,0,1,0.1238409462156963,0.3183982170757697,0.968763584320371,0.4797962177520645,0.13891937252607164,0.0,0.0,False,False,False,-1,0,False,0.0,2,2,
91,1,1,0.2925121893365407,0.18553870146196755,0.9862944585953959,0.5432352845120784,0.4310766734240113,0.1271314275453517,0.5134054775281945,False,False,False,-1,0,False,0.0,4,4,
92,0,75,0.20497406948076863,0.5010236185497927,0.9761887565763521,0.224639274023156,0.16071266006458912,0.0,0.0,False,False,True,361,35,False,1.3,1,1,
93,381,0,1.0,1.0,0.9917748384209293,0.4662241924988997,0.3873216075532168,0.5769710473251322,0.6465320289822838,True,False,False,-1,0,False,0.0,2,2,
94,0,0,0.22829662423019428,0.4384390717128639,0.9604930496269007,0.553107887425863,0.14590283305803475,0.0,0.0,False,False,False,-1,0,False,0.0,3,3,
95,0,24,0.36004399311530083,0.18236456690612343,1.0,0.3876353266639285,0.4423670307227251,0.0,0.0,False,False,True,78,13,False,1.45,1,1,
96,0,0,0.2386577204477597,0.28826121278467415,0.9793268208869731,0.5325938599634885,0.03165267092985128,0.0,0.0,False,False,False,-1,0,False,0.0,7,7,
97,2,1,0.730739397708936,0.15659046753999117,1.0,0.5096205423280324,0.37746130419611734,0.13411294836009144,0.2697969131186466,False,False,False,-1,0,False,0.0,11,11,
98,1,1,0.3923436007409506,0.08344259502893758,0.9532961941250101,0.43924790515639794,0.11422820188692041,0.04327282854938486,0.006669092970423673,False,False,False,-1,0,False,0.0,10,10,
99,2,0,0.6841310820384692,0.15640820565956365,0.9519512867391805,0.4244234255577984,0.17940547530206044,0.05187024391886591,0.002241807546330187,False,False,False,-1,0,False,0.0,3,3,
100,0,40,0.03354728707180266,0.6041550125355185,0.8163685519160204,0.5891666488283919,0.24867638057780495,0.0,0.0,False,False,True,264,14,False,1.24,1,1,
101,3,0,0.5031320345534214,0.15047634128972964,1.0,0.47380710802017456,0.04721188328067307,0.13410957883306024,0.09395834744050278,False,False,False,-1,0,False,0.0,6,6,
102,440,0,1.0,1.0,0.9658312860344924,0.5094309190202125,0.760183329793363,0.8702848021171002,1.7680752619062556,True,False,False,-1,0,False,0.0,0,0,
103,0,1,0.12468967884181903,0.40436894915595256,0.9210731565342062,0.5220125648086913,0.34765612255292566,0.0,0.0,False,False,False,-1,0,False,0.0,3,3,
104,0,1,0.3211101074288805,0.5833911581173815,0.9315328745810897,0.5359362052587344,0.2920166914808411,0.0,0.0,False,False,False,-1,0,False,0.0,3,3,
105,1,44,0.4297948497880888,0.2899712966882913,0.9380730271997176,0.6506651896155579,0.17481574823529852,0.05615844646538714,0.0190682499336507,False,False,True,317,15,False,1.18,1,1,
106,2,2,0.3244815285672569,0.202251644030276,1.0,0.4482558253377354,0.296241055827888,0.13249926745952506,0.32940444398931534,False,False,False,-1,0,False,0.0,13,13,
107,0,1,0.3954380156560641,0.11423704495123299,1.0,0.5995494932049255,0.31845763992850074,0.0,0.0,False,False,False,-1,0,False,0.0,4,4,
108,0,57,0.3182611578768457,0.32847588557902574,0.4535143667246446,0.6742024969558669,0.2799364295478332,0.0,0.0,False,False,True,137,60,False,1.24,1,1,
109,2,0,0.7261532773178561,0.12721857191909153,0.9991984490359224,0.42746630418190784,0.1731981056026296,0.133687217688375,0.18614034341857377,False,False,False,-1,0,False,0.0,6,6,
110,0,0,0.08404325570212226,0.0684814538851497,0.9473773677818611,0.5529324766443657,0.23519045677194977,0.0,0.0,False,False,False,-1,0,False,0.0,4,4,
111,0,89,0.6031273346148794,0.1777071396092795,0.8186140038153565,0.6949344292511924,0.04353386551356365,0.0,0.0,False,False,True,196,83,False,1.27,1,1,
112,83,32,1.0,1.0,0.9422137298888617,0.5152617136277511,0.5871185273334453,0.3161722210589984,0.03283529945934205,False,False,True,119,16,False,1.24,1,1,
113,0,0,0.12816842886953808,0.5563176377902544,1.0,0.47961746860772503,0.21589711954286667,0.0,0.0,False,False,False,-1,0,False,0.0,1,1,
114,0,112,0.09523231450264619,0.11380945677947896,0.5770437419913219,0.35659142894470275,0.1836544881231158,0.0,0.0,False,False,True,201,114,False,1.15,1,1,
115,1,0,0.11971050321471087,0.3371596912945136,1.0,0.5373760174296107,0.4253894357948556,0.0936398801465309,0.14971010504758586,False,False,False,-1,0,False,0.0,6,6,
116,0,20,0.2917075594534795,0.057895079127715014,0.9690603173132748,0.49751662895899834,0.07226052342735212,0.0,0.0,False,False,True,64,14,False,1.33,1,1,
117,0,1,0.18086931950449855,0.4453318366468625,1.0,0.5199490731105859,0.15764310101234727,0.0,0.0,False,False,False,-1,0,False,0.0,2,2,
118,0,21,0.269150313180829,0.5419303193850427,0.5802406911337912,0.6023776484711297,0.564190695284935,0.0,0.0,False,False,True,47,12,False,1.45,0,0,
119,0,10,0.2675305627007577,0.12550276569924365,1.0,0.508943035569708,0.23976926910326823,0.0,0.0,False,False,False,-1,0,False,0.0,8,8,
120,0,0,0.5202662301814814,0.11538991334361594,1.0,0.5144378120979353,0.42314665259789686,0.0,0.0,False,False,False,-1,0,False,0.0,3,3,
121,0,3,0.16718715117522037,0.30784912817450055,1.0,0.5149012257073469,0.25403602989779234,0.0,0.0,False,False,False,-1,0,False,0.0,5,5,
122,0,1,0.3832742852737037,0.1697876579202318,1.0,0.49544891519986684,0.2951443069342076,0.0,0.0,False,False,False,-1,0,False,0.0,4,4,
123,0,35,0.3227178015097284,0.3208015275399468,0.859210245139743,0.43358553055021437,0.3737381305073399,0.0,0.0,False,False,True,90,34,False,1.51,1,1,
124,1,1,0.23314315502739222,0.33922218184080116,1.0,0.5492668086861942,0.25466595309704776,0.0415719053632266,0.005673817693396582,False,False,False,-1,0,False,0.0,3,3,
125,134,84,1.0,1.0,0.6721082138826455,0.5699624633283227,0.6655648303800423,0.4021757073184788,0.09843720859758918,False,False,True,195,72,False,1.3900000000000001,1,1,
126,0,2,0.19520397075103602,0.10165994372797367,0.9459938331802914,0.5489697872078472,0.34924091857691336,0.0,0.0,False,False,False,-1,0,False,0.0,7,7,
127,1,7,0.19238435385439226,0.5360486396012556,0.9569971135250217,0.4266392294706014,0.1918750093283462,0.025693051153497355,0.0008157905003204434,False,False,False,-1,0,False,0.0,2,2,
128,0,18,0.0940218395418032,0.6318015703272953,0.555837887194544,0.18188417713162622,0.10796471552616169,0.0,0.0,False,False,True,86,15,False,1.27,1,1,
129,0,24,0.10399016722490251,0.16961989065469213,0.42050555765397557,0.44023774036892593,0.3105045621692041,0.0,0.0,False,False,True,79,19,False,1.3,1,1,
130,0,118,0.2693870932266333,0.39115013643090746,0.801722006639843,0.5472789319574545,0.25792863092165824,0.0,0.0,False,False,True,410,80,False,1.24,1,1,
131,383,0,1.0,1.0,1.0,0.5414194591382954,0.5926825421154972,0.8445004472849916,1.47268935359221,True,False,False,-1,0,False,0.0,0,0,
132,0,18,0.2249897926017204,0.2545680479291906,0.9993514644424104,0.4572366151111988,0.3278168590150567,0.0,0.0,False,False,False,-1,0,False,0.0,2,2,
133,0,0,0.4308853151485963,0.49601074466963285,1.0,0.5055053136977555,0.2485619553508658,0.0,0.0,False,False,False,-1,0,False,0.0,8,8,
134,341,0,1.0,1.0,1.0,0.4939215903281151,0.5361547218692587,0.5769710473251322,0.4467396169874954,True,False,False,-1,0,False,0.0,0,0,
135,0,13,0.26719305315367387,0.35048492178364016,0.9693144222781424,0.3730805924058958,0.2974783450038102,0.0,0.0,False,False,False,-1,0,False,0.0,4,4,
136,1,1,0.6235966141583748,0.19134567378490847,1.0,0.4217213534640377,0.014479675594763932,0.023594351996527728,0.0005786579585206898,False,False,False,-1,0,False,0.0,5,5,
137,2,3,0.40012860826260366,0.4795253969101384,0.8878043268379741,0.4968842287364961,0.2785181733854844,0.15888775140230846,0.21176215035564064,False,False,False,-1,0,False,0.0,8,8,
138,2,0,0.5280758660966367,0.1035626306131284,0.9557284025783265,0.4652929698104214,0.30732623878618504,0.06220651844428272,0.003550963117317851,False,False,False,-1,0,False,0.0,0,0,
139,0,52,0.322085532690538,0.1293980555567219,0.9732954498506453,0.4868692360682398,0.26836736994912214,0.0,0.0,False,False,True,297,22,False,1.27,1,1,
140,0,15,0.3713673776210751,0.060290481562557605,0.7299337202027913,0.7074820350282001,0.05475600516338266,0.0,0.0,False,False,True,58,13,False,1.33,1,1,
141,2,3,0.585474257310755,0.32491889281238495,1.0,0.455852695188613,0.28769021364110964,0.07073284711482002,0.014307116837082343,False,False,False,-1,0,False,0.0,3,3,
142,0,1,0.07961633812310637,0.33378238947207706,0.9825614746924555,0.4422342651085688,0.3702782579499271,0.0,0.0,False,False,False,-1,0,False,0.0,9,9,
143,0,2,0.27635293107956466,0.5216267339488061,0.9994308337921968,0.5220024146402813,0.18337858731424575,0.0,0.0,False,False,False,-1,0,False,0.0,6,6,
144,0,2,0.08081590321924684,0.06767555253767651,1.0,0.4854416590079034,0.18143638375147517,0.0,0.0,False,False,False,-1,0,False,0.0,5,5,
145,223,5,1.0,1.0,0.9690565184426372,0.4903981673513952,0.6235589722561571,0.4335803814468144,0.12505450460331108,True,False,False,-1,0,False,1.09,2,2,
146,4,5,0.3339629916617166,0.17154188158700312,0.9521320757573909,0.5234513109593639,0.23272311781630997,0.1197468700004737,0.010016010488961849,False,False,False,-1,0,False,0.0,2,2,
147,0,19,0.5193320230580292,0.18440512590731414,0.9784964075261673,0.5720522959497992,0.05434024225346962,0.0,0.0,False,False,True,82,12,False,1.18,0,0,
148,2,1,0.7633563801275128,0.04098224049879666,1.0,0.48408413623677515,0.18867302995416038,0.13212369095744575,0.3429124042684542,False,False,False,-1,0,False,0.0,9,9,
149,1,0,0.19314468439347424,0.2475605837653504,0.9998133359268666,0.5945754971649619,0.45056555465848547,0.0851332833690562,0.10198740773679685,False,False,False,-1,0,False,0.0,4,4,
150,0,126,0.2668108459579845,0.11687298067165987,0.49363511035309415,0.528573031646019,0.09448596708465007,0.0,0.0,False,False,True,140,109,False,1.27,1,1,
151,383,0,1.0,1.0,0.88835623456256,0.45022789649039696,0.6984264304529488,0.5626902944912575,0.5824244025381363,True,False,False,-1,0,False,0.0,3,3,
152,2,7,0.5765148663445496,0.21445098244716193,0.9852469063495478,0.4987456207367696,0.12103697428465934,0.05984794753019269,0.0036389776648332903,False,False,False,-1,0,False,0.0,4,4,
153,1,1,0.5518144966465572,0.22213655001880006,0.955502439087454,0.559503845249306,0.13409548715534722,0.01711926922764732,0.0001588147279005786,False,False,False,-1,0,False,0.0,7,7,
154,2,0,0.4021484625291708,0.1390984845441332,1.0,0.5480439812524143,0.05026964884976674,0.1435052476730413,0.4932539016406744,False,False,False,-1,0,False,0.0,5,5,
155,1,61,0.48117758174012315,0.5095648430196299,0.8912215433098148,0.3594711698909294,0.2333271773085179,0.032033185504212934,0.0019844095722554925,False,False,True,291,40,False,1.12,0,0,
156,0,2,0.292042446475556,0.2936691062749039,0.9568515441097628,0.49774527175739364,0.2261792621316241,0.0,0.0,False,False,False,-1,0,False,0.0,7,7,
157,0,20,0.3715827407788087,0.10157407798468357,0.3211964394482714,0.5599949993382363,0.17687824403676677,0.0,0.0,False,False,True,32,16,False,1.24,0,0,
158,0,0,0.2296868792612099,0.2467870800728413,1.0,0.4958896713646465,0.07389131010453485,0.0,0.0,False,False,False,-1,0,False,0.0,5,5,
159,0,39,0.21698264500985612,0.5104124237047686,0.9056284575087149,0.518076055046574,0.12793474961154921,0.0,0.0,False,False,True,157,12,False,1.18,0,0,
160,1,0,0.1688723197946569,0.21168062646908625,1.0,0.5319086887555927,0.22092205338695678,0.04136404583641047,0.00556034133952865,False,False,False,-1,0,False,0.0,4,4,
161,1,7,0.3879497360067156,0.5330931967600124,1.0,0.5175250127656367,0.03758127437194351,0.14338343675363394,0.8337477621301497,False,False,False,-1,0,False,0.0,5,5,
162,4,0,0.31326494520349174,0.46564283843382337,1.0,0.35903633473321833,0.02337024023162306,0.20691042189976774,0.24322475787619924,False,False,False,-1,0,False,0.0,4,4,
163,0,1,0.19306026115462804,0.1426017056072204,0.9721144151534604,0.5602975915134258,0.3397235973568815,0.0,0.0,False,False,False,-1,0,False,0.0,3,3,
164,1,0,0.5361149087805009,0.1486114205299014,1.0,0.4174033431639659,0.31785201147578934,0.050294774074225675,0.012226003082864055,False,False,False,-1,0,False,0.0,6,6,
165,1,1,0.14635254501194733,0.5751865613034235,1.0,0.47833358704793094,0.1553976208623898,0.020402218569129053,0.0003220906557743764,False,False,False,-1,0,False,0.0,6,6,
166,1,17,0.3281111579689763,0.2224828738598273,1.0,0.5154319939240075,0.075714938662319,0.0754837245596763,0.06280184025585335,False,False,False,-1,0,False,0.0,7,7,
167,0,46,0.306479842499676,0.2578180589816111,0.9387910468605702,0.6462474613589966,0.26187929573358265,0.0,0.0,False,False,True,283,30,False,1.12,0,0,
168,2,0,0.7429839651349731,0.314659330608039,0.9832231706222914,0.4964085355356862,0.12041160198046567,0.0762398345023872,0.013742373124689043,False,False,False,-1,0,False,0.0,5,5,
169,0,102,0.267230842292211,0.2891791605853041,0.3956579873675718,0.35303727051210787,0.3534698055727041,0.0,0.0,False,False,True,180,85,False,1.21,1,1,
170,0,1,0.1261225170311464,0.21249248281901462,1.0,0.46660833221337406,0.28967749182240754,0.0,0.0,False,False,False,-1,0,False,0.0,6,6,
171,1,2,0.23841916131470395,0.4491364264402026,1.0,0.49114537658408647,0.22219162825834152,0.11215791889548811,0.3098220977635573,False,False,False,-1,0,False,0.0,5,5,
172,0,0,0.18808382375521812,0.39876751930337806,0.9865036630507529,0.53323709898572,0.28432673002289416,0.0,0.0,False,False,False,-1,0,False,0.0,1,1,
173,0,2,0.01864192917838155,0.39001273099533257,1.0,0.4552415287547467,0.263108564752387,0.0,0.0,False,False,False,-1,0,False,0.0,4,4,
174,0,0,0.2083904384109116,0.3035391050046488,1.0,0.5351029836159443,0.2309738258644061,0.0,0.0,False,False,False,-1,0,False,0.0,3,3,
175,0,0,0.26119363995919703,0.2530438052603747,1.0,0.4910597626115332,0.29081982663934614,0.0,0.0,False,False,False,-1,0,False,0.0,4,4,
176,2,0,0.5120946214587242,0.3682450049030669,0.9391160136050747,0.5401472707146724,0.32299453067027095,0.08529378736153548,0.024662970194894582,False,False,False,-1,0,False,0.0,3,3,
177,1,1,0.26905445105515635,0.21675142722393942,0.9822837831089988,0.5762616077672832,0.15854616041766845,0.10403420517469755,0.22882502872494706,False,False,False,-1,0,False,0.0,6,6,
178,1,3,0.21895228429736374,0.3214831700106808,0.9586877350661613,0.48042166661027835,0.368174965783718,0.05004330020385454,0.011981483021206774,False,False,False,-1,0,False,0.0,4,4,
179,1,1,0.12975344328652075,0.5408836311870178,1.0,0.5561176256005226,0.19770824843357526,0.06302084587864246,0.030346673687106588,False,False,False,-1,0,False,0.0,3,3,
180,1,1,0.35245420939794925,0.2437829247341572,0.9920168832170841,0.510035789765245,0.22105631410429544,0.01882984251557431,0.0002331284824736358,False,False,False,-1,0,False,0.0,5,5,
181,0,44,0.14073747556343832,0.24004816605726953,0.786812799072233,0.5154637101865392,0.0279587556394882,0.0,0.0,False,False,True,125,69,False,1.21,1,1,
182,0,83,0.3607244802783253,0.13723837627988084,0.7499274264644563,0.6477173528993916,0.37104965399611767,0.0,0.0,False,False,True,302,82,False,1.09,0,0,
183,270,12,1.0,1.0,0.998917823644555,0.536208343446087,0.6339273191751731,0.5570774588037073,0.40222000066983865,True,False,False,-1,0,False,1.12,0,0,
184,1,2,0.3227808645828276,0.5308923223642629,0.9503878821928947,0.4231670461475487,0.23847847469579334,0.08219794282350625,0.08853787272595742,False,False,False,-1,0,False,0.0,6,6,
185,0,44,0.2120420551680156,0.4815743105665739,0.852077674584437,0.584943649217838,0.29855073667959814,0.0,0.0,False,False,True,104,16,False,1.42,1,1,
186,0,15,0.16974980593563158,0.19827201104540157,1.0,0.5609878739736708,0.2557835378953337,0.0,0.0,False,False,True,56,14,False,1.24,1,1,
187,0,1,0.18994583937269904,0.5287310813504831,1.0,0.457830887125819,0.3083903946653739,0.0,0.0,False,False,False,-1,0,False,0.0,3,3,
188,0,41,0.38958379383807834,0.34134730177513445,0.9064803834023993,0.37653429733174365,0.11821366223364474,0.0,0.0,False,False,True,173,37,False,1.33,1,1,
189,385,13,1.0,1.0,1.0,0.5016240158248079,0.36438237902797055,0.8968564069219538,2.717283271431988,True,False,False,-1,0,False,1.24,0,0,
190,1,0,0.31339904889370884,0.4809430174260558,1.0,0.5516333876014246,0.13240686982662297,0.0347080997401786,0.0027416631964951054,False,False,False,-1,0,False,0.0,5,5,
191,0,70,0.6707991274463536,0.41347715775207017,0.9505065920063791,0.46384812533601955,0.2333681632574727,0.0,0.0,False,False,True,188,60,False,1.27,1,1,
192,1,1,0.3958593212058745,0.22702016644150946,0.9922390498208576,0.5314754359658325,0.08280224707683985,0.04504334536277605,0.007838954906837833,False,False,False,-1,0,False,0.0,4,4,
193,0,5,0.01564775029871393,0.3710096442294631,1.0,0.55141932332654,0.3238523141902281,0.0,0.0,False,False,False,-1,0,False,0.0,5,5,
194,0,1,0.22682554291586987,0.23580111642741056,1.0,0.514093007587884,0.41456847809483016,0.0,0.0,False,False,False,-1,0,False,0.0,5,5,
195,263,3,1.0,1.0,0.9928360483836702,0.47423386744067153,0.5890282484629785,0.47930063922672,0.18385678484360538,True,False,False,-1,0,False,0.0,0,0,
196,3,0,0.4611843726349468,0.5883991789227395,1.0,0.4975812238066197,0.11336683890208962,0.19230436021433803,0.657800270397023,False,False,False,-1,0,False,0.0,2,2,
197,322,2,1.0,1.0,0.9348136120660516,0.46904087436244674,0.47601147899277496,0.6189148315514057,0.5755365319283107,True,False,False,-1,0,False,0.0,1,1,
198,1,1,0.461464969814151,0.21985804699230754,1.0,0.43781962970579213,0.15494475231311558,0.02071133787584325,0.0003422156752016341,False,False,False,-1,0,False,0.0,1,1,
199,0,0,0.27552952053403046,0.3988616869291917,0.9719826323637271,0.4879584346580994,0.38809464361530455,0.0,0.0,False,False,False,-1,0,False,0.0,4,4,
200,1,1,0.39178104198783087,0.2482347781387535,1.0,0.4245399248468359,0.10825750441644069,0.12031140869576447,0.4110998615034951,False,False,False,-1,0,False,0.0,8,8,
201,1,1,0.49479943061424225,0.19066582965737006,0.9974723282512723,0.4801420959211925,0.2353483909959037,0.12586329155558681,0.493074620618078,False,False,False,-1,0,False,0.0,5,5,
202,1,68,0.3274661885939973,0.12477941479386213,0.8878541093515003,0.5311718899109914,0.40767805043471583,0.017553746336867102,0.0001756954021445285,False,False,True,129,68,False,1.18,1,1,
203,4,1,0.19077518850238714,0.18962547706182586,0.9790999275903913,0.41773743268588104,0.04708525581877731,0.1585877419051788,0.04065975039984699,False,False,False,-1,0,False,0.0,3,3,
204,1,1,0.3000095719607417,0.4759172872988023,0.8632609387016928,0.4348688513709938,0.20977414704448208,0.12091598863895926,0.41948965459540316,False,False,False,-1,0,False,0.0,5,5,
205,0,78,0.22466658423529912,0.6965784161572108,0.840790722106302,0.273139668375062,0.1371484847469863,0.0,0.0,False,False,True,147,90,False,1.21,0,0,
206,0,38,0.07511700016850943,0.3339253122672311,0.9904007027621861,0.613651106737111,0.17794351061663446,0.0,0.0,False,False,True,235,20,False,1.12,0,0,
207,1,0,0.5722539996829625,0.21353592057611753,0.9581855720379896,0.38985990064637766,0.23826901369508183,0.11616314914249473,0.35688628648537435,False,False,False,-1,0,False,0.0,3,3,
208,187,9,1.0,1.0,0.9834562414613873,0.48981667277414953,0.5415139795806965,0.4186308103384311,0.13626426118964632,True,False,False,-1,0,False,0.0,0,0,
209,0,0,0.0723721327690198,0.19454500500692495,0.9887769118424653,0.5865418954829923,0.2311262373980132,0.0,0.0,False,False,False,-1,0,False,0.0,3,3,
210,1,20,0.2438715329659101,0.5994032562066754,0.8299460549644553,0.268415183830767,0.0935695284043386,0.01808969871633324,0.0001983370923991752,False,False,True,73,23,False,1.18,1,1,
211,90,30,1.0,1.0,0.8949320398271178,0.6510456218884333,0.5461741905963684,0.3941923186917131,0.06821424748544178,False,False,True,149,28,False,1.12,0,0,
212,0,1,0.2850263824426806,0.3197191454589896,0.9643469742746651,0.40671212377910704,0.36519793297263137,0.0,0.0,False,False,False,-1,0,False,0.0,3,3,
213,2,4,0.23217342038475083,0.23698998783488756,0.9732344956247468,0.4618742332014682,0.05455666110609475,0.07304341738046626,0.017110882582811248,False,False,False,-1,0,False,0.0,6,6,
214,2,1,0.1772871480818324,0.3414436730741412,0.9385814379750567,0.4491626304795209,0.21412339900787422,0.14249890604490456,0.15552343824848405,False,False,False,-1,0,False,0.0,6,6,
215,0,10,0.32137161211389914,0.5666872906560434,1.0,0.5217144125935139,0.35504767444531193,0.0,0.0,False,False,False,-1,0,False,0.0,5,5,
216,1,1,0.4363030479068822,0.13096982458002304,1.0,0.5086767285012828,0.24078725486280983,0.03401912662797874,0.0025288228378909086,False,False,False,-1,0,False,0.0,2,2,
217,0,7,0.17854747427797596,0.33488873836602706,1.0,0.5304832723376511,0.40421072667916585,0.0,0.0,False,False,False,-1,0,False,0.0,4,4,
218,0,2,0.19249035900822975,0.6102530951737076,0.9199807910399589,0.4235736770309044,0.010289468808585885,0.0,0.0,False,False,False,-1,0,False,0.0,5,5,
219,2,10,0.5403273892240888,0.311205855345241,0.9822373744412576,0.5042343759469371,0.09931957695998772,0.18706977595417779,0.30310494897193496,False,False,False,-1,0,False,0.0,2,2,
220,0,32,0.34600764211270313,0.4473694030980835,0.78332976147637,0.7430945894197645,0.1708779914932596,0.0,0.0,False,False,True,100,27,False,1.21,0,0,
221,3,0,0.34968351043247303,0.23374574459710085,1.0,0.5862648097441654,0.4077577762369866,0.1580162593973701,0.18273361463699972,False,False,False,-1,0,False,0.0,2,2,
222,2,0,0.454706071164237,0.25979769066238256,0.9988898462686726,0.5016710782251004,0.3856112018981061,0.06638856529549941,0.0048895724582219725,False,False,False,-1,0,False,0.0,3,3,
223,1,0,0.2039488985736395,0.2788118742409023,1.0,0.44570633809245963,0.15997708902885738,0.0570093176575914,0.02025968126976292,False,False,False,-1,0,False,0.0,3,3,
224,2,1,0.27527437837105295,0.20205876491065122,1.0,0.4731428016708719,0.2859300550623087,0.07503815623034739,0.011534626049659115,False,False,False,-1,0,False,0.0,3,3,
225,0,10,0.37071088818863474,0.333291889369739,0.9538983944292606,0.44261816924308817,0.3700114676535506,0.0,0.0,False,False,False,-1,0,False,0.0,5,5,
226,0,102,0.1664878311395979,0.22247549657086318,0.8582688585484711,0.7870294361647203,0.2179145884443171,0.0,0.0,False,False,True,165,111,False,1.12,0,0,
227,1,1,0.3510633184977351,0.06123322008446498,0.9687855483990384,0.5223342534486504,0.5399459108182756,0.022440827205672833,0.0004728056823963176,False,False,False,-1,0,False,0.0,5,5,
228,3,4,0.32832974374606155,0.197644254674339,1.0,0.5288555362427725,0.29797110757087497,0.09128339061659069,0.006823364190970598,False,False,False,-1,0,False,0.0,9,9,
229,1,0,0.6915962730813606,0.1368205643550372,0.9377863713804802,0.5733256338402979,0.03770203409502796,0.07324733121653025,0.055632531694885724,False,False,False,-1,0,False,0.0,3,3,
230,0,8,0.18237436087635306,0.3245492399611234,1.0,0.6095028200006338,0.31179391804751033,0.0,0.0,False,False,False,-1,0,False,0.0,6,6,
231,1,0,0.22947732439483415,0.3428334998843769,0.9953352055549283,0.4399886107416183,0.33906467261690815,0.04481812863596217,0.007682175808701076,False,False,False,-1,0,False,0.0,2,2,
232,1,1,0.4556029435356983,0.45225917049983727,0.9729495797384103,0.5435872100305666,0.05232913302672023,0.0570093176575914,0.02025968126976292,False,False,False,-1,0,False,0.0,4,4,
233,2,0,0.584588600864435,0.25847972724329304,1.0,0.46294991154097104,0.32825032402991655,0.06126848169145173,0.007389217141643554,False,False,False,-1,0,False,0.0,3,3,
234,0,0,0.13718369136107392,0.40272974425236674,0.9395708531693782,0.5371497806213634,0.06478200192972405,0.0,0.0,False,False,False,-1,0,False,0.0,3,3,
235,325,0,1.0,1.0,0.981601285983409,0.47166864982978274,0.8410336814363156,0.5857128853531385,0.42610673531410825,True,False,False,-1,0,False,0.0,1,1,
236,0,1,0.5045984395612942,0.41341347400788964,0.9933237319123982,0.5205000504944599,0.11373564374218766,0.0,0.0,False,False,False,-1,0,False,0.0,6,6,
237,0,0,0.12372786569527994,0.656477703868737,0.9396026213994577,0.5285080209326111,0.05993196809754437,0.0,0.0,False,False,False,-1,0,False,0.0,7,7,
238,2,38,0.4907668623431336,0.1721647938887037,0.8916032375112215,0.13811344421716057,0.039741003546856564,0.045687773538164674,0.0010811231171896948,False,False,True,169,20,False,1.21,1,1,
239,1,2,0.2611057255510667,0.1930973293404099,0.9831562488212416,0.5336561460383233,0.20070934257461623,0.13501311418098663,0.6542558123199923,False,False,False,-1,0,False,0.0,4,4,
240,0,1,0.5130030265568909,0.42153280716732705,0.9958964783371803,0.5290581155693593,0.12210382992641948,0.0,0.0,False,False,False,-1,0,False,0.0,6,6,
241,0,17,0.20018668323769206,0.2724399146240308,0.6150388466443372,0.562380184045583,0.3153222380739121,0.0,0.0,False,False,True,44,16,False,1.24,1,1,
242,3,1,0.4578527737058079,0.36359203599353607,1.0,0.5115637423038344,0.05350749309218544,0.1668239442827838,0.1625022627059603,False,False,False,-1,0,False,0.0,3,3,
243,0,0,0.3647880774696428,0.09659421660282073,1.0,0.498266309493734,0.08450356341743058,0.0,0.0,False,False,False,-1,0,False,0.0,5,5,
244,1,0,0.48205634840807343,0.007452590694051509,0.9799279144519134,0.5172086101583154,0.14383713687234015,0.030467087244146235,0.0016214070992173113,False,False,False,-1,0,False,0.0,2,2,
245,0,0,0.13378824793622668,0.31383764183216795,0.9873809475928153,0.5063963437303834,0.1412717249090081,0.0,0.0,False,False,False,-1,0,False,0.0,3,3,
246,0,1,0.21613976173667473,0.17825733841880928,0.9334392139328042,0.4755407697701242,0.14590887325606317,0.0,0.0,False,False,False,-1,0,False,0.0,4,4,
247,1,0,0.46128294452942253,0.216362685677506,1.0,0.5165100911094453,0.03260200719996234,0.02347638023654509,0.000567084799350276,False,False,False,-1,0,False,0.0,3,3,
248,0,21,0.5733835181397411,0.17471083671869808,0.2778887521328802,0.42709769665048763,0.19743876717044312,0.0,0.0,False,False,True,73,12,False,1.18,1,1,
249,3,1,0.4495606416754969,0.42322463314914655,1.0,0.42470882431676715,0.11336931192244475,0.06936181066454535,0.0018278377791423868,False,False,False,-1,0,False,0.0,4,4,
250,2,2,0.3844067700583289,0.20128129637092707,1.0,0.45939716750445136,0.24275689575935042,0.11333496050285356,0.11149217854581626,False,False,False,-1,0,False,0.0,8,8,
251,2,0,0.6572684269743194,0.03441255920434573,0.9598162314433258,0.5799820206986438,0.22202122308793631,0.06080572043222615,0.004388250679671968,False,False,False,-1,0,False,0.0,2,2,
252,0,1,0.34707270040379506,0.7347719632382845,0.9750258769110376,0.4833096226975101,0.17374361744703787,0.0,0.0,False,False,False,-1,0,False,0.0,4,4,
253,0,0,0.24015364628173183,0.584911812386823,0.9828147718184201,0.5080303986168331,0.43258592691011244,0.0,0.0,False,False,False,-1,0,False,0.0,5,5,
254,0,1,0.13488218225456847,0.49407650346414533,0.9594298937821666,0.47164927158624825,0.2864588092815481,0.0,0.0,False,False,False,-1,0,False,0.0,4,4,
255,0,27,0.06159704923462334,0.7937964458321444,0.9641420743892202,0.27312070997130056,0.25348088888620046,0.0,0.0,False,False,True,147,12,False,1.09,0,0,
256,0,1,0.2289922648473669,0.05564744628133205,1.0,0.5010111151963216,0.12517167617672842,0.0,0.0,False,False,False,-1,0,False,0.0,4,4,
257,2,0,0.5511990572682169,0.4816886440163016,0.989092291914814,0.4789485133281283,0.2594244050196362,0.15284926187793504,0.5352411932287169,False,False,False,-1,0,False,0.0,4,4,
258,0,56,0.44818868071574425,0.4001771295187907,1.0,0.5088662841297775,0.2665807479303695,0.0,0.0,False,False,True,285,38,False,1.03,0,0,
259,0,1,0.32133861473290876,0.36979923564197986,0.9563790449762438,0.5058779947497751,0.23493583318364883,0.0,0.0,False,False,False,-1,0,False,0.0,5,5,
260,0,44,0.31208653704081857,0.487454619184562,0.9895987006148427,0.6060680130358083,0.2950289381061748,0.0,0.0,False,False,True,338,23,False,1.06,0,0,
261,0,128,0.2826791489743152,0.49391975412096795,0.864255231878308,0.6095258937509345,0.19666378493105535,0.0,0.0,False,False,True,289,123,False,1.21,1,1,
262,2,9,0.18769124742253518,0.11950199904459531,1.0,0.539427854395184,0.6226181036462972,0.037546384902973254,0.0005277503362247855,False,False,False,-1,0,False,0.0,6,6,
263,0,2,0.08317804960018398,0.2991400536393191,0.9852312191856936,0.5519138006078899,0.09757929042080268,0.0,0.0,False,False,False,-1,0,False,0.0,3,3,
264,1,8,0.42740850733881725,0.725533630407221,1.0,0.49344297604725296,0.020722678670125807,0.016612068238777627,0.00014068481667971685,False,False,False,-1,0,False,0.0,4,4,
265,1,1,0.35319088709009316,0.5061979466986134,0.9761805235086494,0.5513191971265895,0.126551324929533,0.023832076964246083,0.0006025176577683151,False,False,False,-1,0,False,0.0,2,2,
266,2,0,0.4541859316050967,0.22336889279289623,1.0,0.4673269479972405,0.02452367267458535,0.14065240878371835,0.1023802997499461,False,False,False,-1,0,False,0.0,4,4,
267,207,0,1.0,1.0,1.0,0.4881409278666231,0.2871158847704686,0.44906381119819605,0.20927139073792073,False,False,False,-1,0,False,0.0,1,1,
268,0,1,0.3348249639889991,0.340033904521064,0.9967106780180087,0.5482838586819991,0.1958459985300067,0.0,0.0,False,False,False,-1,0,False,0.0,5,5,
269,297,1,1.0,1.0,0.9885001903321267,0.5324599732848876,0.5042543386745394,0.4721470172736813,0.25011277742087296,True,False,False,-1,0,False,0.0,3,3,
270,1,0,0.5614977717251632,0.3808466396626177,1.0,0.49156283767332865,0.22252546697519704,0.017378647717156852,0.00016873786421960516,False,False,False,-1,0,False,0.0,2,2,
271,2,0,0.32814794089642446,0.13886607835744003,0.9674088403957511,0.4553777675951427,0.3709339955305993,0.06188908189534497,0.004615029691880009,False,False,False,-1,0,False,0.0,1,1,
272,384,0,1.0,1.0,0.9865851018573334,0.5186922728825308,0.7006699509535818,0.8702848021171002,1.6012828358917872,True,False,False,-1,0,False,0.0,0,0,
273,1,0,0.3148491573261873,0.13542560846632584,1.0,0.4686195381310574,0.09802670016612829,0.03317711082623144,0.0022858555545923866,False,False,False,-1,0,False,0.0,4,4,
274,0,1,0.624994289712046,0.13888847985339312,1.0,0.5258909969231665,0.09799672283489902,0.0,0.0,False,False,False,-1,0,False,0.0,2,2,
275,0,19,0.027149001679596378,0.38473173208467293,0.7799555253273911,0.8463330680529251,0.35586038948081666,0.0,0.0,False,False,True,62,26,False,1.21,0,0,
276,0,8,0.11596324373044914,0.11965074824298644,0.959791141334602,0.5866789042999481,0.024979040043677684,0.0,0.0,False,False,False,-1,0,False,0.0,4,4,
277,0,1,0.1050735739287381,0.5245759526293529,0.9985860885270985,0.4537384664039776,0.22314499956334832,0.0,0.0,False,False,False,-1,0,False,0.0,3,3,
278,1,11,0.6583628711586419,0.0376262962963578,1.0,0.4034466848388505,0.3860385548886329,0.019307732981250148,0.00025790808586210394,False,False,False,-1,0,False,0.0,2,2,
279,0,2,0.26040082621009814,0.4780239160490338,1.0,0.5101968915733643,0.510675543866051,0.0,0.0,False,False,False,-1,0,False,0.0,3,3,
280,0,0,0.36711228203916174,0.12967643195904235,1.0,0.4478584707854502,0.1441978052562964,0.0,0.0,False,False,False,-1,0,False,0.0,3,3,
281,1,1,0.4038521455288073,0.3642726902444404,0.9963902721616307,0.5224474506490405,0.22049685602828345,0.04437106780281845,0.007377961646676513,False,False,False,-1,0,False,0.0,5,5,
282,1,0,0.24297237075420877,0.722553669550461,0.9850321185286073,0.4569967424391898,0.16271393327330702,0.03934176303206054,0.004543203705541535,False,False,False,-1,0,False,0.0,3,3,
283,1,0,0.21556881870381622,0.5178474238610365,0.9543548417447962,0.5158312740604561,0.06377082002684235,0.03779535806689384,0.0038651897167312848,False,False,False,-1,0,False,0.0,6,6,
284,3,0,0.4674366629171257,0.11055592155208478,1.0,0.5540592050194078,0.18776152651081235,0.0801521030093491,0.003938003905027697,False,False,False,-1,0,False,0.0,1,1,
285,2,0,0.4380561446315342,0.1806221337311038,0.9950667169466825,0.47043258536221727,0.407697880577533,0.06603121448059772,0.004626914470921934,False,False,False,-1,0,False,0.0,6,6,
286,1,0,0.30495496374648223,0.33222450557441524,0.9858035466315953,0.4758134573132889,0.20336778434324568,0.020300207476283406,0.00031564884265888887,False,False,False,-1,0,False,0.0,2,2,
287,1,0,0.23149807966383315,0.2121846404485886,0.9341289092090314,0.48896365025142885,0.11927335169039278,0.1014592288786491,0.20683970229283702,False,False,False,-1,0,False,0.0,5,5,
288,1,0,0.5185790965053154,0.09446239255463429,1.0,0.5165898134525553,0.030093955969270218,0.06270574164924925,0.029739740213364455,False,False,False,-1,0,False,0.0,3,3,
289,393,0,1.0,1.0,0.9520515434857822,0.5445123239110173,0.34912632405414573,0.8702848021171002,1.5303152153782904,True,False,False,-1,0,False,0.0,0,0,
290,50,58,1.0,1.0,0.601636540880149,0.4064387714688198,0.6843893528766987,0.2831597280118749,0.014419477555284483,False,False,True,137,72,False,1.12,0,0,
291,1,0,0.2272504615081974,0.3197477886899055,0.9663732817500666,0.45322968642979017,0.2687614901242238,0.01808969871633324,0.0001983370923991752,False,False,False,-1,0,False,0.0,2,2,
292,0,1,0.49181613539491725,0.1937576244596914,0.9745194855927927,0.5852083933859232,0.17907094478073848,0.0,0.0,False,False,False,-1,0,False,0.0,3,3,
293,1,44,0.41712768298307,0.41417779645969705,0.6927322965377063,0.09834090681621674,0.02501242776147786,0.01808969871633324,0.0001983370923991752,False,False,True,99,28,False,1.18,0,0,
294,1,1,0.1692584262079041,0.5294830593197969,0.8801752884174435,0.4419496232468523,0.39693042614896984,0.034534559241477705,0.0026868299325652034,False,False,False,-1,0,False,0.0,3,3,
295,1,0,0.3882294164913163,0.1609413542966125,0.9907923253244294,0.510642759989964,0.18751157879648386,0.044149212463804356,0.007230402413742983,False,False,False,-1,0,False,0.0,2,2,
296,4,1,0.3864266602512969,0.21842072274834445,1.0,0.5755720911749658,0.07605754973675714,0.22424321827566965,0.36967925113289196,False,False,False,-1,0,False,0.0,8,8,
297,0,2,0.5569892545754225,0.13304437234244387,1.0,0.556727650480305,0.22044945137443223,0.0,0.0,False,False,False,-1,0,False,0.0,3,3,
298,1,0,0.170850961223871,0.40455717814120606,1.0,0.5145669175456432,0.24229174292043099,0.03934176303206054,0.004543203705541535,False,False,False,-1,0,False,0.0,2,2,
299,2,0,0.1789734265783215,0.30115573220474295,1.0,0.5229232497004337,0.41138719972877846,0.12483116784786345,0.0813716363099012,False,False,False,-1,0,False,0.0,4,4,
300,1,0,0.4706545285588505,0.19136561215598985,1.0,0.47369357293180986,0.327260224953236,0.029564423901878457,0.0014363111251204548,False,False,False,-1,0,False,0.0,3,3,
301,1,13,0.3897311502684916,0.5860542578876499,0.9777592220236312,0.23434479677469167,0.18617515738270377,0.021995365579252142,0.00043610090730943584,False,False,True,88,14,False,1.09,0,0,
302,0,25,0.3762634197454668,0.377861177138495,0.9440498012539504,0.6723925476715319,0.23914622841312652,0.0,0.0,False,False,True,227,12,False,1.12,0,0,
303,0,78,0.2445564267123006,0.5697825662413137,1.0,0.5114145451792697,0.3073799976905384,0.0,0.0,False,False,True,161,65,False,1.21,1,1,
304,3,2,0.39901282080313405,0.5879442105382392,0.9231918401643421,0.5400158230279114,0.12345105180874895,0.1999269310401615,0.7152313071887474,False,False,False,-1,0,False,0.0,6,6,
305,0,1,0.0705950128911889,0.1835105398399764,0.9842865357171597,0.417532224022962,0.06936508436489655,0.0,0.0,False,False,False,-1,0,False,0.0,5,5,
306,2,1,0.5476663905026549,0.1407321155728985,1.0,0.4533646073279786,0.19121200278138012,0.0647248797509088,0.004145965396694711,False,False,False,-1,0,False,0.0,7,7,
307,0,12,0.053796460840181186,0.19126529825918978,0.7185568014343355,0.379536991500099,0.6183431048797756,0.0,0.0,False,False,True,44,12,False,1.21,1,1,
308,0,0,0.09627574241964879,0.41469455108859754,1.0,0.4622607246789936,0.20973794531355225,0.0,0.0,False,False,False,-1,0,False,0.0,4,4,
309,1,0,0.17401544034098268,0.3338018061158827,0.9892229060542242,0.5383771624056876,0.03468813994822885,0.04526969383193573,0.007998933578405951,False,False,False,-1,0,False,0.0,3,3,
310,0,1,0.4642869064796246,0.13520344278819574,1.0,0.5115214841292531,0.08693440976515328,0.0,0.0,False,False,False,-1,0,False,0.0,3,3,
311,3,1,0.6665977119262123,0.06457706215828292,0.9529850858570472,0.537354674709475,0.35403323250438906,0.1510594932999011,0.17194552532791246,False,False,False,-1,0,False,0.0,3,3,
312,0,33,0.18194508936428164,0.349138105631385,0.9613445852916245,0.6318739736184417,0.27202929750460114,0.0,0.0,False,False,True,133,16,False,1.15,1,1,
313,2,0,0.8171957578009627,0.06293800916184285,0.9969019750005507,0.6075742511323796,0.48543220350409716,0.08000506428830845,0.010500949723431319,False,False,False,-1,0,False,0.0,5,5,
314,0,0,0.2910208957881907,0.4099092786078681,0.9978169771265569,0.5325860578167811,0.06445856327080783,0.0,0.0,False,False,False,-1,0,False,0.0,3,3,
315,0,26,0.5568154932847668,0.39393099672138066,0.9372677307543776,0.4305525744781303,0.4196681828194034,0.0,0.0,False,False,True,181,12,False,1.18,1,1,
316,2,0,0.3010571941029421,0.7465095461051644,0.9729485840578422,0.5327986031318612,0.28832094241537676,0.15138590702016919,0.42954620223720896,False,False,False,-1,0,False,0.0,4,4,
317,0,0,0.043288419863382506,0.29346222286951174,0.9870057653270089,0.45467922534028365,0.03956040319085302,0.0,0.0,False,False,False,-1,0,False,0.0,2,2,
318,0,0,0.19705931234036336,0.2584001833063178,0.9961253154029553,0.4788790245884644,0.1137586156102895,0.0,0.0,False,False,False,-1,0,False,0.0,5,5,
319,1,0,0.5906015611672321,0.043879803304955785,0.9963774593361104,0.476830065930087,0.02594943275527511,0.0271494973465044,0.0010188067440553518,False,False,False,-1,0,False,0.0,3,3,
320,1,0,0.30374844533945905,0.1605691318308825,1.0,0.47899545655696246,0.1858886958073333,0.08470761695221092,0.09994765958206091,False,False,False,-1,0,False,0.0,5,5,
321,3,0,0.5684039788730735,0.42492163065783656,0.9546376374050226,0.48028472114962517,0.18406655584871176,0.08009950266409988,0.004689298159104549,False,False,False,-1,0,False,0.0,2,2,
322,3,0,0.5403214615436075,0.08065689503129363,1.0,0.5835660212212682,0.23400938405383243,0.22958101538313583,0.6584616288544508,False,False,False,-1,0,False,0.0,4,4,
323,1,0,0.3848101442913352,0.5928114392031049,0.9563899725658942,0.48684547061484895,0.21677344236800852,0.023712916579424852,0.0005904673046129488,False,False,False,-1,0,False,0.0,0,0,
324,2,1,0.1542314633517463,0.2906266532601314,0.9849142696318411,0.42696255879273853,0.34048059692353716,0.24738458124624624,1.0328009905691484,False,False,False,-1,0,False,0.0,4,4,
325,3,1,0.21049526476728792,0.4346719587774769,0.9650503928485514,0.4942371548967528,0.0776125579337091,0.2533394812910202,0.4974822256325849,False,False,False,-1,0,False,0.0,2,2,
326,1,0,0.24188209854882067,0.03985419791838678,1.0,0.5586573350338194,0.37178630707668586,0.053951028857301,0.0162225619488976,False,False,False,-1,0,False,0.0,4,4,
327,2,0,0.339709810258102,0.25304065880257653,1.0,0.4858712490828994,0.30041745083184274,0.1109542807834403,0.11798237089174252,False,False,False,-1,0,False,0.0,6,6,
328,179,0,1.0,1.0,1.0,0.43069999054201946,0.529217137133447,0.4021757073184788,0.09971246542125027,True,False,False,-1,0,False,0.0,1,1,
329,1,23,0.5379711398706637,0.23762617228188626,1.0,0.6587652821380879,0.1880972002036067,0.025564585897729867,0.0007994746903140346,False,False,True,152,19,False,1.12,0,0,
330,0,1,0.16815436953447888,0.6770893958952386,0.9714055407344089,0.5706206701552906,0.35828527647589486,0.0,0.0,False,False,False,-1,0,False,0.0,4,4,
331,1,0,0.38602935731544125,0.5332012986019046,0.9987735868194455,0.5874434189895431,0.03773857650700637,0.06208025187629798,0.02856204650091522,False,False,False,-1,0,False,0.0,3,3,
332,0,32,0.35497289950996386,0.1915756481064333,0.9355479652679716,0.6573432072290452,0.35698476176982885,0.0,0.0,False,False,True,115,32,False,1.15,1,1,
333,0,1,0.03491562300085084,0.20380859067957935,1.0,0.5127274226986264,0.37860442054926724,0.0,0.0,False,False,False,-1,0,False,0.0,4,4,
334,0,27,0.2954322203829733,0.20749235602961968,0.9120874927079293,0.466179898033919,0.3918682571341831,0.0,0.0,False,False,True,116,31,False,1.15,1,1,
335,203,1,1.0,1.0,0.8976385864607753,0.46036154189958867,0.06619135766915445,0.5827843209263728,0.37649351433460937,True,False,False,-1,0,False,0.0,0,0,
336,1,0,0.5002904178719157,0.321129693737837,0.9728324172371959,0.4875590760362562,0.204901349846325,0.03351138691066533,0.0023801078244402194,False,False,False,-1,0,False,0.0,6,6,
337,1,0,0.24530487425582856,0.5530815175244287,0.9514887992178529,0.49123998611188435,0.24808933725988702,0.08556108881312181,0.10406878340489474,False,False,False,-1,0,False,0.0,3,3,
338,1,0,0.42439107684693694,0.07674538373628156,1.0,0.42941840705617473,0.2035751508874314,0.023010362365332288,0.0005230609629406832,False,False,False,-1,0,False,0.0,3,3,
339,0,1,0.23019630314609135,0.1320589503073649,0.995552915396489,0.5241148079929902,0.262124021374489,0.0,0.0,False,False,False,-1,0,False,0.0,1,1,
340,0,1,0.13952691882373938,0.6206415227190233,0.957142215215227,0.41701130000218556,0.35985462657268896,0.0,0.0,False,False,False,-1,0,False,0.0,3,3,
341,0,1,0.31027948229426716,0.06816644742295548,0.9856215194140006,0.4530891649336869,0.11258434060915878,0.0,0.0,False,False,False,-1,0,False,0.0,5,5,
342,0,0,0.10704156583918975,0.3595774905056954,0.9797594555189758,0.48182762180335403,0.3592634763743264,0.0,0.0,False,False,False,-1,0,False,0.0,2,2,
343,1,2,0.15803810900205337,0.2131878900631175,0.9855068133530932,0.4467441563024899,0.19652467913657715,0.024436921234666616,0.000666560233929021,False,False,False,-1,0,False,0.0,2,2,
344,0,1,0.3109758483887556,0.4341964865949588,1.0,0.5685935620231991,0.1511960799350356,0.0,0.0,False,False,False,-1,0,False,0.0,4,4,
345,3,0,0.3503824379555318,0.39316761332080796,0.9999617955500694,0.5236732021323902,0.10523774602715887,0.1472945051209055,0.24389957654858122,False,False,False,-1,0,False,0.0,3,3,
346,0,0,0.07154639179368019,0.3340536556223293,1.0,0.4525960791208012,0.5060540582285327,0.0,0.0,False,False,False,-1,0,False,0.0,5,5,
347,1,0,0.626170059305999,0.24570503239694402,0.9611920789453162,0.5246255068499804,0.4292133614779341,0.027423042192373324,0.0010608150187998249,False,False,False,-1,0,False,0.0,4,4,
348,0,25,0.15201514281555928,0.12199437539035386,0.9833277424001927,0.5622765162988539,0.02005340378048338,0.0,0.0,False,False,True,108,31,False,1.15,0,0,
349,0,0,0.4883701360416583,0.5396474531834916,0.9604258241635926,0.47036642160001607,0.01887093255520212,0.0,0.0,False,False,False,-1,0,False,0.0,1,1,
