t,mean_x,mean_y,mean_x_all,mean_y_all,mean_L,y0,mean_epc,mean_r,mean_b,fund_prevalence,mean_epc_all,mean_r_all,mean_b_all,fund_prevalence_all,punish_rate,mean_punished,exit_rate,mean_exit_intent,exit_attempt_rate,exit_success_rate,p_opp_mean,stay_value,mean_degree_active,threat,A,budget,enforcer_frac,n_cadre_fallback,cap_mean,cap_p90,service_mean,service_p90,monopoly_on,enforcer_punish_share_step,alpha_punish_revalue,delta_outside_degrade,mu_membership_reward,current_delta,eta_delta_drift,punish_floor,punish_intensity_step,pi_reward,lam_punish
0,0.3514961683740957,0.49570315698487005,0.3514961683740957,0.49570315698487005,0.23903325573756998,0.5,0.0,0.3422118846584117,0.3475544457039669,0.0,0.0,0.3422118846584117,0.3475544457039669,0.0,0.0,0.0,0.0,0.0,0.0,0.0,0.5,0.0,11.794285714285714,0.0,0.0,0.0,0.0,0,0.0,0.0,0.0,0.0,0.0,0.0,0.0,0.2,0.0,0.2,0.3,0.08,0.0,0.05,0.25
1,0.3591569987485757,0.4957376106286186,0.3591569987485757,0.4957376106286186,0.23903325573756998,0.5,0.64,0.34112617037269743,0.3467401599896811,0.0,0.64,0.34112617037269743,0.3467401599896811,0.0,0.04857142857142857,0.05142857142857143,0.0,0.02,0.0,0.0,0.033287713533072937,0.08436634914903715,11.794285714285714,0.0,0.0,0.15,0.08,28,0.007714285714285715,0.0,0.05142857142857143,0.0,0.0,0.9444444444444444,0.0,0.2,0.0,0.2,0.3,0.08,0.04857142857142857,0.05,0.25
2,0.36841048221567285,0.4965747424671122,0.36841048221567285,0.4965747424671122,0.23903325573756998,0.5,0.8342857142857143,0.3402118846584117,0.3460544457039669,0.0,0.8342857142857143,0.3402118846584117,0.3460544457039669,0.0,0.03142857142857143,0.03142857142857143,0.0,0.017142857142857144,0.0,0.0,0.033287713533072937,0.08436634914903715,11.794285714285714,0.0,0.0,0.15,0.08,21,0.01239,0.0,0.08182857142857143,0.0,0.0,0.9090909090909091,0.0,0.2,0.0,0.2,0.3,0.08,0.03142857142857143,0.05,0.25
3,0.37734341344558303,0.49710670378258653,0.37734341344558303,0.49710670378258653,0.23903325573756998,0.5,0.8714285714285714,0.33895474180126883,0.3451115885611097,0.0,0.8714285714285714,0.33895474180126883,0.3451115885611097,0.0,0.04857142857142857,0.04857142857142857,0.0,0.025714285714285714,0.0,0.0,0.033287713533072937,0.08436634914903715,11.794285714285714,0.0,0.0,0.15,0.08,18,0.019613764285714284,0.0,0.12876342857142858,0.0,0.0,0.8235294117647058,0.0,0.2,0.0,0.2,0.3,0.08,0.04857142857142857,0.05,0.25
4,0.3867783678403926,0.4981239593128115,0.3867783678403926,0.4981239593128115,0.23903325573756998,0.5,0.9285714285714286,0.33798331322984027,0.34438301713253827,0.0,0.9285714285714286,0.33798331322984027,0.34438301713253827,0.0,0.037142857142857144,0.037142857142857144,0.0,0.04857142857142857,0.0,0.0,0.033287713533072937,0.08436634914903715,11.794285714285714,0.0,0.0,0.15,0.08,15,0.025087124035714288,0.0,0.16333101714285714,0.0,0.0,0.8461538461538461,0.0,0.2,0.0,0.2,0.3,0.08,0.037142857142857144,0.05,0.25
5,0.39593542647441154,0.49847948016335253,0.39593542647441154,0.49847948016335253,0.23903325573756998,0.5,0.9342857142857143,0.3372404560869831,0.3438258742753954,0.0,0.9342857142857143,0.3372404560869831,0.3438258742753954,0.0,0.02857142857142857,0.02857142857142857,0.0,0.025714285714285714,0.0,0.0,0.033287713533072937,0.08436634914903715,11.794285714285714,0.0,0.0,0.15,0.08,13,0.029247402701249994,0.0,0.18863582537142853,0.0,0.0,0.9,0.0,0.2,0.0,0.2,0.3,0.08,0.02857142857142857,0.05,0.25
6,0.40472652683841714,0.4986007632010251,0.40472652683841714,0.4986007632010251,0.23903325573756998,0.5,0.9142857142857143,0.33678331322984023,0.34348301713253826,0.0,0.9142857142857143,0.33678331322984023,0.34348301713253826,0.0,0.02,0.02,0.0,0.045714285714285714,0.0,0.0,0.033287713533072937,0.08436634914903715,11.794285714285714,0.0,0.0,0.15,0.08,12,0.03210116568774375,0.0,0.20486310886399994,0.0,0.0,0.8571428571428571,0.0,0.2,0.0,0.2,0.3,0.08,0.02,0.05,0.25
7,0.41459990455939866,0.4985306134827406,0.41459990455939866,0.4985306134827406,0.23903325573756998,0.5,0.8914285714285715,0.3366690275155545,0.34339730284682396,0.0,0.8914285714285715,0.3366690275155545,0.34339730284682396,0.0,0.002857142857142857,0.002857142857142857,0.0,0.054285714285714284,0.0,0.0,0.033287713533072937,0.08436634914903715,11.794285714285714,0.0,0.0,0.15,0.08,11,0.032369231287876464,0.0,0.20362298954386282,0.0,0.0,0.0,0.0,0.2,0.0,0.2,0.3,0.08,0.002857142857142857,0.05,0.25
8,0.4256702961603168,0.49847669342211876,0.4256702961603168,0.49847669342211876,0.23903325573756998,0.5,0.8742857142857143,0.335697598944126,0.3427534626396255,0.0,0.8742857142857143,0.335697598944126,0.3427534626396255,0.0,0.037142857142857144,0.037142857142857144,0.0,0.06571428571428571,0.0,0.0,0.033287713533072937,0.08436634914903715,11.794285714285714,0.0,0.0,0.15,0.08,11,0.03777881370286565,0.0,0.23669338689584274,0.0,0.0,0.9230769230769231,0.0,0.2,0.0,0.2,0.3,0.08,0.037142857142857144,0.05,0.25
9,0.4359642839471537,0.4979747775269668,0.4359642839471537,0.4979747775269668,0.23903325573756998,0.5,0.9057142857142857,0.3354690275155545,0.3425820340681969,0.0,0.9057142857142857,0.3354690275155545,0.3425820340681969,0.0,0.008571428571428572,0.008571428571428572,0.0,0.08,0.0,0.0,0.033287713533072937,0.08436634914903715,11.794285714285714,0.0,0.0,0.15,0.08,8,0.03887563392006561,0.0,0.24053094772935443,0.0,0.0,1.0,0.0,0.2,0.0,0.2,0.3,0.08,0.008571428571428572,0.05,0.25
10,0.4443576554812166,0.4984153107339109,0.4443576554812166,0.4984153107339109,0.23903325573756998,0.5,0.9314285714285714,0.3346118846584117,0.3419391769253397,0.0,0.9314285714285714,0.3346118846584117,0.3419391769253397,0.0,0.04,0.04,0.0,0.11142857142857143,0.0,0.0,0.033287713533072937,0.08436634914903715,11.794285714285714,0.0,0.0,0.15,0.08,7,0.04468125575046527,0.0,0.2757203287747674,0.0,0.0,0.9285714285714286,0.0,0.2,0.0,0.2,0.3,0.08,0.04,0.05,0.25
11,0.45394026235134627,0.4989952858088521,0.45394026235134627,0.4989952858088521,0.23903325573756998,0.5,0.9028571428571428,0.334097598944126,0.34155346263962544,0.0,0.9028571428571428,0.334097598944126,0.34155346263962544,0.0,0.017142857142857144,0.017142857142857144,0.0,0.07714285714285714,0.0,0.0,0.033287713533072937,0.08436634914903715,11.794285714285714,0.0,0.0,0.15,0.08,7,0.047029278043141526,0.0,0.28734877934212916,0.0,0.0,0.8333333333333334,0.0,0.2,0.0,0.2,0.3,0.08,0.017142857142857144,0.05,0.25
12,0.4625529352135233,0.49879440835422845,0.4625529352135233,0.49879440835422845,0.23903325573756998,0.5,0.8828571428571429,0.3334690275155546,0.34108203406819687,0.0,0.8828571428571429,0.3334690275155546,0.34108203406819687,0.0,0.02,0.02,0.0,0.11142857142857143,0.0,0.0,0.033287713533072937,0.08436634914903715,11.794285714285714,0.0,0.0,0.15,0.08,6,0.04979413165292582,0.0,0.30160180375528656,0.0,0.0,0.7142857142857143,0.0,0.2,0.0,0.2,0.3,0.08,0.02,0.05,0.25
13,0.47273844873717846,0.49942773428842674,0.47273844873717846,0.49942773428842674,0.23903325573756998,0.5,0.9,0.3330690275155545,0.3407820340681969,0.0,0.9,0.3330690275155545,0.3407820340681969,0.0,0.017142857142857144,0.017142857142857144,0.0,0.12,0.0,0.0,0.033287713533072937,0.08436634914903715,11.794285714285714,0.0,0.0,0.15,0.08,5,0.052116589566089756,0.0,0.31271262482303797,0.0,0.0,0.8333333333333334,0.0,0.2,0.0,0.2,0.3,0.08,0.017142857142857144,0.05,0.25
14,0.48364117840968407,0.49913644989955613,0.48364117840968407,0.49913644989955613,0.23903325573756998,0.5,0.8971428571428571,0.33226902751555454,0.34018203406819686,0.0,0.8971428571428571,0.33226902751555454,0.34018203406819686,0.0,0.02857142857142857,0.03142857142857143,0.0,0.12857142857142856,0.0,0.0,0.033287713533072937,0.08436634914903715,11.794285714285714,0.0,0.0,0.15,0.08,4,0.05657029233254502,0.14075013549576013,0.33788694375514855,0.7738274310228492,0.0,0.8181818181818182,0.0,0.2,0.0,0.2,0.3,0.08,0.02857142857142857,0.05,0.25
15,0.49452373890149326,0.4989587619561259,0.49452373890149326,0.4989587619561259,0.23903325573756998,0.5,0.8942857142857142,0.332097598944126,0.3400963197824826,0.0,0.8942857142857142,0.332097598944126,0.3400963197824826,0.0,0.005714285714285714,0.005714285714285714,0.0,0.15142857142857144,0.0,0.0,0.033287713533072937,0.08436634914903715,11.794285714285714,0.0,0.0,0.15,0.08,4,0.05714458372802515,0.14202452023180137,0.3368434905943314,0.8023654963635712,0.0,0.5,0.0,0.2,0.0,0.2,0.3,0.08,0.005714285714285714,0.05,0.25
16,0.5031159327362558,0.49857596523477965,0.5031159327362558,0.49857596523477965,0.23903325573756998,0.5,0.92,0.3316975989441259,0.3397963197824826,0.0,0.92,0.3316975989441259,0.3397963197824826,0.0,0.014285714285714285,0.014285714285714285,0.0,0.18857142857142858,0.0,0.0,0.033287713533072937,0.08436634914903715,11.794285714285714,0.0,0.0,0.15,0.08,4,0.05900171795224216,0.1427382112882426,0.344392335068159,0.8187403024118074,0.0,0.6,0.0,0.2,0.0,0.2,0.3,0.08,0.014285714285714285,0.05,0.25
17,0.5154856149212157,0.49862720581985165,0.5154856149212157,0.49862720581985165,0.23903325573756998,0.5,0.9342857142857143,0.33118331322984024,0.3394106054967683,0.0,0.9342857142857143,0.33118331322984024,0.3394106054967683,0.0,0.022857142857142857,0.022857142857142857,0.0,0.1742857142857143,0.0,0.0,0.033287713533072937,0.08436634914903715,11.794285714285714,0.0,0.0,0.15,0.08,4,0.06126109999593177,0.14202452023180137,0.3603616312239387,0.8023654963635712,0.0,1.0,0.0,0.2,0.0,0.2,0.3,0.08,0.022857142857142857,0.05,0.25
18,0.5252014373181839,0.4991958572803835,0.5252014373181839,0.4991958572803835,0.23903325573756998,0.5,0.9,0.3303261703726974,0.3387677483539112,0.0,0.9,0.3303261703726974,0.3387677483539112,0.0,0.025714285714285714,0.02857142857142857,0.0,0.21714285714285714,0.0,0.0,0.033287713533072937,0.08436634914903715,11.794285714285714,0.0,0.0,0.15,0.08,4,0.0652405087816664,0.14410395653631553,0.38172582717088843,0.8507630225817854,0.0,0.8,0.0,0.2,0.0,0.2,0.3,0.08,0.025714285714285714,0.05,0.25
19,0.5361321255702836,0.4991839758486633,0.5361321255702836,0.4991839758486633,0.23903325573756998,0.5,0.9342857142857143,0.32998331322984026,0.33851060549676837,0.0,0.9342857142857143,0.32998331322984026,0.33851060549676837,0.0,0.011428571428571429,0.011428571428571429,0.0,0.2342857142857143,0.0,0.0,0.033287713533072937,0.08436634914903715,11.794285714285714,0.0,0.0,0.15,0.08,4,0.06662859195204378,0.14352790278041283,0.3855198820560421,0.8371855392418075,0.0,0.75,0.0,0.2,0.0,0.2,0.3,0.08,0.011428571428571429,0.05,0.25
20,0.5438183830473098,0.4996064568631626,0.5438183830473098,0.4996064568631626,0.23903325573756998,0.5,0.9028571428571428,0.3289547418012688,0.33783737157764343,0.0,0.9028571428571428,0.3289547418012688,0.33783737157764343,0.0,0.02857142857142857,0.03428571428571429,0.0,0.26,0.0,0.0,0.033287713533072937,0.08436634914903715,11.794285714285714,0.0,0.0,0.15,0.08,4,0.0714383061351407,0.14555587640343984,0.4120951987006355,0.8858423808639998,0.0,0.6666666666666666,0.0,0.2,0.0,0.2,0.3,0.08,0.02857142857142857,0.05,0.25
21,0.5527021594853503,0.4995006416471149,0.5527021594853503,0.4995006416471149,0.23903325573756998,0.5,0.9171428571428571,0.32781188465841166,0.337108800149072,0.0,0.9171428571428571,0.32781188465841166,0.337108800149072,0.0,0.04,0.04,0.0,0.32285714285714284,0.0,0.0,0.033287713533072937,0.08436634914903715,11.794285714285714,0.0,0.0,0.15,0.08,4,0.07708111460446498,0.14628731296828124,0.4438532947266228,0.9039207967999998,0.0,0.7857142857142857,0.0,0.2,0.0,0.2,0.3,0.08,0.04,0.05,0.25
22,0.561832161549799,0.49922905327413153,0.561832161549799,0.49922905327413153,0.23903325573756998,0.5,0.9257142857142857,0.3270118846584117,0.3365945144347863,0.0,0.9257142857142857,0.3270118846584117,0.3365945144347863,0.0,0.025714285714285714,0.02857142857142857,0.0,0.3514285714285714,0.0,0.0,0.033287713533072937,0.08436634914903715,11.794285714285714,0.0,0.0,0.15,0.08,4,0.08026571615646051,0.14702242509375,0.4635476574035189,0.9223681599999999,0.0,0.8,0.0,0.2,0.0,0.2,0.3,0.08,0.025714285714285714,0.05,0.25
23,0.5711076001820649,0.49867678353858114,0.5711076001820649,0.49867678353858114,0.23903325573756998,0.5,0.92,0.32649759894412594,0.336208800149072,0.0,0.92,0.32649759894412594,0.336208800149072,0.0,0.017142857142857144,0.017142857142857144,0.0,0.3657142857142857,0.0,0.0,0.033287713533072937,0.08436634914903715,11.794285714285714,0.0,0.0,0.15,0.08,4,0.0824358161471068,0.14628731296828124,0.4714195613983057,0.9039207967999998,0.0,1.0,0.0,0.2,0.0,0.2,0.3,0.08,0.017142857142857144,0.05,0.25
24,0.5795358304910792,0.4993222027272905,0.5795358304910792,0.4993222027272905,0.23903325573756998,0.5,0.9171428571428571,0.3258690275155545,0.33576216050110724,0.0,0.9171428571428571,0.3258690275155545,0.33576216050110724,0.0,0.02,0.02,0.0,0.4342857142857143,0.0,0.0,0.033287713533072937,0.08436634914903715,11.794285714285714,0.0,0.0,0.15,0.08,4,0.08470943767399952,0.14636082418082813,0.4819911701703396,0.9057655331200002,0.0,0.7142857142857143,0.0,0.2,0.0,0.2,0.3,0.08,0.02,0.05,0.25
25,0.5887296103435844,0.49932540866600916,0.5887296103435844,0.49932540866600916,0.23903325573756998,0.5,0.8771428571428571,0.3255261703726974,0.33565652454644573,0.0,0.8771428571428571,0.3255261703726974,0.33565652454644573,0.0,0.017142857142857144,0.017142857142857144,0.0,0.49142857142857144,0.0,0.0,0.033287713533072937,0.08436634914903715,11.794285714285714,0.0,0.0,0.15,0.08,4,0.0868573190570581,0.14562902005992398,0.4894942039097899,0.8876502224576002,0.0,1.0,0.0,0.2,0.0,0.2,0.3,0.08,0.017142857142857144,0.05,0.25
26,0.5977290298754463,0.4992189405789913,0.5977290298754463,0.4992189405789913,0.23903325573756998,0.5,0.9057142857142857,0.3249547418012688,0.3352279531178743,0.0,0.9057142857142857,0.3249547418012688,0.3352279531178743,0.0,0.017142857142857144,0.017142857142857144,0.0,0.5371428571428571,0.0,0.0,0.033287713533072937,0.08436634914903715,11.794285714285714,0.0,0.0,0.15,0.08,4,0.08820838492009847,0.14555587640343984,0.4968471769744513,0.8858423808639998,0.0,0.6666666666666666,0.0,0.2,0.0,0.2,0.3,0.08,0.017142857142857144,0.05,0.25
27,0.609389159872815,0.49877454742607646,0.609389159872815,0.49877454742607646,0.23903325573756998,0.5,0.8771428571428571,0.32449759894412594,0.3348850959750172,0.0,0.8771428571428571,0.32449759894412594,0.3348850959750172,0.0,0.017142857142857144,0.017142857142857144,0.0,0.5742857142857143,0.002857142857142857,0.0,0.033287713533072937,0.08436634914903715,11.794285714285714,0.0,0.0,0.15,0.08,3,0.08951020013835513,0.14490087495962437,0.5040530905778194,0.8698972180084482,0.0,0.6666666666666666,0.0,0.2,0.0,0.2,0.3,0.08,0.017142857142857144,0.05,0.25
28,0.6193115689239884,0.4979700763497051,0.6193115689239884,0.4979700763497051,0.23903325573756998,0.5,0.8628571428571429,0.3241547418012688,0.3346279531178743,0.0,0.8628571428571429,0.3241547418012688,0.3346279531178743,0.0,0.011428571428571429,0.011428571428571429,0.0,0.6485714285714286,0.002857142857142857,0.0,0.033287713533072937,0.08436634914903715,11.794285714285714,0.0,0.0,0.15,0.08,1,0.09077693485194907,0.14482809702142263,0.5054006001948343,0.8681255332467198,0.0,0.75,0.0,0.2,0.0,0.2,0.3,0.08,0.011428571428571429,0.05,0.25
29,0.6267511898681869,0.4981325257304091,0.6267511898681869,0.4981325257304091,0.23903325573756998,0.5,0.8828571428571429,0.3238690275155545,0.33441366740358863,0.0,0.8828571428571429,0.3238690275155545,0.33441366740358863,0.0,0.008571428571428572,0.008571428571428572,0.0,0.7171428571428572,0.002857142857142857,0.0,0.033287713533072937,0.08436634914903715,11.794285714285714,0.0,0.0,0.15,0.08,0,0.09160876446340362,0.14410395653631553,0.5038640167623663,0.8507630225817854,0.0,1.0,0.0,0.2,0.0,0.2,0.3,0.08,0.008571428571428572,0.05,0.25
30,0.6345789381678337,0.49868518309343535,0.6345789381678337,0.49868518309343535,0.23903325573756998,0.5,0.8457142857142858,0.3232404560869831,0.3341136674035886,0.0,0.8457142857142858,0.3232404560869831,0.3341136674035886,0.0,0.022857142857142857,0.022857142857142857,0.0,0.7914285714285715,0.002857142857142857,0.0,0.033287713533072937,0.08436634914903715,11.794285714285714,0.0,0.0,0.15,0.08,0,0.09457929206965802,0.14338343675363394,0.5166438792842618,0.8337477621301497,0.0,1.0,0.0,0.2,0.0,0.2,0.3,0.08,0.022857142857142857,0.05,0.25
31,0.6409016870348363,0.4994588946661398,0.6409016870348363,0.4994588946661398,0.23903325573756998,0.5,0.8485714285714285,0.32289759894412595,0.3340279531178743,0.0,0.8485714285714285,0.32289759894412595,0.3340279531178743,0.0,0.014285714285714285,0.014285714285714285,0.0,0.8428571428571429,0.002857142857142857,0.0,0.033287713533072937,0.08436634914903715,11.794285714285714,0.0,0.0,0.15,0.08,0,0.09596211702004187,0.14266651956986576,0.5205967159842908,0.8170728068875467,0.0,1.0,0.0,0.2,0.0,0.2,0.3,0.08,0.014285714285714285,0.05,0.25
32,0.6512383004652691,0.4994759633237445,0.6512383004652691,0.4994759633237445,0.23903325573756998,0.5,0.8457142857142858,0.3227833132298403,0.33394223883216007,0.0,0.8457142857142858,0.3227833132298403,0.33394223883216007,0.0,0.002857142857142857,0.002857142857142857,0.0,0.8285714285714286,0.002857142857142857,0.0,0.033287713533072937,0.08436634914903715,11.794285714285714,0.0,0.0,0.15,0.08,0,0.0959108778635131,0.14195318697201642,0.5130419245217479,0.8007313507497957,0.0,1.0,0.0,0.2,0.0,0.2,0.3,0.08,0.002857142857142857,0.05,0.25
33,0.6589860619385189,0.499105073143313,0.6589860619385189,0.499105073143313,0.23903325573756998,0.5,0.86,0.32266902751555454,0.33385652454644577,0.0,0.86,0.32266902751555454,0.33385652454644577,0.0,0.002857142857142857,0.002857142857142857,0.0,0.8914285714285715,0.002857142857142857,0.0,0.033287713533072937,0.08436634914903715,11.794285714285714,0.0,0.0,0.15,0.08,0,0.09585989490276696,0.14131439763064235,0.5056382288884558,0.7863181864362998,0.0,0.0,0.0,0.2,0.0,0.2,0.3,0.08,0.002857142857142857,0.05,0.25
34,0.6660148460560034,0.49860682596027395,0.6660148460560034,0.49860682596027395,0.23903325573756998,0.5,0.8085714285714286,0.32244045608698313,0.33368509597501717,0.0,0.8085714285714286,0.32244045608698313,0.33368509597501717,0.0,0.005714285714285714,0.005714285714285714,0.0,0.9571428571428572,0.002857142857142857,0.0,0.033287713533072937,0.08436634914903715,11.794285714285714,0.0,0.0,0.15,0.08,0,0.09623773828539596,0.14266651956986576,0.5012397500249723,0.8170728068875467,0.0,0.0,0.0,0.2,0.0,0.2,0.3,0.08,0.005714285714285714,0.05,0.25
35,0.6745480724828963,0.4987108463820442,0.6745480724828963,0.4987108463820442,0.23903325573756998,0.5,0.8085714285714286,0.32209759894412593,0.33347580473446115,0.0,0.8085714285714286,0.32209759894412593,0.33347580473446115,0.0,0.014285714285714285,0.014285714285714285,0.0,1.022857142857143,0.002857142857142857,0.0,0.033287713533072937,0.08436634914903715,11.794285714285714,0.0,0.0,0.15,0.08,0,0.09789940673682614,0.14209621195017821,0.5055006693101871,0.8040329918878318,0.0,0.8,0.0,0.2,0.0,0.2,0.3,0.08,0.014285714285714285,0.05,0.25
36,0.68333363820408,0.4987491989943212,0.68333363820408,0.4987491989943212,0.23903325573756998,0.5,0.8685714285714285,0.3218118846584117,0.3332615190201755,0.0,0.8685714285714285,0.3218118846584117,0.3332615190201755,0.0,0.014285714285714285,0.014285714285714285,0.0,1.06,0.005714285714285714,0.0,0.033287713533072937,0.08436634914903715,11.794285714285714,0.0,0.0,0.15,0.08,0,0.09955276684599913,0.1413857308904273,0.5096763702096977,0.7879523320500753,0.0,1.0,0.0,0.2,0.0,0.2,0.3,0.08,0.014285714285714285,0.05,0.25
37,0.691748402441763,0.4997085320859045,0.691748402441763,0.4997085320859045,0.23903325573756998,0.5,0.82,0.320897598944126,0.3327428523918943,0.0,0.82,0.320897598944126,0.3327428523918943,0.0,0.02857142857142857,0.02857142857142857,0.0,1.1571428571428573,0.005714285714285714,0.0,0.033287713533072937,0.08436634914903715,11.794285714285714,0.0,0.0,0.15,0.08,0,0.10334071729748343,0.14374733558764563,0.5280542713769324,0.8426098019171367,0.0,0.7,0.0,0.2,0.0,0.2,0.3,0.08,0.02857142857142857,0.05,0.25
38,0.7007424120334883,0.49875580672991615,0.7007424120334883,0.49875580672991615,0.23903325573756998,0.5,0.8257142857142857,0.3204404560869831,0.3323999952490371,0.0,0.8257142857142857,0.3204404560869831,0.3323999952490371,0.0,0.014285714285714285,0.014285714285714285,0.0,1.1514285714285715,0.005714285714285714,0.0,0.033287713533072937,0.08436634914903715,11.794285714285714,0.0,0.0,0.15,0.08,0,0.10496687085385316,0.14636082418082813,0.531778900235108,0.9057655331200002,0.0,0.8,0.0,0.2,0.0,0.2,0.3,0.08,0.014285714285714285,0.05,0.25
39,0.7077450997726347,0.49909500940473484,0.7077450997726347,0.49909500940473484,0.23903325573756998,0.5,0.8285714285714286,0.31958331322984024,0.3318857095347514,0.0,0.8285714285714286,0.31958331322984024,0.3318857095347514,0.0,0.025714285714285714,0.025714285714285714,0.0,1.1914285714285715,0.008571428571428572,0.0,0.033287713533072937,0.08436634914903715,11.794285714285714,0.0,0.0,0.15,0.08,0,0.1082949584232318,0.14717055758437503,0.5468576079446915,0.9261713440000008,0.0,0.6666666666666666,0.0,0.2,0.0,0.2,0.3,0.08,0.025714285714285714,0.05,0.25
40,0.7166632732825378,0.4981668934948004,0.7166632732825378,0.4981668934948004,0.23903325573756998,0.5,0.8257142857142857,0.3192404560869831,0.33162856667760854,0.0,0.8257142857142857,0.3192404560869831,0.33162856667760854,0.0,0.008571428571428572,0.008571428571428572,0.0,1.2742857142857142,0.002857142857142857,0.0,0.033287713533072937,0.08436634914903715,11.794285714285714,0.0,0.0,0.15,0.08,0,0.10903919791682991,0.14776123124999999,0.5444918843572262,0.9411919999999999,0.0,0.3333333333333333,0.0,0.2,0.0,0.2,0.3,0.08,0.008571428571428572,0.05,0.25
41,0.7252469355913468,0.4986022692641581,0.7252469355913468,0.4986022692641581,0.23903325573756998,0.5,0.8114285714285714,0.31884045608698314,0.3313285666776085,0.0,0.8114285714285714,0.31884045608698314,0.3313285666776085,0.0,0.014285714285714285,0.014285714285714285,0.0,1.3571428571428572,0.002857142857142857,0.0,0.033287713533072937,0.08436634914903715,11.794285714285714,0.0,0.0,0.15,0.08,0,0.11060616909556452,0.147096305709375,0.5478877609557959,0.9242505440000003,0.0,0.8,0.0,0.2,0.0,0.2,0.3,0.08,0.014285714285714285,0.05,0.25
42,0.7312560734475189,0.49871316182607905,0.7312560734475189,0.49871316182607905,0.23903325573756998,0.5,0.8342857142857143,0.318097598944126,0.3308999952490371,0.0,0.8342857142857143,0.318097598944126,0.3308999952490371,0.0,0.025714285714285714,0.025714285714285714,0.0,1.3857142857142857,0.002857142857142857,0.0,0.033287713533072937,0.08436634914903715,11.794285714285714,0.0,0.0,0.15,0.08,0,0.11391028110722955,0.14850375,0.5626442914509656,0.9603999999999999,0.0,0.6666666666666666,0.0,0.2,0.0,0.2,0.3,0.08,0.025714285714285714,0.05,0.25
43,0.7370069393115997,0.4984838738319073,0.7370069393115997,0.4984838738319073,0.23903325573756998,0.5,0.8228571428571428,0.31781188465841165,0.3306857095347514,0.0,0.8228571428571428,0.31781188465841165,0.3306857095347514,0.0,0.011428571428571429,0.011428571428571429,0.0,1.4914285714285713,0.005714285714285714,0.0,0.033287713533072937,0.08436634914903715,11.794285714285714,0.0,0.0,0.15,0.08,0,0.11434023011384628,0.147835483125,0.5628199770505179,0.9431128000000003,0.0,0.75,0.0,0.2,0.0,0.2,0.3,0.08,0.011428571428571429,0.05,0.25
44,0.74520880944048,0.4981799152263356,0.74520880944048,0.4981799152263356,0.23903325573756998,0.5,0.78,0.31752617037269737,0.33055713810618,0.0,0.78,0.31752617037269737,0.33055713810618,0.0,0.011428571428571429,0.011428571428571429,0.0,1.5971428571428572,0.005714285714285714,0.0,0.033287713533072937,0.08436634914903715,11.794285714285714,0.0,0.0,0.15,0.08,0,0.11519567894543778,0.147835483125,0.5629921489380789,0.9431128000000003,0.0,0.75,0.0,0.2,0.0,0.2,0.3,0.08,0.011428571428571429,0.05,0.25
45,0.7506588089585681,0.49892981959842636,0.7506588089585681,0.49892981959842636,0.23903325573756998,0.5,0.7942857142857143,0.3171833132298402,0.3302999952490371,0.0,0.7942857142857143,0.3171833132298402,0.3302999952490371,0.0,0.011428571428571429,0.011428571428571429,0.0,1.6857142857142857,0.002857142857142857,0.0,0.033287713533072937,0.08436634914903715,11.794285714285714,0.0,0.0,0.15,0.08,0,0.1154355284397654,0.147096305709375,0.5631608773878887,0.9242505440000003,0.0,1.0,0.0,0.2,0.0,0.2,0.3,0.08,0.011428571428571429,0.05,0.25
46,0.7571685803910824,0.4976576897037837,0.7571685803910824,0.4976576897037837,0.23903325573756998,0.5,0.7742857142857142,0.316497598944126,0.32987142382046564,0.0,0.7742857142857142,0.316497598944126,0.32987142382046564,0.0,0.025714285714285714,0.025714285714285714,0.0,1.7142857142857142,0.008571428571428572,0.0,0.033287713533072937,0.08436634914903715,11.794285714285714,0.0,0.0,0.15,0.08,0,0.11722793006544158,0.14702242509375,0.5776119455544166,0.9223681599999999,0.0,0.8888888888888888,0.0,0.2,0.0,0.2,0.3,0.08,0.025714285714285714,0.05,0.25
47,0.7639914039808342,0.49725589295724115,0.7639914039808342,0.49725589295724115,0.23903325573756998,0.5,0.7714285714285715,0.3160404560869831,0.32952856667760855,0.0,0.7714285714285715,0.3160404560869831,0.32952856667760855,0.0,0.017142857142857144,0.017142857142857144,0.0,1.8057142857142856,0.008571428571428572,0.0,0.033287713533072937,0.08436634914903715,11.794285714285714,0.0,0.0,0.15,0.08,0,0.11881321898654294,0.14628731296828124,0.5832025637861855,0.9039207967999998,0.0,0.8333333333333334,0.0,0.2,0.0,0.2,0.3,0.08,0.017142857142857144,0.05,0.25
48,0.7697029710636489,0.49795504619444914,0.7697029710636489,0.49795504619444914,0.23903325573756998,0.5,0.7657142857142857,0.31569759894412597,0.32927142382046565,0.0,0.7657142857142857,0.31569759894412597,0.32927142382046565,0.0,0.011428571428571429,0.011428571428571429,0.0,1.7971428571428572,0.005714285714285714,0.0,0.033287713533072937,0.08436634914903715,11.794285714285714,0.0,0.0,0.15,0.08,0,0.11993343860589595,0.14724518258437505,0.5829670839390333,0.9281313440000012,0.0,0.5,0.0,0.2,0.0,0.2,0.3,0.08,0.011428571428571429,0.05,0.25
49,0.7763996207728584,0.49859036248491334,0.7763996207728584,0.49859036248491334,0.23903325573756998,0.5,0.7657142857142857,0.3153547418012688,0.3290142809633228,0.0,0.7657142857142857,0.3153547418012688,0.3290142809633228,0.0,0.011428571428571429,0.011428571428571429,0.0,1.9257142857142857,0.011428571428571429,0.0,0.033287713533072937,0.08436634914903715,11.794285714285714,0.0,0.0,0.15,0.08,0,0.12070477212715217,0.14925,0.582736313688824,0.98,0.0,0.5,0.0,0.2,0.0,0.2,0.3,0.08,0.011428571428571429,0.05,0.25
50,0.7826573816685232,0.4981865040442441,0.7826573816685232,0.4981865040442441,0.23903325573756998,0.5,0.7342857142857143,0.3150690275155546,0.3287999952490371,0.0,0.7342857142857143,0.3150690275155546,0.3287999952490371,0.0,0.011428571428571429,0.011428571428571429,0.0,1.9714285714285715,0.005714285714285714,0.0,0.033287713533072937,0.08436634914903715,11.794285714285714,0.0,0.0,0.15,0.08,0,0.1210998268201057,0.148578375,0.5825101588436189,0.9623600000000003,0.0,0.75,0.0,0.2,0.0,0.2,0.3,0.08,0.011428571428571429,0.05,0.25
51,0.7877136582430901,0.4993225447468289,0.7877136582430901,0.4993225447468289,0.23903325573756998,0.5,0.7428571428571429,0.31495474180126887,0.3287999952490371,0.0,0.7428571428571429,0.31495474180126887,0.3287999952490371,0.0,0.002857142857142857,0.002857142857142857,0.0,2.045714285714286,0.008571428571428572,0.0,0.033287713533072937,0.08436634914903715,11.794285714285714,0.0,0.0,0.15,0.08,0,0.1209228991145766,0.147835483125,0.5737170985238894,0.9431128000000003,0.0,1.0,0.0,0.2,0.0,0.2,0.3,0.08,0.002857142857142857,0.05,0.25
52,0.7933382399210388,0.5001962570884223,0.7933382399210388,0.5001962570884223,0.23903325573756998,0.5,0.76,0.3143261703726974,0.3283285666776085,0.0,0.76,0.3143261703726974,0.3283285666776085,0.0,0.022857142857142857,0.022857142857142857,0.0,2.162857142857143,0.005714285714285714,0.0,0.033287713533072937,0.08436634914903715,11.794285714285714,0.0,0.0,0.15,0.08,0,0.12374685604757514,0.147835483125,0.5850998994105544,0.9431128000000003,0.0,0.75,0.0,0.2,0.0,0.2,0.3,0.08,0.022857142857142857,0.05,0.25
53,0.8003657926731707,0.49939441253384514,0.8003657926731707,0.49939441253384514,0.23903325573756998,0.5,0.7542857142857143,0.3142118846584117,0.3282428523918942,0.0,0.7542857142857143,0.3142118846584117,0.3282428523918942,0.0,0.002857142857142857,0.002857142857142857,0.0,2.2457142857142856,0.005714285714285714,0.0,0.033287713533072937,0.08436634914903715,11.794285714285714,0.0,0.0,0.15,0.08,0,0.1235566931959087,0.147096305709375,0.5762550442794862,0.9242505440000003,0.0,1.0,0.0,0.2,0.0,0.2,0.3,0.08,0.002857142857142857,0.05,0.25
54,0.805437583843937,0.4993392214984648,0.805437583843937,0.4993392214984648,0.23903325573756998,0.5,0.6857142857142857,0.31381188465841164,0.32794285239189425,0.0,0.6857142857142857,0.31381188465841164,0.32794285239189425,0.0,0.014285714285714285,0.014285714285714285,0.0,2.2942857142857145,0.005714285714285714,0.0,0.033287713533072937,0.08436634914903715,11.794285714285714,0.0,0.0,0.15,0.08,0,0.1250817668727863,0.14850375,0.5790156576796107,0.9603999999999999,0.0,0.6,0.0,0.2,0.0,0.2,0.3,0.08,0.014285714285714285,0.05,0.25
55,0.8106644174590344,0.4984683268988725,0.8106644174590344,0.4984683268988725,0.23903325573756998,0.5,0.7514285714285714,0.3134118846584117,0.3276428523918942,0.0,0.7514285714285714,0.3134118846584117,0.3276428523918942,0.0,0.014285714285714285,0.014285714285714285,0.0,2.3114285714285714,0.008571428571428572,0.0,0.033287713533072937,0.08436634914903715,11.794285714285714,0.0,0.0,0.15,0.08,0,0.12659921518127948,0.14925,0.5817210588117329,0.98,0.0,0.6,0.0,0.2,0.0,0.2,0.3,0.08,0.014285714285714285,0.05,0.25
56,0.8147142648495508,0.49813236495990654,0.8147142648495508,0.49813236495990654,0.23903325573756998,0.5,0.7171428571428572,0.31329759894412595,0.3275571381061799,0.0,0.7171428571428572,0.31329759894412595,0.3275571381061799,0.0,0.005714285714285714,0.005714285714285714,0.0,2.362857142857143,0.008571428571428572,0.0,0.033287713533072937,0.08436634914903715,11.794285714285714,0.0,0.0,0.15,0.08,0,0.12653663323755315,0.14850375,0.5758009233497838,0.9603999999999999,0.0,1.0,0.0,0.2,0.0,0.2,0.3,0.08,0.005714285714285714,0.05,0.25
57,0.8195479486433777,0.49873950565774855,0.8195479486433777,0.49873950565774855,0.23903325573756998,0.5,0.68,0.31278331322984027,0.32717142382046566,0.0,0.68,0.31278331322984027,0.32717142382046566,0.0,0.02,0.02,0.0,2.4685714285714284,0.011428571428571429,0.0,0.033287713533072937,0.08436634914903715,11.794285714285714,0.0,0.0,0.15,0.08,0,0.1274152606610255,0.14850375,0.5842849048827882,0.9603999999999999,0.0,0.7142857142857143,0.0,0.2,0.0,0.2,0.3,0.08,0.02,0.05,0.25
58,0.8253078822867045,0.49980378600682523,0.8253078822867045,0.49980378600682523,0.23903325573756998,0.5,0.6771428571428572,0.3124404560869831,0.3269142809633228,0.0,0.6771428571428572,0.3124404560869831,0.3269142809633228,0.0,0.008571428571428572,0.008571428571428572,0.0,2.585714285714286,0.008571428571428572,0.0,0.033287713533072937,0.08436634914903715,11.794285714285714,0.0,0.0,0.15,0.08,0,0.12806389864343468,0.14925,0.581170635356561,0.98,0.0,0.3333333333333333,0.0,0.2,0.0,0.2,0.3,0.08,0.008571428571428572,0.05,0.25
59,0.8315822490130879,0.4989181701622361,0.8315822490130879,0.4989181701622361,0.23903325573756998,0.5,0.7257142857142858,0.3124404560869831,0.3269142809633228,0.0,0.7257142857142858,0.3124404560869831,0.3269142809633228,0.0,0.0,0.0,0.0,2.657142857142857,0.008571428571428572,0.0,0.033287713533072937,0.08436634914903715,11.794285714285714,0.0,0.0,0.15,0.08,0,0.1274235791502175,0.14850375,0.5695472226494297,0.9603999999999999,0.0,0.0,0.0,0.2,0.0,0.2,0.3,0.08,0.0,0.05,0.25
60,0.8357743868769022,0.4994729982592231,0.8357743868769022,0.4994729982592231,0.23903325573756998,0.5,0.6771428571428572,0.312097598944126,0.32665713810617997,0.0,0.6771428571428572,0.312097598944126,0.32665713810617997,0.0,0.014285714285714285,0.014285714285714285,0.0,2.662857142857143,0.008571428571428572,0.0,0.033287713533072937,0.08436634914903715,11.794285714285714,0.0,0.0,0.15,0.08,0,0.128091940499754,0.147835483125,0.5724419924821554,0.9431128000000003,0.0,0.8,0.0,0.2,0.0,0.2,0.3,0.08,0.014285714285714285,0.05,0.25
61,0.8403173918832431,0.4989862683484773,0.8403173918832431,0.4989862683484773,0.23903325573756998,0.5,0.6457142857142857,0.31186902751555456,0.32652856667760854,0.0,0.6457142857142857,0.31186902751555456,0.32652856667760854,0.0,0.008571428571428572,0.008571428571428572,0.0,2.7314285714285713,0.005714285714285714,0.0,0.033287713533072937,0.08436634914903715,11.794285714285714,0.0,0.0,0.15,0.08,0,0.1283371950829695,0.14776123124999999,0.5695645812039409,0.9411919999999999,0.0,0.6666666666666666,0.0,0.2,0.0,0.2,0.3,0.08,0.008571428571428572,0.05,0.25
62,0.8468862384950689,0.500171388714124,0.8453911719460045,0.4999505684649355,0.23903325573756998,0.5,0.6303724928366762,0.3120858803767488,0.32632511462395875,0.0,0.6285714285714286,0.3116404560869831,0.32635713810617994,0.0,0.0057306590257879654,0.005714285714285714,0.002857142857142857,2.76,0.0057306590257879654,0.002857142857142857,0.033311536448514846,0.08436634914903715,11.759312320916905,0.0,0.0,0.15,0.08022922636103152,0,0.1285526519646975,0.14865337500000003,0.5638875752941478,0.9460830518830328,0.0,0.0,0.0,0.2,0.0,0.2,0.3,0.08,0.005714285714285714,0.05,0.25
63,0.8516780776057513,0.5002496309193344,0.8501693200877993,0.5000056291925115,0.23903325573756998,0.5,0.6590257879656161,0.31174204083520146,0.3261531948531851,0.0,0.6571428571428571,0.311297598944126,0.3261857095347514,0.0,0.014326647564469915,0.014285714285714285,0.002857142857142857,2.7542857142857144,0.0057306590257879654,0.0,0.033323988136191765,0.08436634914903715,11.759312320916905,0.0,0.0,0.15,0.08022922636103152,0,0.13005274584773116,0.14791010812500002,0.5668955380739791,0.9271613908453722,0.0,1.0,0.0,0.2,0.0,0.2,0.3,0.08,0.014326647564469915,0.05,0.25
64,0.8541685272726602,0.49988907135269856,0.8526526541842312,0.4996075127233883,0.23903325573756998,0.5,0.6819484240687679,0.3116274276546857,0.3261209106050966,0.0,0.68,0.3111833132298403,0.32615351752737165,0.0,0.0057306590257879654,0.005714285714285714,0.002857142857142857,2.782857142857143,0.0057306590257879654,0.0,0.033323988136191765,0.08436634914903715,11.759312320916905,0.0,0.0,0.15,0.08022922636103152,0,0.12994448497206393,0.14717055758437503,0.5612719130267851,0.9086181630284647,0.0,1.0,0.0,0.2,0.0,0.2,0.3,0.08,0.0057306590257879654,0.05,0.25
65,0.8574479366798978,0.49953199500798,0.8559226938503053,0.49929020874984853,0.23903325573756998,0.5,0.6962750716332379,0.3109397485715912,0.3257770710635493,0.0,0.6942857142857143,0.31049759894412593,0.3258106603845145,0.0,0.022922636103151862,0.022857142857142857,0.002857142857142857,2.782857142857143,0.008595988538681949,0.0,0.033323988136191765,0.08436634914903715,11.759312320916905,0.0,0.0,0.15,0.08022922636103152,0,0.13189476254720361,0.14776123124999999,0.5729036176233923,0.9076479171200007,0.0,0.875,0.0,0.2,0.0,0.2,0.3,0.08,0.022922636103151862,0.05,0.25
66,0.8604690090640571,0.49856427338626624,0.8589351345990813,0.4983231532320797,0.23903325573756998,0.5,0.7163323782234957,0.3104812958495281,0.32543323152200204,0.0,0.7142857142857143,0.3100404560869831,0.3254678032416574,0.0,0.014326647564469915,0.014285714285714285,0.002857142857142857,2.7314285714285713,0.0057306590257879654,0.0,0.033323988136191765,0.08436634914903715,11.759312320916905,0.0,0.0,0.15,0.08022922636103152,0,0.13337814587732474,0.149325,0.5757312595566387,0.9281313440000012,0.0,0.6,0.0,0.2,0.0,0.2,0.3,0.08,0.014326647564469915,0.05,0.25
67,0.8637768156409993,0.4980860018251555,0.8622334903000894,0.49783590811570677,0.23903325573756998,0.5,0.7020057306590258,0.31025206948849665,0.3252613117512284,0.0,0.7,0.3098118846584117,0.3252963746702288,0.0,0.011461318051575931,0.011428571428571429,0.002857142857142857,2.677142857142857,0.0057306590257879654,0.0,0.033323988136191765,0.08436634914903715,11.759312320916905,0.0,0.0,0.15,0.08022922636103152,0,0.13416626938018802,0.148578375,0.5756452057940774,0.9095687171200011,0.0,1.0,0.0,0.2,0.0,0.2,0.3,0.08,0.011461318051575931,0.05,0.25
68,0.8660345596819106,0.49830787673161375,0.864484783643741,0.4980957429067617,0.23903325573756998,0.5,0.6848137535816619,0.31025206948849665,0.3252613117512284,0.0,0.6828571428571428,0.3098118846584117,0.3252963746702288,0.0,0.0,0.0,0.002857142857142857,2.6685714285714286,0.0057306590257879654,0.0,0.033323988136191765,0.08436634914903715,11.759312320916905,0.0,0.0,0.15,0.08022922636103152,0,0.1334954380332871,0.147835483125,0.5641323016781958,0.8913773427776011,0.0,0.0,0.0,0.2,0.0,0.2,0.3,0.08,0.0,0.05,0.25
69,0.8680411910148803,0.49891996184892917,0.8664856817443306,0.4986891906150952,0.23903325573756998,0.5,0.6876790830945558,0.31025206948849665,0.3252613117512284,0.0,0.6857142857142857,0.3098118846584117,0.3252963746702288,0.0,0.0,0.0,0.002857142857142857,2.677142857142857,0.0057306590257879654,0.0,0.033323988136191765,0.08436634914903715,11.759312320916905,0.0,0.0,0.15,0.08022922636103152,0,0.13282796084312062,0.147096305709375,0.552849655644632,0.8735497959220491,0.0,0.0,0.0,0.2,0.0,0.2,0.3,0.08,0.0,0.05,0.25
70,0.8724758852785132,0.4987644251510342,0.8709077054529246,0.4985662211948938,0.23903325573756998,0.5,0.673352435530086,0.31025206948849665,0.3252613117512284,0.0,0.6714285714285714,0.3098118846584117,0.3252963746702288,0.0,0.0,0.0,0.002857142857142857,2.737142857142857,0.0057306590257879654,0.0,0.033323988136191765,0.08436634914903715,11.759312320916905,0.0,0.0,0.15,0.08022922636103152,0,0.13216382103890503,0.14636082418082813,0.5417926625317393,0.856078800003608,0.0,0.0,0.0,0.2,0.0,0.2,0.3,0.08,0.0,0.05,0.25
71,0.876312351730752,0.49904723270720436,0.8747332105724427,0.49884770323069266,0.23903325573756998,0.5,0.6991404011461319,0.30985092335669145,0.32500343209506793,0.0,0.6971428571428572,0.3094118846584117,0.32503923181308597,0.0,0.014326647564469915,0.014285714285714285,0.002857142857142857,2.737142857142857,0.0028653295128939827,0.0,0.033323988136191765,0.08436634914903715,11.759312320916905,0.0,0.0,0.15,0.08022922636103152,0,0.13364585907656765,0.15,0.5452425235668188,0.8896396180598086,0.0,0.6,0.0,0.2,0.0,0.2,0.3,0.08,0.014326647564469915,0.05,0.25
72,0.8790214590894212,0.49947798190424864,0.8774345776243728,0.4992693539022016,0.23903325573756998,0.5,0.6991404011461319,0.3096790035859178,0.32491747220968115,0.0,0.6971428571428572,0.3092404560869831,0.3249535175273717,0.0,0.0057306590257879654,0.005714285714285714,0.002857142857142857,2.6742857142857144,0.0028653295128939827,0.0,0.033323988136191765,0.08436634914903715,11.759312320916905,0.0,0.0,0.15,0.08022922636103152,0,0.1338347726383277,0.149325,0.5400519588097681,0.8893367760294181,0.0,0.5,0.0,0.2,0.0,0.2,0.3,0.08,0.0057306590257879654,0.05,0.25
73,0.8803825472830766,0.49876222483426136,0.8787917769946177,0.4985614992984626,0.23903325573756998,0.5,0.6905444126074498,0.30933516404437056,0.3248744922669877,0.0,0.6885714285714286,0.308897598944126,0.32491066038451455,0.0,0.011461318051575931,0.014285714285714285,0.002857142857142857,2.68,0.0028653295128939827,0.0,0.033323988136191765,0.08436634914903715,11.759312320916905,0.0,0.0,0.15,0.08022922636103152,0,0.13530845591799318,0.148578375,0.5435366339192871,0.8715500405088298,0.0,1.0,0.0,0.2,0.0,0.2,0.3,0.08,0.011461318051575931,0.05,0.25
74,0.88325297398466,0.4990659042445755,0.8816540024770537,0.4988340197482247,0.23903325573756998,0.5,0.7277936962750716,0.3092778574541127,0.3248315123242943,0.0,0.7257142857142858,0.30884045608698313,0.3248678032416574,0.0,0.0028653295128939827,0.002857142857142857,0.002857142857142857,2.6514285714285712,0.0028653295128939827,0.0,0.033323988136191765,0.08436634914903715,11.759312320916905,0.0,0.0,0.15,0.08022922636103152,0,0.13506048506697463,0.147835483125,0.5355230440980441,0.8541190396986531,0.0,1.0,0.0,0.2,0.0,0.2,0.3,0.08,0.0028653295128939827,0.05,0.25
75,0.8858290545784928,0.4991001666557817,0.8842227228406186,0.49891212266613916,0.23903325573756998,0.5,0.6905444126074498,0.3090486310930811,0.3247455524389075,0.0,0.6885714285714286,0.30861188465841166,0.3247820889559431,0.0,0.011461318051575931,0.011428571428571429,0.002857142857142857,2.62,0.0,0.0,0.033323988136191765,0.08436634914903715,11.759312320916905,0.0,0.0,0.15,0.08022922636103152,0,0.13552169618183538,0.147096305709375,0.5362411546446546,0.83703665890468,0.0,1.0,0.0,0.2,0.0,0.2,0.3,0.08,0.011461318051575931,0.05,0.25
76,0.8892697817722313,0.49966129976335355,0.887653619385232,0.49949168594726806,0.23903325573756998,0.5,0.7277936962750716,0.30899132450282324,0.3247025724962141,0.0,0.7257142857142858,0.3085547418012688,0.324739231813086,0.0,0.0028653295128939827,0.002857142857142857,0.002857142857142857,2.617142857142857,0.0,0.0,0.033323988136191765,0.08436634914903715,11.759312320916905,0.0,0.0,0.15,0.08022922636103152,0,0.1352726591294976,0.14636082418082813,0.5283734744089045,0.8202959257265865,0.0,1.0,0.0,0.2,0.0,0.2,0.3,0.08,0.0028653295128939827,0.05,0.25
77,0.8929060517257182,0.4990888579770545,0.8912794999959949,0.4989052400480534,0.23903325573756998,0.5,0.6790830945558739,0.30870479155153385,0.32448767278274704,0.0,0.6771428571428572,0.3082690275155545,0.3245249460988003,0.0,0.011461318051575931,0.011428571428571429,0.002857142857142857,2.5714285714285716,0.0,0.0,0.033323988136191765,0.08436634914903715,11.759312320916905,0.0,0.0,0.15,0.08022922636103152,0,0.13620810377002004,0.14562902005992398,0.5292345763492977,0.8038900072120547,0.0,1.0,0.0,0.2,0.0,0.2,0.3,0.08,0.011461318051575931,0.05,0.25
78,0.8953445092174446,0.49849313356886055,0.8937109904663163,0.4983478107488834,0.23903325573756998,0.5,0.667621776504298,0.3085901783710181,0.3244017128973602,0.0,0.6657142857142857,0.30815474180126884,0.324439231813086,0.0,0.0028653295128939827,0.002857142857142857,0.002857142857142857,2.545714285714286,0.0,0.0,0.033323988136191765,0.08436634914903715,11.759312320916905,0.0,0.0,0.15,0.08022922636103152,0,0.1359556346797414,0.14600028876309595,0.5215070276794547,0.820916954683111,0.0,0.0,0.0,0.2,0.0,0.2,0.3,0.08,0.0028653295128939827,0.05,0.25
79,0.8961254982682147,0.49904660473606305,0.8944897481197985,0.49889465859122073,0.23903325573756998,0.5,0.673352435530086,0.30818903223921296,0.32410085329850635,0.0,0.6714285714285714,0.3077547418012688,0.32413923181308596,0.0,0.014326647564469915,0.014285714285714285,0.002857142857142857,2.525714285714286,0.0,0.0,0.033323988136191765,0.08436634914903715,11.759312320916905,0.0,0.0,0.15,0.08022922636103152,0,0.13715821655929195,0.15,0.5253626014115799,0.8513026270304818,0.0,0.6,0.0,0.2,0.0,0.2,0.3,0.08,0.014326647564469915,0.05,0.25
80,0.9006866060783387,0.4995803120147318,0.899037824193322,0.49947376779406033,0.23903325573756998,0.5,0.6848137535816619,0.30773057951714994,0.3238429736423459,0.0,0.6828571428571428,0.30729759894412595,0.3238820889559431,0.0,0.017191977077363897,0.017142857142857144,0.002857142857142857,2.5942857142857143,0.0,0.0,0.033323988136191765,0.08436634914903715,11.759312320916905,0.0,0.0,0.15,0.08022922636103152,0,0.13904385404792408,0.14925,0.5319982065262054,0.8342765744898721,0.0,1.0,0.0,0.2,0.0,0.2,0.3,0.08,0.017191977077363897,0.05,0.25
81,0.9041558495515651,0.49939240431401344,0.9024971555423394,0.49933590490325824,0.23903325573756998,0.5,0.6934097421203438,0.30675636748276597,0.3235062121868699,0.0,0.6914285714285714,0.3063261703726974,0.32354628967605426,0.0,0.034383954154727794,0.037142857142857144,0.002857142857142857,2.5885714285714285,0.0028653295128939827,0.0,0.033323988136191765,0.08436634914903715,11.759312320916905,0.0,0.0,0.15,0.08022922636103152,0,0.14265003409531068,0.14865337500000003,0.5585010995385384,0.8234044274245581,0.0,0.9230769230769231,0.0,0.2,0.0,0.2,0.3,0.08,0.034383954154727794,0.05,0.25
82,0.9056435898509895,0.49898150476546727,0.9039806451551937,0.4989023489586281,0.23903325573756998,0.5,0.6934097421203438,0.3064125279412187,0.32342025230148314,0.0,0.6914285714285714,0.3059833132298403,0.32346057539033995,0.0,0.011461318051575931,0.011428571428571429,0.002857142857142857,2.5485714285714285,0.0057306590257879654,0.0,0.033323988136191765,0.08436634914903715,11.759312320916905,0.0,0.0,0.15,0.08022922636103152,0,0.14246102266526364,0.149325,0.558759648976339,0.8276023421987944,0.0,0.75,0.0,0.2,0.0,0.2,0.3,0.08,0.011461318051575931,0.05,0.25
83,0.9098190043189286,0.49901298938114375,0.9081441298675103,0.49890023353293894,0.23903325573756998,0.5,0.6561604584527221,0.306240608170445,0.32337727235878966,0.0,0.6542857142857142,0.30581188465841164,0.3234177182474828,0.0,0.0057306590257879654,0.005714285714285714,0.002857142857142857,2.5428571428571427,0.0057306590257879654,0.0,0.033323988136191765,0.08436634914903715,11.759312320916905,0.0,0.0,0.15,0.08022922636103152,0,0.14234658892704438,0.148578375,0.553298741711098,0.8110502953548185,0.0,1.0,0.0,0.2,0.0,0.2,0.3,0.08,0.0057306590257879654,0.05,0.25
84,0.9129715443193928,0.49828610349331703,0.9112876626108302,0.4981937617292078,0.23903325573756998,0.5,0.6991404011461319,0.3057248488581241,0.32303343281724245,0.0,0.6971428571428572,0.30529759894412595,0.32307486110462563,0.0,0.017191977077363897,0.017142857142857144,0.002857142857142857,2.565714285714286,0.0057306590257879654,0.0,0.033323988136191765,0.08436634914903715,11.759312320916905,0.0,0.0,0.15,0.08022922636103152,0,0.14420628455383772,0.15,0.5593756240197331,0.90735450835547,0.0,0.5,0.0,0.2,0.0,0.2,0.3,0.08,0.017191977077363897,0.05,0.25
85,0.915169290710512,0.49831967811817557,0.9134791297265462,0.49815813424976146,0.23903325573756998,0.5,0.6790830945558739,0.30526639613606105,0.32268959327569513,0.0,0.6771428571428572,0.3048404560869831,0.3227320039617685,0.0,0.014326647564469915,0.014285714285714285,0.002857142857142857,2.6285714285714286,0.0057306590257879654,0.0,0.033323988136191765,0.08436634914903715,11.759312320916905,0.0,0.0,0.15,0.08022922636103152,0,0.14562811027392566,0.15,0.5624738258250528,0.9242505440000003,0.0,0.6,0.0,0.2,0.0,0.2,0.3,0.08,0.014326647564469915,0.05,0.25
86,0.919082334785198,0.4981271104075008,0.9173809936753045,0.49795566805401026,0.23903325573756998,0.5,0.667621776504298,0.30503716977502954,0.3225176735049215,0.0,0.6657142857142857,0.30461188465841166,0.3225605753903399,0.0,0.0057306590257879654,0.005714285714285714,0.002857142857142857,2.5885714285714285,0.0028653295128939827,0.0,0.033323988136191765,0.08436634914903715,11.759312320916905,0.0,0.0,0.15,0.08022922636103152,0,0.14575711257969892,0.149325,0.5569386350228374,0.9261713440000008,0.0,0.5,0.0,0.2,0.0,0.2,0.3,0.08,0.0057306590257879654,0.05,0.25
87,0.9207145083037231,0.49798455523531066,0.9190085038409198,0.497825541720956,0.23903325573756998,0.5,0.66189111747851,0.3049225565945138,0.32243171361953465,0.0,0.66,0.304497598944126,0.32247486110462564,0.0,0.0028653295128939827,0.002857142857142857,0.002857142857142857,2.5142857142857142,0.008595988538681949,0.0,0.033323988136191765,0.08436634914903715,11.759312320916905,0.0,0.0,0.15,0.08022922636103152,0,0.14545689844537182,0.149325,0.5486570051795234,0.9411919999999999,0.0,0.0,0.0,0.2,0.0,0.2,0.3,0.08,0.0028653295128939827,0.05,0.25
88,0.924861926509508,0.4975258642256378,0.9231440722804025,0.49736340867908163,0.23903325573756998,0.5,0.7134670487106017,0.30469333023348233,0.32234575373414787,0.0,0.7114285714285714,0.3042690275155545,0.32238914681891134,0.0,0.008595988538681949,0.008571428571428572,0.002857142857142857,2.5142857142857142,0.0028653295128939827,0.0,0.033323988136191765,0.08436634914903715,11.759312320916905,0.0,0.0,0.15,0.08022922636103152,0,0.14547037173587146,0.149325,0.5462552936473616,0.9223681599999999,0.0,0.6666666666666666,0.0,0.2,0.0,0.2,0.3,0.08,0.008595988538681949,0.05,0.25
89,0.9258623462475257,0.4984348985144678,0.9241416336763115,0.4982453947572011,0.23903325573756998,0.5,0.670487106017192,0.30469333023348233,0.32234575373414787,0.0,0.6685714285714286,0.3042690275155545,0.32238914681891134,0.0,0.0,0.0,0.002857142857142857,2.4257142857142857,0.0028653295128939827,0.0,0.033323988136191765,0.08436634914903715,11.759312320916905,0.0,0.0,0.15,0.08022922636103152,0,0.14474301987719213,0.148578375,0.5353301877744143,0.9039207967999998,0.0,0.0,0.0,0.2,0.0,0.2,0.3,0.08,0.0,0.05,0.25
90,0.9278768823384795,0.4978423942792619,0.9261504139498624,0.497652349718279,0.23903325573756998,0.5,0.6848137535816619,0.30446410387245076,0.32217383396337423,0.0,0.6828571428571428,0.3040404560869831,0.3222177182474828,0.0,0.008595988538681949,0.008571428571428572,0.002857142857142857,2.4314285714285715,0.0028653295128939827,0.0,0.033323988136191765,0.08436634914903715,11.759312320916905,0.0,0.0,0.15,0.08022922636103152,0,0.14530501906352045,0.15506578794342143,0.5331950125903546,0.8876502224576002,0.0,0.6666666666666666,0.0,0.2,0.0,0.2,0.3,0.08,0.008595988538681949,0.05,0.25
91,0.929722991140292,0.4978064445230225,0.9279912481550984,0.49763038844395624,0.23903325573756998,0.5,0.7191977077363897,0.30394834456012987,0.3220019141926006,0.0,0.7171428571428572,0.30352617037269736,0.32204628967605425,0.0,0.008595988538681949,0.014285714285714285,0.002857142857142857,2.357142857142857,0.0028653295128939827,0.0,0.033323988136191765,0.08436634914903715,11.759312320916905,0.0,0.0,0.15,0.08022922636103152,0,0.1461554010856885,0.15630535087870429,0.5368168266242619,0.8858423808639998,0.0,0.8,0.0,0.2,0.0,0.2,0.3,0.08,0.008595988538681949,0.05,0.25
92,0.93359627225575,0.4970547217677619,0.9318534627530838,0.49688103682677504,0.23903325573756998,0.5,0.6446991404011462,0.30360450501858255,0.3217440345364401,0.0,0.6428571428571429,0.3031833132298402,0.3217891468189114,0.0,0.008595988538681949,0.008571428571428572,0.002857142857142857,2.374285714285714,0.0057306590257879654,0.0,0.033323988136191765,0.08436634914903715,11.759312320916905,0.0,0.0,0.15,0.08022922636103152,0,0.14671033836597436,0.21279809950536457,0.534651918663205,0.8698972180084482,0.0,0.6666666666666666,0.0,0.2,0.0,0.2,0.3,0.08,0.008595988538681949,0.05,0.25
93,0.9359189716042955,0.4975619211743011,0.934169525817776,0.4973787870422579,0.23903325573756998,0.5,0.6876790830945558,0.30308874570626165,0.32140019499489286,0.0,0.6857142857142857,0.3026690275155545,0.32144628967605426,0.0,0.014326647564469915,0.014285714285714285,0.002857142857142857,2.388571428571429,0.0028653295128939827,0.0,0.033323988136191765,0.08436634914903715,11.759312320916905,0.0,0.0,0.15,0.08022922636103152,0,0.14783250808487663,0.21927067934145636,0.5382445945756552,0.8876502224576002,0.0,0.6,0.0,0.2,0.0,0.2,0.3,0.08,0.014326647564469915,0.05,0.25
94,0.937803626951491,0.4968479302675815,0.936048796435408,0.49670936149361383,0.23903325573756998,0.5,0.7077363896848138,0.30308874570626165,0.32140019499489286,0.0,0.7057142857142857,0.3026690275155545,0.32144628967605426,0.0,0.0,0.0,0.002857142857142857,2.4285714285714284,0.0057306590257879654,0.0,0.033323988136191765,0.08436634914903715,11.759312320916905,0.0,0.0,0.15,0.08022922636103152,0,0.14709334554445225,0.2181743259447491,0.5274797026841421,0.8698972180084482,0.0,0.0,0.0,0.2,0.0,0.2,0.3,0.08,0.0,0.05,0.25
95,0.939695130352157,0.49628818049930845,0.9380816537425671,0.4962276644426719,0.23903325573756998,0.5,0.7068965517241379,0.30237382271132074,0.32099594992991254,0.0,0.7028571428571428,0.30238331322984024,0.32123200396176854,0.0,0.008620689655172414,0.008571428571428572,0.005714285714285714,2.4114285714285715,0.0,0.002857142857142857,0.033371322083570465,0.08436634914903715,11.683908045977011,0.0,0.0,0.15,0.08045977011494253,0,0.14764359310244426,0.21708345431502532,0.525501537201888,0.8735497959220491,0.0,0.6666666666666666,0.0,0.2,0.0,0.2,0.3,0.08,0.008595988538681949,0.05,0.25
96,0.9423965087759081,0.49641509709234416,0.9407675957181826,0.49626664626835626,0.23903325573756998,0.5,0.6954022988505747,0.30202899512511383,0.3207373292402574,0.0,0.6914285714285714,0.3020404560869831,0.3209748611046257,0.0,0.011494252873563218,0.011428571428571429,0.005714285714285714,2.4285714285714284,0.0028735632183908046,0.0,0.033396213561604944,0.08436634914903715,11.683908045977011,0.0,0.0,0.15,0.08045977011494253,0,0.14860498102939873,0.21890234408759435,0.5264200778864215,0.9418598951180274,0.0,0.5,0.0,0.2,0.0,0.2,0.3,0.08,0.011494252873563218,0.05,0.25
97,0.9436598512524389,0.4971098935498767,0.9420237190948472,0.49692444050670737,0.23903325573756998,0.5,0.6752873563218391,0.30151175374580347,0.3203493982057746,0.0,0.6714285714285714,0.3015261703726974,0.3205891468189114,0.0,0.014367816091954023,0.014285714285714285,0.005714285714285714,2.4171428571428573,0.005747126436781609,0.0,0.033396213561604944,0.08436634914903715,11.683908045977011,0.0,0.0,0.15,0.08045977011494253,0,0.15000481326710888,0.21780783236715637,0.5301773906144074,1.0,0.0,0.2,0.0,0.2,0.0,0.2,0.3,0.08,0.014367816091954023,0.05,0.25
98,0.9445199853519991,0.49692952584191946,0.9428789381424099,0.4967465269928019,0.23903325573756998,0.5,0.7155172413793104,0.3013393399527,0.3202200878609471,0.0,0.7114285714285714,0.3013547418012688,0.32046057539033995,0.0,0.005747126436781609,0.005714285714285714,0.005714285714285714,2.4085714285714284,0.005747126436781609,0.0,0.033396213561604944,0.08436634914903715,11.683908045977011,0.0,0.0,0.15,0.08045977011494253,0,0.15009725223609718,0.2167187932053206,0.5252881285164049,0.98,0.0,0.5,0.0,0.2,0.0,0.2,0.3,0.08,0.005747126436781609,0.05,0.25
99,0.9451673967494719,0.4972749370285793,0.9435226500461831,0.4970603147637174,0.23903325573756998,0.5,0.6724137931034483,0.30105198363086094,0.3200476740678436,0.0,0.6685714285714286,0.30106902751555453,0.32028914681891135,0.0,0.008620689655172414,0.008571428571428572,0.005714285714285714,2.34,0.005747126436781609,0.0,0.033396213561604944,0.08436634914903715,11.683908045977011,0.0,0.0,0.15,0.08045977011494253,0,0.15017449311146508,0.21563519923929397,0.5233537945175054,0.9603999999999999,0.0,0.6666666666666666,0.0,0.2,0.0,0.2,0.3,0.08,0.008620689655172414,0.05,0.25
100,0.9462223604809604,0.4979387861210462,0.9445715854134916,0.49772608187962336,0.23903325573756998,0.5,0.6551724137931034,0.30070715604465403,0.31978905337818847,0.0,0.6514285714285715,0.3007261703726974,0.3200320039617685,0.0,0.011494252873563218,0.011428571428571429,0.005714285714285714,2.3257142857142856,0.008620689655172414,0.0,0.033396213561604944,0.08436634914903715,11.683908045977011,0.0,0.0,0.15,0.08045977011494253,0,0.15073790636019346,0.21854578497276342,0.5243152900557267,0.9431128000000003,0.0,0.75,0.0,0.2,0.0,0.2,0.3,0.08,0.011494252873563218,0.05,0.25
101,0.9483292886228711,0.49752118658771144,0.9466664739660199,0.49732667595725455,0.23903325573756998,0.5,0.6666666666666666,0.3003623284584471,0.3195688424100981,0.0,0.6628571428571428,0.30038331322984024,0.3198130513420673,0.0,0.008620689655172414,0.008571428571428572,0.005714285714285714,2.342857142857143,0.005747126436781609,0.0,0.033396213561604944,0.08436634914903715,11.683908045977011,0.0,0.0,0.15,0.08045977011494253,0,0.15126993111410678,0.2245538166883662,0.5224004128260408,0.9822647598394223,0.0,0.0,0.0,0.2,0.0,0.2,0.3,0.08,0.008620689655172414,0.05,0.25
102,0.9486324304753143,0.4967177698384873,0.9469678835793062,0.49646404327392313,0.23903325573756998,0.5,0.7040229885057471,0.3001899146653437,0.31950086221494184,0.0,0.7,0.3002118846584117,0.31974545960516904,0.0,0.008620689655172414,0.008571428571428572,0.005714285714285714,2.32,0.0028735632183908046,0.0,0.033396213561604944,0.08436634914903715,11.683908045977011,0.0,0.0,0.15,0.08045977011494253,0,0.151677269573888,0.22343104760492435,0.5205238331409485,0.9626194646426338,0.0,1.0,0.0,0.2,0.0,0.2,0.3,0.08,0.008620689655172414,0.05,0.25
103,0.9507064920169976,0.4967846134728411,0.9490300933407515,0.4965076766599363,0.23903325573756998,0.5,0.6896551724137931,0.30007497213660805,0.3194146553183901,0.0,0.6857142857142857,0.30009759894412597,0.31965974531945474,0.0,0.005747126436781609,0.005714285714285714,0.005714285714285714,2.32,0.0028735632183908046,0.0,0.033396213561604944,0.08436634914903715,11.683908045977011,0.0,0.0,0.15,0.08045977011494253,0,0.1517760260831614,0.22231389236689975,0.5158276421924153,0.943367075349781,0.0,1.0,0.0,0.2,0.0,0.2,0.3,0.08,0.005747126436781609,0.05,0.25
104,0.9517549338794701,0.49671198941081235,0.9500725441068669,0.4964480722880569,0.23903325573756998,0.5,0.7385057471264368,0.29944677291755883,0.3190267242839073,0.0,0.7342857142857143,0.2994729894348998,0.31927403103374047,0.0,0.020114942528735632,0.02,0.005714285714285714,2.2857142857142856,0.0028735632183908046,0.0,0.033396213561604944,0.08436634914903715,11.683908045977011,0.0,0.0,0.15,0.08045977011494253,0,0.15301304284660025,0.23664324994733674,0.5255110893485669,0.9470728000000013,0.0,0.7142857142857143,0.0,0.2,0.0,0.2,0.3,0.08,0.020114942528735632,0.05,0.25
105,0.9532518408196435,0.4963513820601642,0.9515608972930963,0.4961517813453249,0.23903325573756998,0.5,0.6522988505747126,0.2993318303888232,0.3189405173873556,0.0,0.6485714285714286,0.29935870372061407,0.31918831674802617,0.0,0.0028735632183908046,0.002857142857142857,0.005714285714285714,2.1942857142857144,0.0,0.0,0.033396213561604944,0.08436634914903715,11.683908045977011,0.0,0.0,0.15,0.08045977011494253,0,0.15267654906093867,0.23864149015176078,0.5178580104187385,0.9842976853602518,0.0,0.0,0.0,0.2,0.0,0.2,0.3,0.08,0.0028735632183908046,0.05,0.25
106,0.9540386871354058,0.49715760190715985,0.9523432473441972,0.49696373180440445,0.23903325573756998,0.5,0.6551724137931034,0.2990444740669841,0.31885431049080387,0.0,0.6514285714285715,0.29907298943489985,0.31910260246231187,0.0,0.008620689655172414,0.008571428571428572,0.005714285714285714,2.1485714285714286,0.0,0.0,0.033396213561604944,0.08436634914903715,11.683908045977011,0.0,0.0,0.15,0.08045977011494253,0,0.15298943196991222,0.237448282701002,0.5160722787817922,1.000251731653046,0.0,0.6666666666666666,0.0,0.2,0.0,0.2,0.3,0.08,0.008620689655172414,0.05,0.25
107,0.955954721466522,0.49754945959704544,0.9542483329077072,0.4973134959659852,0.23903325573756998,0.5,0.7155172413793104,0.29892953153824847,0.3187681035942522,0.0,0.7114285714285714,0.2989587037206141,0.3190168881765976,0.0,0.0028735632183908046,0.002857142857142857,0.005714285714285714,2.1314285714285712,0.0028735632183908046,0.0,0.033396213561604944,0.08436634914903715,11.683908045977011,0.0,0.0,0.15,0.08045977011494253,0,0.1526530562386341,0.23626104128749698,0.5086079760632992,0.9842202731798645,0.0,0.0,0.0,0.2,0.0,0.2,0.3,0.08,0.0028735632183908046,0.05,0.25
108,0.9572060032796726,0.4977810542608841,0.9554924645390682,0.49757981284034086,0.23903325573756998,0.5,0.7097701149425287,0.29869964648077724,0.3185956898011487,0.0,0.7057142857142857,0.29873013229204265,0.318845459605169,0.0,0.005747126436781609,0.005714285714285714,0.005714285714285714,2.0685714285714285,0.0,0.0,0.033396213561604944,0.08436634914903715,11.683908045977011,0.0,0.0,0.15,0.08045977011494253,0,0.15274693381458376,0.23908351297784552,0.504150102256319,0.9826646097391856,0.0,0.5,0.0,0.2,0.0,0.2,0.3,0.08,0.005747126436781609,0.05,0.25
109,0.9596506512784817,0.49810381749406113,0.9579231431207413,0.49792406286371904,0.23903325573756998,0.5,0.7270114942528736,0.29846976142330595,0.31842327600804526,0.0,0.7228571428571429,0.29850156086347124,0.3186740310337404,0.0,0.008620689655172414,0.008571428571428572,0.005714285714285714,2.057142857142857,0.0028735632183908046,0.0,0.033396213561604944,0.08436634914903715,11.683908045977011,0.0,0.0,0.15,0.08045977011494253,0,0.15314688726086262,0.24149901299959597,0.5026385287826212,0.9908944428427475,0.0,0.6666666666666666,0.0,0.2,0.0,0.2,0.3,0.08,0.008620689655172414,0.05,0.25
110,0.9596979627621405,0.49784439581453593,0.9578350916734166,0.49780388150273114,0.23903325573756998,0.5,0.7002881844380403,0.2986224555494457,0.3174917248725142,0.0,0.6942857142857143,0.2981587037206141,0.31845362080366557,0.0,0.008645533141210375,0.008571428571428572,0.008571428571428572,2.157142857142857,0.0,0.002857142857142857,0.03338644775842449,0.08436634914903715,11.682997118155619,0.0,0.0,0.15,0.08069164265129683,0,0.15322168069942424,0.240291517934598,0.5011571867783974,1.0009719332442721,0.0,0.6666666666666666,0.0,0.2,0.0,0.2,0.3,0.08,0.008620689655172414,0.05,0.25
111,0.9604916639004769,0.4979921281593011,0.9586219896591388,0.4979216640044537,0.23903325573756998,0.5,0.7146974063400576,0.2986224555494457,0.3174917248725142,0.0,0.7085714285714285,0.2981587037206141,0.31845362080366557,0.0,0.0,0.0,0.008571428571428572,2.162857142857143,0.0,0.0,0.033394747555444755,0.08436634914903715,11.682997118155619,0.0,0.0,0.15,0.08069164265129683,0,0.15245557229592713,0.23909006034492503,0.4911340430428293,0.9809524945793868,0.0,0.0,0.0,0.2,0.0,0.2,0.3,0.08,0.0,0.05,0.25
112,0.9621341263577128,0.4984790668080612,0.9602503738667411,0.49843148031330853,0.23903325573756998,0.5,0.7031700288184438,0.2984495448866215,0.3174052695411021,0.0,0.6971428571428572,0.29798727514918555,0.3183679065179513,0.0,0.005763688760806916,0.005714285714285714,0.008571428571428572,2.217142857142857,0.0,0.0,0.033394747555444755,0.08436634914903715,11.682997118155619,0.0,0.0,0.15,0.08069164265129683,0,0.15255043729159035,0.2378946100432004,0.48702564789625846,0.9727610021901903,0.0,0.5,0.0,0.2,0.0,0.2,0.3,0.08,0.005763688760806916,0.05,0.25
113,0.9628790282523683,0.4969429380363953,0.9609888908880138,0.49682076625184096,0.23903325573756998,0.5,0.7665706051873199,0.29810372356097303,0.3171459035468658,0.0,0.76,0.2976444180063284,0.3181107636608084,0.0,0.008645533141210375,0.008571428571428572,0.008571428571428572,2.142857142857143,0.0,0.0,0.033394747555444755,0.08436634914903715,11.682997118155619,0.0,0.0,0.15,0.08069164265129683,0,0.15307339939084671,0.2367051369929844,0.48585656350976186,1.0,0.0,0.3333333333333333,0.0,0.2,0.0,0.2,0.3,0.08,0.008645533141210375,0.05,0.25
114,0.9631427786651336,0.49702768011446885,0.9612503805829554,0.49676026594936756,0.23903325573756998,0.5,0.7492795389048992,0.298046086673365,0.3171459035468658,0.0,0.7428571428571429,0.29758727514918554,0.3181107636608084,0.0,0.002881844380403458,0.002857142857142857,0.008571428571428572,2.1485714285714286,0.002881844380403458,0.0,0.033394747555444755,0.08436634914903715,11.682997118155619,0.0,0.0,0.15,0.08069164265129683,0,0.15273660382246387,0.2355216113080195,0.47899657509670945,0.98,0.0,1.0,0.0,0.2,0.0,0.2,0.3,0.08,0.002881844380403458,0.05,0.25
115,0.9639670996120805,0.4980009105450945,0.9620676359217856,0.49766469555066256,0.23903325573756998,0.5,0.7348703170028819,0.2977002653477166,0.31697299288404157,0.0,0.7285714285714285,0.29724441800632834,0.3179393350893799,0.0,0.011527377521613832,0.011428571428571429,0.008571428571428572,2.182857142857143,0.002881844380403458,0.0,0.033394747555444755,0.08436634914903715,11.682997118155619,0.0,0.0,0.15,0.08069164265129683,0,0.1532199483509934,0.2343440032514794,0.48084521502334676,1.0,0.0,0.5,0.0,0.2,0.0,0.2,0.3,0.08,0.011527377521613832,0.05,0.25
116,0.9631018454761708,0.4973986134588883,0.9610326616768926,0.4967098309626203,0.23903325573756998,0.5,0.6936416184971098,0.2970831279105293,0.3167884042260267,0.0,0.6857142857142857,0.2969015608634713,0.3178536208036656,0.0,0.011560693641618497,0.011428571428571429,0.011428571428571429,2.1742857142857144,0.002890173410404624,0.002857142857142857,0.03341733623243553,0.08436634914903715,11.653179190751445,0.0,0.0,0.15,0.08092485549132948,0,0.153590362149434,0.2347017418440307,0.48265688215145114,0.9844494258240478,0.0,0.75,0.0,0.2,0.0,0.2,0.3,0.08,0.011527377521613832,0.05,0.25
117,0.9653956780340843,0.4975018413247971,0.9633002790055727,0.49679299915639946,0.23903325573756998,0.5,0.6820809248554913,0.2969675209741131,0.3167016990237146,0.0,0.6742857142857143,0.2967872751491855,0.31776790651795134,0.0,0.005780346820809248,0.005714285714285714,0.011428571428571429,2.16,0.0,0.0,0.03342775457970214,0.08436634914903715,11.653179190751445,0.0,0.0,0.15,0.08092485549132948,0,0.15367955319582968,0.23585309735317508,0.47871803022270787,1.0042381951733255,0.0,0.5,0.0,0.2,0.0,0.2,0.3,0.08,0.005780346820809248,0.05,0.25
118,0.966121118049944,0.4979419657201462,0.964017428278394,0.49735013684201373,0.23903325573756998,0.5,0.7312138728323699,0.2969675209741131,0.3167016990237146,0.0,0.7228571428571429,0.2967872751491855,0.31776790651795134,0.0,0.0,0.0,0.011428571428571429,2.2285714285714286,0.0,0.0,0.03342775457970214,0.08436634914903715,11.653179190751445,0.0,0.0,0.15,0.08092485549132948,0,0.15291115542985056,0.23467383186640922,0.46914366961825366,0.9841534312698589,0.0,0.0,0.0,0.2,0.0,0.2,0.3,0.08,0.0,0.05,0.25
119,0.9666058434520113,0.4980688467829648,0.9644966139615807,0.49743385740263146,0.23903325573756998,0.5,0.7341040462427746,0.2964472897602403,0.31639823081562213,0.0,0.7257142857142858,0.2962729894348998,0.31746790651795126,0.0,0.017341040462427744,0.017142857142857144,0.011428571428571429,2.2485714285714287,0.002890173410404624,0.0,0.03342775457970214,0.08436634914903715,11.653179190751445,0.0,0.0,0.15,0.08092485549132948,0,0.15471802822412983,0.23350046270707717,0.47690365336874574,0.9678717023550008,0.0,0.8333333333333334,0.0,0.2,0.0,0.2,0.3,0.08,0.017341040462427744,0.05,0.25
120,0.9668225904559237,0.49840953204285615,0.9647108838568768,0.49775897295216054,0.23903325573756998,0.5,0.7427745664739884,0.296273879355616,0.31626817301215393,0.0,0.7342857142857143,0.2961015608634713,0.3173393350893799,0.0,0.005780346820809248,0.005714285714285714,0.011428571428571429,2.2314285714285713,0.0,0.0,0.03342775457970214,0.08436634914903715,11.653179190751445,0.0,0.0,0.15,0.08092485549132948,0,0.1543848316602993,0.2323329603935418,0.4730798660156565,0.9485142683079008,0.0,1.0,0.0,0.2,0.0,0.2,0.3,0.08,0.005780346820809248,0.05,0.25
121,0.9684204520423203,0.4976178562629458,0.9662904841680006,0.49690925613340337,0.23903325573756998,0.5,0.6994219653179191,0.29604266548278363,0.3161349270299822,0.0,0.6914285714285714,0.2958729894348998,0.317207611918433,0.0,0.008670520231213872,0.008571428571428572,0.011428571428571429,2.2914285714285714,0.002890173410404624,0.0,0.03342775457970214,0.08436634914903715,11.653179190751445,0.0,0.0,0.15,0.08092485549132948,0,0.1544986217877121,0.23117129559157407,0.472189697266772,0.9416087446948807,0.0,0.6666666666666666,0.0,0.2,0.0,0.2,0.3,0.08,0.008670520231213872,0.05,0.25
122,0.9687930222711305,0.49696112649254714,0.9666587964513382,0.49633314557335245,0.23903325573756998,0.5,0.7023121387283237,0.29592705854636747,0.31604822182767006,0.0,0.6942857142857143,0.29575870372061414,0.3171218976327187,0.0,0.002890173410404624,0.002857142857142857,0.011428571428571429,2.334285714285714,0.0,0.0,0.03342775457970214,0.08436634914903715,11.653179190751445,0.0,0.0,0.15,0.08092485549132948,0,0.15415470010734494,0.2368093703028941,0.4656030461785794,0.9249213530568913,0.0,0.0,0.0,0.2,0.0,0.2,0.3,0.08,0.002890173410404624,0.05,0.25
123,0.9678769352015872,0.49712227534350195,0.965753178948304,0.49652577371974077,0.23903325573756998,0.5,0.7052023121387283,0.2957536481417432,0.31596151662535793,0.0,0.6971428571428572,0.29558727514918554,0.31703618334700445,0.0,0.005780346820809248,0.005714285714285714,0.011428571428571429,2.36,0.002890173410404624,0.0,0.03342775457970214,0.08436634914903715,11.653179190751445,0.0,0.0,0.15,0.08092485549132948,0,0.154009522910754,0.23562532345137963,0.46200527096929345,0.9156458156000249,0.0,0.5,0.0,0.2,0.0,0.2,0.3,0.08,0.005780346820809248,0.05,0.25
124,0.9689610191008811,0.4971219427857731,0.9668248733173206,0.49660810949285794,0.23903325573756998,0.5,0.7456647398843931,0.2957536481417432,0.31596151662535793,0.0,0.7371428571428571,0.29558727514918554,0.31703618334700445,0.0,0.0,0.0,0.011428571428571429,2.32,0.0,0.0,0.03342775457970214,0.08436634914903715,11.653179190751445,0.0,0.0,0.15,0.08092485549132948,0,0.15323947529620024,0.2344471968341227,0.4527651655499077,0.8973328992880244,0.0,0.0,0.0,0.2,0.0,0.2,0.3,0.08,0.0,0.05,0.25
125,0.9699791434559915,0.49626300113538385,0.9678313619655151,0.4957514349330678,0.23903325573756998,0.5,0.7023121387283237,0.2956958446735351,0.31591816402420186,0.0,0.6942857142857143,0.29553013229204267,0.3169933262041473,0.0,0.002890173410404624,0.002857142857142857,0.011428571428571429,2.334285714285714,0.0,0.0,0.03342775457970214,0.08436634914903715,11.653179190751445,0.0,0.0,0.15,0.08092485549132948,0,0.15258670934471924,0.23327496084995208,0.4465670050960523,0.879386241302264,0.0,1.0,0.0,0.2,0.0,0.2,0.3,0.08,0.002890173410404624,0.05,0.25
126,0.9715794597488716,0.4962398741729629,0.9694133889293339,0.4956966658599861,0.23903325573756998,0.5,0.7514450867052023,0.29558023773711894,0.31583145882188973,0.0,0.7428571428571429,0.295415846577757,0.316907611918433,0.0,0.002890173410404624,0.002857142857142857,0.011428571428571429,2.334285714285714,0.0,0.0,0.03342775457970214,0.08436634914903715,11.653179190751445,0.0,0.0,0.15,0.08092485549132948,0,0.15225234722656708,0.23210858604570234,0.4404928078512741,0.8617985164762187,0.0,1.0,0.0,0.2,0.0,0.2,0.3,0.08,0.002890173410404624,0.05,0.25
127,0.9710630089706748,0.4979138486802406,0.9689028404457449,0.4974051420206781,0.23903325573756998,0.5,0.7687861271676301,0.29558023773711894,0.31583145882188973,0.0,0.76,0.295415846577757,0.316907611918433,0.0,0.0,0.0,0.011428571428571429,2.334285714285714,0.002890173410404624,0.0,0.03342775457970214,0.08436634914903715,11.653179190751445,0.0,0.0,0.15,0.08092485549132948,0,0.15149108549043425,0.23094804311547384,0.43168295169424864,0.8445625461466943,0.0,0.0,0.0,0.2,0.0,0.2,0.3,0.08,0.0,0.05,0.25
128,0.9697161490818932,0.49761088922717966,0.9675713732414065,0.4971088502641322,0.23903325573756998,0.5,0.7312138728323699,0.29552243426891084,0.31583145882188973,0.0,0.7228571428571429,0.29535870372061407,0.316907611918433,0.0,0.002890173410404624,0.002857142857142857,0.011428571428571429,2.3485714285714288,0.002890173410404624,0.0,0.03342775457970214,0.08436634914903715,11.653179190751445,0.0,0.0,0.15,0.08092485549132948,0,0.1511622014915535,0.22979330289989647,0.4259064355175065,0.8276712952237605,0.0,1.0,0.0,0.2,0.0,0.2,0.3,0.08,0.002890173410404624,0.05,0.25
129,0.9689576479972666,0.4964810331027889,0.9668215407406043,0.49595007637740535,0.23903325573756998,0.5,0.7485549132947977,0.2953490238642865,0.3157447536195776,0.0,0.74,0.2951872751491855,0.31682189763271873,0.0,0.005780346820809248,0.005714285714285714,0.011428571428571429,2.388571428571429,0.002890173410404624,0.0,0.03342775457970214,0.08436634914903715,11.653179190751445,0.0,0.0,0.15,0.08092485549132948,0,0.1510042618592028,0.22864433638539697,0.42310259252144206,0.8204418284569713,0.0,0.5,0.0,0.2,0.0,0.2,0.3,0.08,0.005780346820809248,0.05,0.25
130,0.9683878100567198,0.4962998465482552,0.966258215233664,0.49581503363040497,0.23903325573756998,0.5,0.7716763005780347,0.2951178099914542,0.3155713432149533,0.0,0.7628571428571429,0.2949587037206141,0.31665046906129013,0.0,0.005780346820809248,0.005714285714285714,0.011428571428571429,2.3685714285714288,0.002890173410404624,0.0,0.03342775457970214,0.08436634914903715,11.653179190751445,0.0,0.0,0.15,0.08092485549132948,0,0.15110638340704963,0.23163250251495873,0.420354826385299,0.835118284840365,0.0,0.0,0.0,0.2,0.0,0.2,0.3,0.08,0.005780346820809248,0.05,0.25
131,0.9678353198074914,0.49663037764981055,0.9657120391587124,0.4962099870503963,0.23903325573756998,0.5,0.7832369942196532,0.2949443995868299,0.3154412854114851,0.0,0.7742857142857142,0.29478727514918557,0.31652189763271876,0.0,0.005780346820809248,0.005714285714285714,0.011428571428571429,2.2857142857142856,0.002890173410404624,0.0,0.03342775457970214,0.08436634914903715,11.653179190751445,0.0,0.0,0.15,0.08092485549132948,0,0.15120799434715723,0.23047434000238395,0.4176620155718787,0.8325298387610673,0.0,0.5,0.0,0.2,0.0,0.2,0.3,0.08,0.005780346820809248,0.05,0.25
132,0.9674580387070315,0.4956139303553181,0.9653390698422576,0.4951909363405988,0.23903325573756998,0.5,0.6965317919075145,0.2948352402695056,0.31535458020917295,0.0,0.6885714285714286,0.2946793633669163,0.31643618334700446,0.0,0.005780346820809248,0.005714285714285714,0.011428571428571429,2.2914285714285714,0.0,0.0,0.03342775457970214,0.08436634914903715,11.653179190751445,0.0,0.0,0.15,0.08092485549132948,0,0.1513090972325643,0.22932196830237203,0.41502306097472685,0.8158792419858459,0.0,1.0,0.0,0.2,0.0,0.2,0.3,0.08,0.005780346820809248,0.05,0.25
133,0.9679892583090132,0.49636355901292756,0.9658642183630739,0.4959500523370042,0.23903325573756998,0.5,0.7196531791907514,0.2948352402695056,0.31535458020917295,0.0,0.7114285714285714,0.2946793633669163,0.31643618334700446,0.0,0.0,0.0,0.011428571428571429,2.28,0.0,0.0,0.03342775457970214,0.08436634914903715,11.653179190751445,0.0,0.0,0.15,0.08092485549132948,0,0.15055255174640148,0.22817535846086015,0.4067225997552323,0.799561657146129,0.0,0.0,0.0,0.2,0.0,0.2,0.3,0.08,0.0,0.05,0.25
134,0.9691214782097348,0.4948987035280695,0.9669834986077873,0.4945130293964233,0.23903325573756998,0.5,0.7254335260115607,0.29431500905563274,0.31518116980454863,0.0,0.7171428571428572,0.2941650776526306,0.31626475477557586,0.0,0.014450867052023121,0.014285714285714285,0.011428571428571429,2.3057142857142856,0.0,0.0,0.03342775457970214,0.08436634914903715,11.653179190751445,0.0,0.0,0.15,0.08092485549132948,0,0.15131747461793002,0.22747219411836853,0.4128738620458419,0.8110502953548185,0.0,0.8,0.0,0.2,0.0,0.2,0.3,0.08,0.014450867052023121,0.05,0.25
135,0.9702480343174511,0.49441484750635273,0.9680971797885581,0.49394989645259213,0.23903325573756998,0.5,0.7427745664739884,0.2941994021192165,0.3150944646022365,0.0,0.7342857142857143,0.2940507919383449,0.31617904048986156,0.0,0.002890173410404624,0.002857142857142857,0.011428571428571429,2.36,0.002890173410404624,0.0,0.03342775457970214,0.08436634914903715,11.653179190751445,0.0,0.0,0.15,0.08092485549132948,0,0.1509894586734118,0.22910755301539737,0.40747352766206796,0.8891313922083696,0.0,0.0,0.0,0.2,0.0,0.2,0.3,0.08,0.002890173410404624,0.05,0.25
136,0.9719524937815524,0.49479466078713025,0.9697784271315321,0.4941695518721583,0.23903325573756998,0.5,0.7333333333333333,0.2949124673031633,0.314923097646404,0.0,0.7228571428571429,0.2940507919383449,0.31617904048986156,0.0,0.0,0.0,0.014285714285714285,2.2657142857142856,0.0,0.002857142857142857,0.03344524291662181,0.08436634914903716,11.623188405797102,0.0,0.0,0.15,0.08115942028985507,0,0.15023451138004476,0.2279620152503204,0.3993240571088266,0.8713487643642022,0.0,0.0,0.0,0.2,0.0,0.2,0.3,0.08,0.0,0.05,0.25
137,0.9724586556640857,0.4948448793314061,0.9702773581300292,0.49420769214757115,0.23903325573756998,0.5,0.7391304347826086,0.2949124673031633,0.314923097646404,0.0,0.7285714285714285,0.2940507919383449,0.31617904048986156,0.0,0.0,0.0,0.014285714285714285,2.242857142857143,0.0,0.0,0.033469776763699305,0.08436634914903716,11.623188405797102,0.0,0.0,0.15,0.08115942028985507,0,0.14948333882314452,0.22682220517406881,0.39133757596665003,0.8539217890769181,0.0,0.0,0.0,0.2,0.0,0.2,0.3,0.08,0.0,0.05,0.25
138,0.9719440356640197,0.49420755852193476,0.9697700898442498,0.49355294537318756,0.23903325573756998,0.5,0.7275362318840579,0.2947965252741777,0.3148361411246649,0.0,0.7171428571428572,0.29393650622405915,0.3160933262041473,0.0,0.002898550724637681,0.002857142857142857,0.014285714285714285,2.157142857142857,0.0,0.0,0.033469776763699305,0.08436634914903716,11.623188405797102,0.0,0.0,0.15,0.08115942028985507,0,0.14916449355760023,0.2269670386227168,0.38636796730445994,0.8650458597288709,0.0,0.0,0.0,0.2,0.0,0.2,0.3,0.08,0.002898550724637681,0.05,0.25
139,0.9721491907200491,0.49504724592979277,0.9699723141137646,0.49450611796525434,0.23903325573756998,0.5,0.7246376811594203,0.29439072817272843,0.3145317932985779,0.0,0.7142857142857143,0.2935365062240592,0.3157933262041473,0.0,0.011594202898550725,0.011428571428571429,0.014285714285714285,2.1142857142857143,0.0,0.0,0.033469776763699305,0.08436634914903716,11.623188405797102,0.0,0.0,0.15,0.08115942028985507,0,0.15013295680409794,0.24079494320761563,0.39006917938694213,0.9867900877709653,0.0,0.25,0.0,0.2,0.0,0.2,0.3,0.08,0.011594202898550725,0.05,0.25
140,0.9724062486949102,0.4953381847996754,0.9702256998318419,0.49478681192766444,0.23903325573756998,0.5,0.7739130434782608,0.29426148521209666,0.31444483677683877,0.0,0.7628571428571429,0.2934091095914364,0.31570761191843305,0.0,0.005797101449275362,0.005714285714285714,0.014285714285714285,2.1914285714285713,0.0,0.0,0.033469776763699305,0.08436634914903716,11.623188405797102,0.0,0.0,0.15,0.08115942028985507,0,0.1502394348772203,0.23959096849157754,0.38798208151348895,0.967054286015546,0.0,1.0,0.0,0.2,0.0,0.2,0.3,0.08,0.005797101449275362,0.05,0.25
141,0.9722345379044057,0.495375869582174,0.9700564420526305,0.4947333263639967,0.23903325573756998,0.5,0.7797101449275362,0.2942035141976039,0.31444483677683877,0.0,0.7685714285714286,0.29335196673429353,0.31570761191843305,0.0,0.002898550724637681,0.002857142857142857,0.014285714285714285,2.1857142857142855,0.0,0.0,0.033469776763699305,0.08436634914903716,11.623188405797102,0.0,0.0,0.15,0.08115942028985507,0,0.14968526257820855,0.23839301364911966,0.38307958274036213,0.9477132002952351,0.0,1.0,0.0,0.2,0.0,0.2,0.3,0.08,0.002898550724637681,0.05,0.25
142,0.9738219824967128,0.4956598183939099,0.9716212088650477,0.49498537559749534,0.23903325573756998,0.5,0.7478260869565218,0.2939716301396329,0.3142709237333605,0.0,0.7371428571428571,0.2931233953057221,0.31553618334700445,0.0,0.005797101449275362,0.005714285714285714,0.014285714285714285,2.237142857142857,0.002898550724637681,0.0,0.033469776763699305,0.08436634914903716,11.623188405797102,0.0,0.0,0.15,0.08115942028985507,0,0.1497939791224604,0.23720104858087407,0.3811322767998406,1.0,0.0,0.0,0.0,0.2,0.0,0.2,0.3,0.08,0.005797101449275362,0.05,0.25
143,0.9748961747521824,0.49618427808036764,0.9726800555168672,0.49555527978254416,0.23903325573756998,0.5,0.7188405797101449,0.2938556881106474,0.3141839672116214,0.0,0.7085714285714285,0.2930091095914364,0.31545046906129015,0.0,0.002898550724637681,0.002857142857142857,0.014285714285714285,2.2942857142857145,0.002898550724637681,0.0,0.033469776763699305,0.08436634914903716,11.623188405797102,0.0,0.0,0.15,0.08115942028985507,0,0.14947358065541952,0.2360150433379697,0.37636677412098657,0.9819370796335782,0.0,0.0,0.0,0.2,0.0,0.2,0.3,0.08,0.002898550724637681,0.05,0.25
144,0.9746704871584054,0.4963238148035598,0.9724575920315731,0.4956746308028491,0.23903325573756998,0.5,0.7246376811594203,0.2938556881106474,0.3141839672116214,0.0,0.7142857142857143,0.2930091095914364,0.31545046906129015,0.0,0.0,0.0,0.014285714285714285,2.2914285714285714,0.005797101449275362,0.0,0.033469776763699305,0.08436634914903716,11.623188405797102,0.0,0.0,0.15,0.08115942028985507,0,0.1487262127521424,0.23483496812127985,0.3688394386385668,0.9622983380409067,0.0,0.0,0.0,0.2,0.0,0.2,0.3,0.08,0.0,0.05,0.25
145,0.9742642679204626,0.4977200955410737,0.9720571759256008,0.49706116147579193,0.23903325573756998,0.5,0.7304347826086957,0.29379771709615465,0.3141404889507518,0.0,0.72,0.2929519667342936,0.315407611918433,0.0,0.002898550724637681,0.002857142857142857,0.014285714285714285,2.262857142857143,0.002898550724637681,0.0,0.033469776763699305,0.08436634914903716,11.623188405797102,0.0,0.0,0.15,0.08115942028985507,0,0.1484111531169531,0.23366079328067346,0.36431979272293835,0.9430523712800886,0.0,1.0,0.0,0.2,0.0,0.2,0.3,0.08,0.002898550724637681,0.05,0.25
146,0.9744708902076257,0.49824648382563036,0.9722608464658046,0.4975676303768161,0.23903325573756998,0.5,0.7536231884057971,0.2935658330381836,0.31396657590727356,0.0,0.7428571428571429,0.2927233953057221,0.31523618334700443,0.0,0.005797101449275362,0.005714285714285714,0.014285714285714285,2.297142857142857,0.002898550724637681,0.0,0.033469776763699305,0.08436634914903716,11.623188405797102,0.0,0.0,0.15,0.08115942028985507,0,0.1485262402085112,0.23636564784971426,0.36274768258276524,0.9451681347473202,0.0,0.0,0.0,0.2,0.0,0.2,0.3,0.08,0.005797101449275362,0.05,0.25
147,0.9754062479516354,0.49903236313768,0.9731828419563284,0.4983363405944096,0.23903325573756998,0.5,0.6985507246376812,0.2934498910091981,0.31387961938553444,0.0,0.6885714285714286,0.29260910959143643,0.3151504690612902,0.0,0.002898550724637681,0.002857142857142857,0.014285714285714285,2.317142857142857,0.002898550724637681,0.0,0.033469776763699305,0.08436634914903716,11.623188405797102,0.0,0.0,0.15,0.08115942028985507,0,0.1482121804360401,0.23518381961046567,0.3583498717882528,0.9652008524713581,0.0,0.0,0.0,0.2,0.0,0.2,0.3,0.08,0.002898550724637681,0.05,0.25
148,0.974420814060135,0.49877398273883056,0.9722114856918493,0.49806292102667166,0.23903325573756998,0.5,0.7246376811594203,0.2933339489802126,0.3138423147075973,0.0,0.7142857142857143,0.2924948238771507,0.3151136973073236,0.0,0.002898550724637681,0.002857142857142857,0.014285714285714285,2.322857142857143,0.002898550724637681,0.0,0.033469776763699305,0.08436634914903716,11.623188405797102,0.0,0.0,0.15,0.08115942028985507,0,0.1478996909624313,0.23400790051241332,0.35404001720963063,0.9458968354219309,0.0,1.0,0.0,0.2,0.0,0.2,0.3,0.08,0.002898550724637681,0.05,0.25
149,0.97644345054549,0.49804848249439676,0.9742052273702708,0.4973236218107235,0.23903325573756998,0.5,0.7681159420289855,0.2931020649222416,0.3136684016641191,0.0,0.7571428571428571,0.2922662524485793,0.31494226873589504,0.0,0.005797101449275362,0.005714285714285714,0.014285714285714285,2.3057142857142856,0.002898550724637681,0.0,0.033469776763699305,0.08436634914903716,11.623188405797102,0.0,0.0,0.15,0.08115942028985507,0,0.14801733536476203,0.23894956853009097,0.3526735025797237,0.9971420785253973,0.0,0.0,0.0,0.2,0.0,0.2,0.3,0.08,0.005797101449275362,0.05,0.25
150,0.9781792404073815,0.49719323795352194,0.9759162202341353,0.49644006296408477,0.23903325573756998,0.5,0.782608695652174,0.2929281518787633,0.3136684016641191,0.0,0.7714285714285715,0.2920948238771507,0.31494226873589504,0.0,0.005797101449275362,0.005714285714285714,0.014285714285714285,2.3114285714285714,0.005797101449275362,0.0,0.033469776763699305,0.08436634914903716,11.623188405797102,0.0,0.0,0.15,0.08115942028985507,0,0.14795787966875215,0.2377548206874405,0.3513343182424149,0.9771992369548893,0.0,1.0,0.0,0.2,0.0,0.2,0.3,0.08,0.005797101449275362,0.05,0.25
151,0.9787476848363675,0.49723520303492985,0.9764765440284215,0.4964402587256221,0.23903325573756998,0.5,0.7768115942028986,0.2928701808642706,0.3136249234032495,0.0,0.7657142857142857,0.2920376810200078,0.3148994115930379,0.0,0.002898550724637681,0.002857142857142857,0.014285714285714285,2.388571428571429,0.002898550724637681,0.0,0.033469776763699305,0.08436634914903716,11.623188405797102,0.0,0.0,0.15,0.08115942028985507,0,0.1476466616989798,0.23656604658400332,0.34716477473470947,0.9576552522157914,0.0,1.0,0.0,0.2,0.0,0.2,0.3,0.08,0.002898550724637681,0.05,0.25
152,0.9788589144071228,0.49782955275109386,0.9765861846053088,0.4970353918334122,0.23903325573756998,0.5,0.7101449275362319,0.2928701808642706,0.3136249234032495,0.0,0.7,0.2920376810200078,0.3148994115930379,0.0,0.0,0.0,0.014285714285714285,2.4514285714285715,0.002898550724637681,0.0,0.033469776763699305,0.08436634914903716,11.623188405797102,0.0,0.0,0.15,0.08115942028985507,0,0.14690842839048493,0.23538321635108328,0.3402214792400153,0.9385021471714755,0.0,0.0,0.0,0.2,0.0,0.2,0.3,0.08,0.0,0.05,0.25
153,0.9778734302462926,0.4982792804461694,0.9756147787896332,0.4976328574846436,0.23903325573756998,0.5,0.7101449275362319,0.29281220984977785,0.3136249234032495,0.0,0.7,0.29198053816286496,0.3148994115930379,0.0,0.002898550724637681,0.002857142857142857,0.014285714285714285,2.44,0.0,0.0,0.033469776763699305,0.08436634914903716,11.623188405797102,0.0,0.0,0.15,0.08115942028985507,0,0.14660245767710392,0.23420630026932787,0.33627419251235785,0.919732104228046,0.0,1.0,0.0,0.2,0.0,0.2,0.3,0.08,0.002898550724637681,0.05,0.25
154,0.9770657686371104,0.49892068019980396,0.9748186552034395,0.4982409291577031,0.23903325573756998,0.5,0.744927536231884,0.29275423883528506,0.3135814451423799,0.0,0.7342857142857143,0.29192339530572214,0.31485655445018074,0.0,0.002898550724637681,0.002857142857142857,0.014285714285714285,2.4085714285714284,0.002898550724637681,0.0,0.033469776763699305,0.08436634914903716,11.623188405797102,0.0,0.0,0.15,0.08115942028985507,0,0.14629801681728982,0.23303526876798122,0.33240585151925356,0.9013374621434851,0.0,1.0,0.0,0.2,0.0,0.2,0.3,0.08,0.002898550724637681,0.05,0.25
155,0.9765128050939328,0.4984269174683745,0.97427359113945,0.49768858514582387,0.23903325573756998,0.5,0.6927536231884058,0.2925195419719579,0.31342478091816867,0.0,0.6828571428571428,0.29169205125472814,0.31470212828631533,0.0,0.008695652173913044,0.008571428571428572,0.014285714285714285,2.3857142857142857,0.0,0.0,0.033469776763699305,0.08436634914903716,11.623188405797102,0.0,0.0,0.15,0.08115942028985507,0,0.14685224101891764,0.23187009242414133,0.33432916306029703,0.9658520654141841,0.0,0.3333333333333333,0.0,0.2,0.0,0.2,0.3,0.08,0.008695652173913044,0.05,0.25
156,0.9788884229265165,0.49839467658293024,0.9766152715744254,0.49754023695888877,0.23903325573756998,0.5,0.7391304347826086,0.2924035999429723,0.3133378243964295,0.0,0.7285714285714285,0.2915777655404424,0.3146164140006011,0.0,0.002898550724637681,0.002857142857142857,0.014285714285714285,2.3714285714285714,0.002898550724637681,0.0,0.033469776763699305,0.08436634914903716,11.623188405797102,0.0,0.0,0.15,0.08115942028985507,0,0.1465465512423945,0.23071074196202063,0.33049972265623395,0.98,0.0,0.0,0.0,0.2,0.0,0.2,0.3,0.08,0.002898550724637681,0.05,0.25
157,0.9789682490910233,0.4979430240946938,0.9766939573651533,0.49719033435490895,0.23903325573756998,0.5,0.7333333333333333,0.29211374487050856,0.31316391135295124,0.0,0.7228571428571429,0.2912920512547281,0.3144449854291725,0.0,0.008695652173913044,0.008571428571428572,0.014285714285714285,2.4657142857142857,0.0,0.0,0.033469776763699305,0.08436634914903716,11.623188405797102,0.0,0.0,0.15,0.08115942028985507,0,0.1470995327718968,0.24168267037877206,0.3324611567745378,0.9678422845950649,0.0,0.3333333333333333,0.0,0.2,0.0,0.2,0.3,0.08,0.008695652173913044,0.05,0.25
158,0.9787122285787376,0.49748522363878356,0.9764415942887578,0.4967240667076764,0.23903325573756998,0.5,0.7072463768115942,0.29199780284152305,0.31316391135295124,0.0,0.6971428571428572,0.29117776554044245,0.3144449854291725,0.0,0.002898550724637681,0.002857142857142857,0.014285714285714285,2.462857142857143,0.0,0.0,0.033469776763699305,0.08436634914903716,11.623188405797102,0.0,0.0,0.15,0.08115942028985507,0,0.14679260653660875,0.2404742570268782,0.3286690764961899,0.9484854389031637,0.0,1.0,0.0,0.2,0.0,0.2,0.3,0.08,0.002898550724637681,0.05,0.25
159,0.9769825206930789,0.4972678469402852,0.9747365965157511,0.4965502563987123,0.23903325573756998,0.5,0.7275362318840579,0.2917880592198173,0.3130137107387254,0.0,0.7171428571428572,0.29097101825618965,0.314296930538007,0.0,0.005797101449275362,0.005714285714285714,0.014285714285714285,2.434285714285714,0.0,0.0,0.033469776763699305,0.08436634914903716,11.623188405797102,0.0,0.0,0.15,0.08115942028985507,0,0.14691578636106856,0.23927188574174382,0.32780998068055184,0.9412789516482242,0.0,0.5,0.0,0.2,0.0,0.2,0.3,0.08,0.005797101449275362,0.05,0.25
160,0.9775330402426733,0.4984787858664865,0.9752792515003513,0.49769381749463304,0.23903325573756998,0.5,0.7130434782608696,0.2916141461763391,0.3129267542169863,0.0,0.7028571428571428,0.2907995896847611,0.3142112162522927,0.0,0.005797101449275362,0.005714285714285714,0.014285714285714285,2.4257142857142857,0.0,0.0,0.033469776763699305,0.08436634914903716,11.623188405797102,0.0,0.0,0.15,0.08115942028985507,0,0.1470383502864061,0.23807552631303508,0.3269680667812265,0.9250174575373384,0.0,0.5,0.0,0.2,0.0,0.2,0.3,0.08,0.005797101449275362,0.05,0.25
161,0.9774472214206703,0.4986575549057826,0.97519465866152,0.4978387951235951,0.23903325573756998,0.5,0.6927536231884058,0.2916141461763391,0.3129267542169863,0.0,0.6828571428571428,0.2907995896847611,0.3142112162522927,0.0,0.0,0.0,0.014285714285714285,2.454285714285714,0.002898550724637681,0.0,0.033469776763699305,0.08436634914903716,11.623188405797102,0.0,0.0,0.15,0.08115942028985507,0,0.14630315853497405,0.2368851486814699,0.320428705445602,0.9065171083865916,0.0,0.0,0.0,0.2,0.0,0.2,0.3,0.08,0.0,0.05,0.25
162,0.9773965303510568,0.499353143575039,0.9751446917500435,0.49842159086621696,0.23903325573756998,0.5,0.6869565217391305,0.2913964013515713,0.3128397976952471,0.0,0.6771428571428572,0.29058495550034713,0.3141255019665784,0.0,0.005797101449275362,0.005714285714285714,0.014285714285714285,2.434285714285714,0.0,0.0,0.033469776763699305,0.08436634914903716,11.623188405797102,0.0,0.0,0.15,0.08115942028985507,0,0.14642878559944203,0.24112451098623416,0.3197344170509756,0.9076479171200007,0.0,0.5,0.0,0.2,0.0,0.2,0.3,0.08,0.005797101449275362,0.05,0.25
163,0.9771942047138803,0.4992294918588485,0.9749452564791125,0.49822102611223207,0.23903325573756998,0.5,0.7536231884057971,0.29117410527306753,0.31275284117350804,0.0,0.7428571428571429,0.2903658350801077,0.3140397876808641,0.0,0.005797101449275362,0.005714285714285714,0.014285714285714285,2.42,0.002898550724637681,0.0,0.033469776763699305,0.08436634914903716,11.623188405797102,0.0,0.0,0.15,0.08115942028985507,0,0.1464967769141104,0.23991888843130302,0.31905401442424186,0.9242505440000003,0.0,0.5,0.0,0.2,0.0,0.2,0.3,0.08,0.005797101449275362,0.05,0.25
164,0.9773805824806802,0.49899161357272315,0.9751289717063868,0.49809838940374324,0.23903325573756998,0.5,0.7188405797101449,0.2909422212150965,0.3125789281300298,0.0,0.7085714285714285,0.2901372636515363,0.31386835910943556,0.0,0.005797101449275362,0.005714285714285714,0.014285714285714285,2.3914285714285715,0.002898550724637681,0.0,0.033469776763699305,0.08436634914903716,11.623188405797102,0.0,0.0,0.15,0.08115942028985507,0,0.14662143588668275,0.24888594084278146,0.3183872198500427,0.9415479130597657,0.0,0.0,0.0,0.2,0.0,0.2,0.3,0.08,0.005797101449275362,0.05,0.25
165,0.9758155397000171,0.49918670149513295,0.9735862866797332,0.4983630330305456,0.23903325573756998,0.5,0.7275362318840579,0.2907103371571255,0.3124050150865515,0.0,0.7171428571428572,0.28990869222296484,0.31369693053800696,0.0,0.005797101449275362,0.005714285714285714,0.014285714285714285,2.52,0.002898550724637681,0.0,0.033469776763699305,0.08436634914903716,11.623188405797102,0.0,0.0,0.15,0.08115942028985507,0,0.1467454715643922,0.24764151113856753,0.31773376116732754,0.9333926283289052,0.0,0.5,0.0,0.2,0.0,0.2,0.3,0.08,0.005797101449275362,0.05,0.25
166,0.9761270371520958,0.49843592823885946,0.9738933341682108,0.49760019095665725,0.23903325573756998,0.5,0.7304347826086957,0.2904204820846617,0.3121876237822037,0.0,0.72,0.2896229779372506,0.3134826448237213,0.0,0.008695652173913044,0.008571428571428572,0.014285714285714285,2.6314285714285712,0.002898550724637681,0.0,0.033469776763699305,0.08436634914903716,11.623188405797102,0.0,0.0,0.15,0.08115942028985507,0,0.1472974584922845,0.2540952756781368,0.31995051451540957,0.9510345366280383,0.0,0.3333333333333333,0.0,0.2,0.0,0.2,0.3,0.08,0.008695652173913044,0.05,0.25
167,0.976444271990479,0.498591105634208,0.9742060370803315,0.49771042559868744,0.23903325573756998,0.5,0.7130434782608696,0.28989874295422696,0.31179631943437763,0.0,0.7028571428571428,0.28910869222296487,0.313096930538007,0.0,0.014492753623188406,0.014285714285714285,0.014285714285714285,2.642857142857143,0.002898550724637681,0.0,0.033469776763699305,0.08436634914903716,11.623188405797102,0.0,0.0,0.15,0.08115942028985507,0,0.14870382834268023,0.25904226873182773,0.32783721851081565,0.9820000000000004,0.0,0.4,0.0,0.2,0.0,0.2,0.3,0.08,0.014492753623188406,0.05,0.25
168,0.9758490012651471,0.4985792278556997,0.9736192702225042,0.4976076631044406,0.23903325573756998,0.5,0.7072463768115942,0.28978280092524145,0.3117093629126385,0.0,0.6971428571428572,0.28899440650867914,0.3130112162522927,0.0,0.002898550724637681,0.002857142857142857,0.014285714285714285,2.6885714285714286,0.005797101449275362,0.0,0.033469776763699305,0.08436634914903716,11.623188405797102,0.0,0.0,0.15,0.08115942028985507,0,0.14838888062953823,0.2577470573881686,0.3241376169977422,0.98,0.0,0.0,0.0,0.2,0.0,0.2,0.3,0.08,0.002898550724637681,0.05,0.25
169,0.9761407892277538,0.4980146911834884,0.9739068897856451,0.4970260042318777,0.23903325573756998,0.5,0.6347826086956522,0.28966685889625593,0.31162240639089933,0.0,0.6257142857142857,0.28888012079439346,0.3129255019665784,0.0,0.002898550724637681,0.002857142857142857,0.014285714285714285,2.6342857142857143,0.002898550724637681,0.0,0.033469776763699305,0.08436634914903716,11.623188405797102,0.0,0.0,0.15,0.08115942028985507,0,0.148075507654962,0.268684908976017,0.3205120075149302,0.9623600000000003,0.0,0.0,0.0,0.2,0.0,0.2,0.3,0.08,0.002898550724637681,0.05,0.25
170,0.9772508246206898,0.4987676015481774,0.9750010675301106,0.49771342309237054,0.23903325573756998,0.5,0.6811594202898551,0.2895509168672704,0.3115354498691602,0.0,0.6714285714285714,0.2887658350801077,0.3128397876808642,0.0,0.002898550724637681,0.002857142857142857,0.014285714285714285,2.5428571428571427,0.002898550724637681,0.0,0.033469776763699305,0.08436634914903716,11.623188405797102,0.0,0.0,0.15,0.08115942028985507,0,0.1477637015452586,0.3060339428762197,0.3169589102217744,0.9644430046646698,0.0,0.0,0.0,0.2,0.0,0.2,0.3,0.08,0.002898550724637681,0.05,0.25
171,0.9763369580174501,0.4997015992858328,0.97410025616406,0.49866190869850413,0.23903325573756998,0.5,0.7304347826086957,0.2895509168672704,0.3115354498691602,0.0,0.72,0.2887658350801077,0.3128397876808642,0.0,0.0,0.0,0.014285714285714285,2.4857142857142858,0.002898550724637681,0.0,0.033469776763699305,0.08436634914903716,11.623188405797102,0.0,0.0,0.15,0.08115942028985507,0,0.1470248830375323,0.30450377316183863,0.31061973201733895,0.9451541445713764,0.0,0.0,0.0,0.2,0.0,0.2,0.3,0.08,0.0,0.05,0.25
172,0.9784937209840269,0.4983616614586729,0.9762262082311142,0.49733190204397726,0.23903325573756998,0.5,0.7391304347826086,0.2894929458527777,0.3115354498691602,0.0,0.7285714285714285,0.28870869222296486,0.3128397876808642,0.0,0.002898550724637681,0.002857142857142857,0.014285714285714285,2.5428571428571427,0.002898550724637681,0.0,0.033469776763699305,0.08436634914903716,11.623188405797102,0.0,0.0,0.15,0.08115942028985507,0,0.14671833005091608,0.3029812542960294,0.307264480234135,0.9262510616799489,0.0,1.0,0.0,0.2,0.0,0.2,0.3,0.08,0.002898550724637681,0.05,0.25
173,0.9780230072007138,0.4982637908680795,0.9757622189304197,0.4972459918656514,0.23903325573756998,0.5,0.7072463768115942,0.28943497483828495,0.3115354498691602,0.0,0.6971428571428572,0.288651549365822,0.3128397876808642,0.0,0.002898550724637681,0.002857142857142857,0.014285714285714285,2.442857142857143,0.002898550724637681,0.0,0.033469776763699305,0.08436634914903716,11.623188405797102,0.0,0.0,0.15,0.08115942028985507,0,0.1464133098292329,0.3014663480245493,0.3039763334865952,0.9077260404463497,0.0,1.0,0.0,0.2,0.0,0.2,0.3,0.08,0.002898550724637681,0.05,0.25
174,0.9785013029266546,0.4979490813454952,0.9762336818602758,0.4970047663098496,0.23903325573756998,0.5,0.6898550724637681,0.28937700382379217,0.3114919716082907,0.0,0.68,0.2885944065086791,0.312796930538007,0.0,0.002898550724637681,0.002857142857142857,0.014285714285714285,2.4285714285714284,0.002898550724637681,0.0,0.033469776763699305,0.08436634914903716,11.623188405797102,0.0,0.0,0.15,0.08115942028985507,0,0.1461098147086582,0.29995901628442656,0.30075394967400615,0.923818351396943,0.0,1.0,0.0,0.2,0.0,0.2,0.3,0.08,0.002898550724637681,0.05,0.25
175,0.9778263787054792,0.4980738669838152,0.9755683994136886,0.49705047081817516,0.23903325573756998,0.5,0.7275362318840579,0.28926106179480665,0.3114050150865515,0.0,0.7171428571428572,0.28848012079439345,0.3127112162522927,0.0,0.002898550724637681,0.002857142857142857,0.014285714285714285,2.357142857142857,0.002898550724637681,0.0,0.033469776763699305,0.08436634914903716,11.623188405797102,0.0,0.0,0.15,0.08115942028985507,0,0.1458078370636863,0.29845922120300444,0.29759601353766885,0.9146932977521096,0.0,0.0,0.0,0.2,0.0,0.2,0.3,0.08,0.002898550724637681,0.05,0.25
176,0.976473298258807,0.4987105998735178,0.9742346486876831,0.49764326510317314,0.23903325573756998,0.5,0.736231884057971,0.28885526469335737,0.3111441455213341,0.0,0.7257142857142858,0.28808012079439344,0.31245407339514986,0.0,0.011594202898550725,0.011428571428571429,0.014285714285714285,2.357142857142857,0.002898550724637681,0.0,0.033469776763699305,0.08436634914903716,11.623188405797102,0.0,0.0,0.15,0.08115942028985507,0,0.1467930835926536,0.2969669250969894,0.30307266469548694,0.9807476246237624,0.0,0.25,0.0,0.2,0.0,0.2,0.3,0.08,0.011594202898550725,0.05,0.25
177,0.9777137784388683,0.49810141562134297,0.9754574077223152,0.4970318026549276,0.23903325573756998,0.5,0.7507246376811594,0.2887393226643719,0.311057188999595,0.0,0.74,0.2879658350801077,0.31236835910943556,0.0,0.002898550724637681,0.002857142857142857,0.014285714285714285,2.3657142857142857,0.0,0.0,0.033469776763699305,0.08436634914903716,11.623188405797102,0.0,0.0,0.15,0.08115942028985507,0,0.14648768960326175,0.2954820904715044,0.29986835425872,0.9689041154079301,0.0,0.0,0.0,0.2,0.0,0.2,0.3,0.08,0.002898550724637681,0.05,0.25
178,0.977452915032584,0.49817721516149527,0.9752002709361204,0.4970479070896366,0.23903325573756998,0.5,0.6956521739130435,0.2887393226643719,0.311057188999595,0.0,0.6857142857142857,0.2879658350801077,0.31236835910943556,0.0,0.0,0.0,0.014285714285714285,2.297142857142857,0.0,0.0,0.033469776763699305,0.08436634914903716,11.623188405797102,0.0,0.0,0.15,0.08115942028985507,0,0.14575525115524543,0.2940046800191469,0.29387098717354565,0.9495260330997716,0.0,0.0,0.0,0.2,0.0,0.2,0.3,0.08,0.0,0.05,0.25
179,0.977887539841674,0.4983018392377622,0.9756286868193662,0.4971449196374493,0.23903325573756998,0.5,0.7246376811594203,0.2886233806353864,0.3109702324778558,0.0,0.7142857142857143,0.287851549365822,0.31228264482372126,0.0,0.002898550724637681,0.002857142857142857,0.014285714285714285,2.3085714285714287,0.0,0.0,0.033469776763699305,0.08436634914903716,11.623188405797102,0.0,0.0,0.15,0.08115942028985507,0,0.14545504632804063,0.2925346566190512,0.29085071028721754,0.9411919999999999,0.0,0.0,0.0,0.2,0.0,0.2,0.3,0.08,0.002898550724637681,0.05,0.25
180,0.9790966984934841,0.4981946087204562,0.9768205717761508,0.49697671314026154,0.23903325573756998,0.5,0.744927536231884,0.2886233806353864,0.3109702324778558,0.0,0.7342857142857143,0.287851549365822,0.31228264482372126,0.0,0.0,0.0,0.014285714285714285,2.2542857142857144,0.002898550724637681,0.0,0.033469776763699305,0.08436634914903716,11.623188405797102,0.0,0.0,0.15,0.08115942028985507,0,0.14472777109640045,0.29107198333595596,0.2850336960814732,0.9223681599999999,0.0,0.0,0.0,0.2,0.0,0.2,0.3,0.08,0.0,0.05,0.25
181,0.9783262328715605,0.49778018449998057,0.9760611128059689,0.49659594042415783,0.23903325573756998,0.5,0.7594202898550725,0.2885074386064009,0.3108832759561167,0.0,0.7485714285714286,0.2877372636515363,0.312196930538007,0.0,0.002898550724637681,0.002857142857142857,0.014285714285714285,2.2657142857142856,0.0,0.0,0.033469776763699305,0.08436634914903716,11.623188405797102,0.0,0.0,0.15,0.08115942028985507,0,0.14443270366948988,0.28961662341927613,0.28219016501698657,0.9042859369973596,0.0,0.0,0.0,0.2,0.0,0.2,0.3,0.08,0.002898550724637681,0.05,0.25
182,0.977954203418524,0.4971906469811527,0.9756943980594044,0.4959976342429786,0.23903325573756998,0.5,0.7217391304347827,0.28839149657741536,0.3107963194343776,0.0,0.7114285714285714,0.28762297793725056,0.3121112162522927,0.0,0.002898550724637681,0.002857142857142857,0.014285714285714285,2.28,0.0,0.0,0.033469776763699305,0.08436634914903716,11.623188405797102,0.0,0.0,0.15,0.08115942028985507,0,0.14413911157971387,0.29366713045325044,0.2794035045737897,0.8898133670646731,0.0,0.0,0.0,0.2,0.0,0.2,0.3,0.08,0.002898550724637681,0.05,0.25
183,0.977880410611368,0.496999549359952,0.9756216594352075,0.49593975064073864,0.23903325573756998,0.5,0.7565217391304347,0.28839149657741536,0.3107963194343776,0.0,0.7457142857142857,0.28762297793725056,0.3121112162522927,0.0,0.0,0.0,0.014285714285714285,2.277142857142857,0.0,0.0,0.033469776763699305,0.08436634914903716,11.623188405797102,0.0,0.0,0.15,0.08115942028985507,0,0.14341841602181526,0.29219879480098415,0.27381543448231394,0.8720170997233796,0.0,0.0,0.0,0.2,0.0,0.2,0.3,0.08,0.0,0.05,0.25
184,0.9782187273976588,0.4966903227998936,0.9759551431245514,0.4956538384366708,0.23903325573756998,0.5,0.7246376811594203,0.2882935491538074,0.31070936291263845,0.0,0.7142857142857143,0.28752642976255127,0.3120255019665784,0.0,0.002898550724637681,0.002857142857142857,0.014285714285714285,2.2942857142857145,0.0,0.0,0.033469776763699305,0.08436634914903716,11.623188405797102,0.0,0.0,0.15,0.08115942028985507,0,0.14312989537027762,0.29073780082697925,0.2711962686498105,0.859910545121609,0.0,1.0,0.0,0.2,0.0,0.2,0.3,0.08,0.002898550724637681,0.05,0.25
185,0.9782114294705373,0.49661552293558225,0.9759479494535315,0.4956233720325151,0.23903325573756998,0.5,0.736231884057971,0.28811963611032915,0.31057892813002974,0.0,0.7257142857142858,0.2873550011911227,0.311896930538007,0.0,0.005797101449275362,0.005714285714285714,0.014285714285714285,2.3085714285714287,0.0,0.0,0.033469776763699305,0.08436634914903716,11.623188405797102,0.0,0.0,0.15,0.08115942028985507,0,0.14327138875056908,0.28928411182284436,0.27148662899109993,0.8624266782797814,0.0,0.5,0.0,0.2,0.0,0.2,0.3,0.08,0.005797101449275362,0.05,0.25
186,0.9783746813658099,0.49753886921040147,0.9761088691788716,0.49659887759022225,0.23903325573756998,0.5,0.7681159420289855,0.2878877520523581,0.3104050150865515,0.0,0.7571428571428571,0.2871264297625513,0.3117255019665784,0.0,0.005797101449275362,0.005714285714285714,0.014285714285714285,2.3285714285714287,0.0,0.0,0.033469776763699305,0.08436634914903716,11.623188405797102,0.0,0.0,0.15,0.08115942028985507,0,0.1434121746639591,0.28783769126373016,0.27177118212556367,0.9033611989671496,0.0,0.0,0.0,0.2,0.0,0.2,0.3,0.08,0.005797101449275362,0.05,0.25
187,0.9804723775484104,0.4975213161075518,0.9781765982731494,0.49649216687787034,0.23903325573756998,0.5,0.7478260869565218,0.2877718100233726,0.31031805856481237,0.0,0.7371428571428571,0.2870121440482656,0.3116397876808641,0.0,0.002898550724637681,0.002857142857142857,0.014285714285714285,2.4,0.0,0.0,0.033469776763699305,0.08436634914903716,11.623188405797102,0.0,0.0,0.15,0.08115942028985507,0,0.14312368521921076,0.28639850280741147,0.2691929013401953,0.8927108208463661,0.0,0.0,0.0,0.2,0.0,0.2,0.3,0.08,0.002898550724637681,0.05,0.25
188,0.9806045752874785,0.49785018242654666,0.978306907473088,0.49687578858431036,0.23903325573756998,0.5,0.7391304347826086,0.2875399259654016,0.3101441455213341,0.0,0.7285714285714285,0.2867835726196941,0.31146835910943554,0.0,0.005797101449275362,0.005714285714285714,0.014285714285714285,2.4314285714285715,0.0,0.0,0.033469776763699305,0.08436634914903716,11.623188405797102,0.0,0.0,0.15,0.08115942028985507,0,0.14326520965025755,0.2899143052376429,0.2695233290276771,0.8748566044294387,0.0,0.5,0.0,0.2,0.0,0.2,0.3,0.08,0.005797101449275362,0.05,0.25
189,0.9800812545828299,0.4972393476414443,0.9777910627785056,0.4963390837757405,0.23903325573756998,0.5,0.7536231884057971,0.28713412886395234,0.30983979769524717,0.0,0.7428571428571429,0.28638357261969416,0.3111683591094356,0.0,0.011594202898550725,0.011428571428571429,0.014285714285714285,2.4114285714285715,0.0,0.0,0.033469776763699305,0.08436634914903716,11.623188405797102,0.0,0.0,0.15,0.08115942028985507,0,0.144263169316292,0.2884647337114547,0.2755614338756949,0.9211461399165406,0.0,0.25,0.0,0.2,0.0,0.2,0.3,0.08,0.011594202898550725,0.05,0.25
190,0.9786646100435944,0.4966574601979819,0.9763946560184021,0.4957969946167478,0.23903325573756998,0.5,0.7014492753623188,0.28691187427524606,0.3096658846517689,0.0,0.6914285714285714,0.28616449309654085,0.310996930538007,0.0,0.008695652173913044,0.008571428571428572,0.014285714285714285,2.4057142857142857,0.0,0.0,0.033469776763699305,0.08436634914903716,11.623188405797102,0.0,0.0,0.15,0.08115942028985507,0,0.14482756775542482,0.2870224100428974,0.2786216337696097,0.9172445525342334,0.0,0.6666666666666666,0.0,0.2,0.0,0.2,0.3,0.08,0.008695652173913044,0.05,0.25
191,0.9779654713707026,0.49724363981203223,0.9757055050408371,0.4964245173327356,0.23903325573756998,0.5,0.7594202898550725,0.2867959322462606,0.3095789281300298,0.0,0.7485714285714286,0.2860502073822551,0.3109112162522927,0.0,0.002898550724637681,0.002857142857142857,0.014285714285714285,2.4771428571428573,0.0,0.0,0.033469776763699305,0.08436634914903716,11.623188405797102,0.0,0.0,0.15,0.08115942028985507,0,0.1445320013452191,0.28558729799268295,0.2759063439513603,0.9039207967999998,0.0,0.0,0.0,0.2,0.0,0.2,0.3,0.08,0.002898550724637681,0.05,0.25
192,0.977301360512191,0.49789841594858897,0.9750508814803045,0.49703839813182793,0.23903325573756998,0.5,0.6956521739130435,0.2867959322462606,0.3095789281300298,0.0,0.6857142857142857,0.2860502073822551,0.3109112162522927,0.0,0.0,0.0,0.014285714285714285,2.3914285714285715,0.002898550724637681,0.0,0.033469776763699305,0.08436634914903716,11.623188405797102,0.0,0.0,0.15,0.08115942028985507,0,0.143809341338493,0.28415936150271953,0.2703882170723331,0.8858423808639998,0.0,0.0,0.0,0.2,0.0,0.2,0.3,0.08,0.0,0.05,0.25
193,0.978100639760639,0.49671969492216095,0.975838742453775,0.4958770833458935,0.23903325573756998,0.5,0.6985507246376812,0.2866799902172751,0.3094919716082907,0.0,0.6885714285714286,0.28593592166796944,0.3108255019665784,0.0,0.002898550724637681,0.002857142857142857,0.014285714285714285,2.4085714285714284,0.0,0.0,0.033469776763699305,0.08436634914903716,11.623188405797102,0.0,0.0,0.15,0.08115942028985507,0,0.14351886606037195,0.282738564695206,0.2678375955880293,0.8699788397473116,0.0,0.0,0.0,0.2,0.0,0.2,0.3,0.08,0.002898550724637681,0.05,0.25
194,0.9793775589750011,0.49686281097717677,0.9770974199650745,0.49602676264004103,0.23903325573756998,0.5,0.7159420289855073,0.28644810615930405,0.30931805856481237,0.0,0.7057142857142857,0.285707350239398,0.3106540733951499,0.0,0.005797101449275362,0.005714285714285714,0.014285714285714285,2.4,0.002898550724637681,0.0,0.033469776763699305,0.08436634914903716,11.623188405797102,0.0,0.0,0.15,0.08115942028985507,0,0.14365841458721296,0.28132487187172994,0.2681951293905544,0.9045215513650051,0.0,0.0,0.0,0.2,0.0,0.2,0.3,0.08,0.005797101449275362,0.05,0.25
195,0.981438154737565,0.497124030094596,0.9791285786453162,0.4963674651116424,0.23903325573756998,0.5,0.7217391304347827,0.28633216413031853,0.30923110204307325,0.0,0.7114285714285714,0.2855930645251123,0.3105683591094356,0.0,0.002898550724637681,0.002857142857142857,0.014285714285714285,2.414285714285714,0.002898550724637681,0.0,0.033469776763699305,0.08436634914903716,11.623188405797102,0.0,0.0,0.15,0.08115942028985507,0,0.14336869394284832,0.2799182475123713,0.2656883696598861,0.8929488777209457,0.0,0.0,0.0,0.2,0.0,0.2,0.3,0.08,0.002898550724637681,0.05,0.25
196,0.9821554477620978,0.4975936784472152,0.9798356246266413,0.4967623634063708,0.23903325573756998,0.5,0.7710144927536232,0.28633216413031853,0.30923110204307325,0.0,0.76,0.2855930645251123,0.3105683591094356,0.0,0.0,0.0,0.014285714285714285,2.434285714285714,0.005797101449275362,0.0,0.033469776763699305,0.08436634914903716,11.623188405797102,0.0,0.0,0.15,0.08115942028985507,0,0.14265185047313406,0.2785186562748095,0.26037460226668846,0.8750899001665268,0.0,0.0,0.0,0.2,0.0,0.2,0.3,0.08,0.0,0.05,0.25
197,0.9821076228351724,0.49869148973129096,0.9797884829129576,0.497845218625871,0.23903325573756998,0.5,0.7739130434782608,0.2862162221013331,0.3091441455213341,0.0,0.7628571428571429,0.28547877881082656,0.3104826448237213,0.0,0.002898550724637681,0.002857142857142857,0.014285714285714285,2.52,0.005797101449275362,0.0,0.033469776763699305,0.08436634914903716,11.623188405797102,0.0,0.0,0.15,0.08115942028985507,0,0.14236716264933985,0.27914271699983934,0.25802425307849747,0.8735497959220491,0.0,0.0,0.0,0.2,0.0,0.2,0.3,0.08,0.002898550724637681,0.05,0.25
198,0.9815526699673532,0.5001679631760788,0.9792414579432501,0.49936425480874835,0.23903325573756998,0.5,0.7246376811594203,0.2862162221013331,0.3091441455213341,0.0,0.7142857142857143,0.28547877881082656,0.3104826448237213,0.0,0.0,0.0,0.014285714285714285,2.4914285714285715,0.005797101449275362,0.0,0.033469776763699305,0.08436634914903716,11.623188405797102,0.0,0.0,0.15,0.08115942028985507,0,0.14165532683609314,0.2777470034148401,0.25286376801692756,0.856078800003608,0.0,0.0,0.0,0.2,0.0,0.2,0.3,0.08,0.0,0.05,0.25
199,0.9813600555368257,0.501280574027467,0.9790515951474446,0.5004948042344781,0.23903325573756998,0.5,0.6840579710144927,0.2861582510868403,0.30910066726046453,0.0,0.6742857142857143,0.2854216359536837,0.31043978768086417,0.0,0.002898550724637681,0.002857142857142857,0.014285714285714285,2.494285714285714,0.011594202898550725,0.0,0.033469776763699305,0.08436634914903716,11.623188405797102,0.0,0.0,0.15,0.08115942028985507,0,0.14137562163048412,0.2763582683977659,0.2506636355137319,0.8389572240035359,0.0,1.0,0.0,0.2,0.0,0.2,0.3,0.08,0.002898550724637681,0.05,0.25
200,0.9799106932540316,0.5016250685710689,0.9776229380401189,0.5009078897946868,0.23903325573756998,0.5,0.6869565217391305,0.2861582510868403,0.30910066726046453,0.0,0.6771428571428572,0.2854216359536837,0.31043978768086417,0.0,0.0,0.0,0.014285714285714285,2.52,0.011594202898550725,0.0,0.033469776763699305,0.08436634914903716,11.623188405797102,0.0,0.0,0.15,0.08115942028985507,0,0.1406687435223317,0.27497647705577705,0.2456503628034572,0.8221780795234651,0.0,0.0,0.0,0.2,0.0,0.2,0.3,0.08,0.0,0.05,0.25
201,0.9802579128260155,0.5015982267412737,0.9779651973325029,0.5008315999846836,0.23903325573756998,0.5,0.6782608695652174,0.2860423090578548,0.3090137107387254,0.0,0.6685714285714286,0.285307350239398,0.31035407339514987,0.0,0.002898550724637681,0.002857142857142857,0.014285714285714285,2.4971428571428573,0.005797101449275362,0.0,0.033469776763699305,0.08436634914903716,11.623188405797102,0.0,0.0,0.15,0.08115942028985507,0,0.14039397123329148,0.2736015946704982,0.2435944984045309,0.8509627957360476,0.0,0.0,0.0,0.2,0.0,0.2,0.3,0.08,0.002898550724637681,0.05,0.25
202,0.9791677109035285,0.5009769491891136,0.9768905697231943,0.5001798110934443,0.23903325573756998,0.5,0.7159420289855073,0.2859263670288693,0.3089267542169863,0.0,0.7057142857142857,0.2851930645251123,0.31026835910943557,0.0,0.002898550724637681,0.002857142857142857,0.014285714285714285,2.42,0.005797101449275362,0.0,0.033469776763699305,0.08436634914903716,11.623188405797102,0.0,0.0,0.15,0.08115942028985507,0,0.14012057280569643,0.2722335866971457,0.24157975129358314,0.8358491752884535,0.0,0.0,0.0,0.2,0.0,0.2,0.3,0.08,0.002898550724637681,0.05,0.25
203,0.9775133212256131,0.5008632001185395,0.9752598141835348,0.4999344646796302,0.23903325573756998,0.5,0.6782608695652174,0.2857819342895485,0.3087963194343776,0.0,0.6685714285714286,0.2850506951106389,0.31013978768086414,0.0,0.005797101449275362,0.005714285714285714,0.014285714285714285,2.337142857142857,0.005797101449275362,0.0,0.033469776763699305,0.08436634914903716,11.623188405797102,0.0,0.0,0.15,0.08115942028985507,0,0.14027711279881078,0.2708724187636599,0.24246244198199718,0.8322169183110912,0.0,0.5,0.0,0.2,0.0,0.2,0.3,0.08,0.005797101449275362,0.05,0.25
204,0.9773395483991812,0.5004829029263544,0.9750885238260523,0.4995884917327256,0.23903325573756998,0.5,0.6869565217391305,0.28566599226056305,0.30870936291263845,0.0,0.6771428571428572,0.28493640939635323,0.31005407339514984,0.0,0.002898550724637681,0.002857142857142857,0.014285714285714285,2.3057142857142856,0.005797101449275362,0.0,0.033469776763699305,0.08436634914903716,11.623188405797102,0.0,0.0,0.15,0.08115942028985507,0,0.14000429866338818,0.2747430652099315,0.24047033599950013,0.8211216566470074,0.0,0.0,0.0,0.2,0.0,0.2,0.3,0.08,0.002898550724637681,0.05,0.25
205,0.9770935119525931,0.5001515144157681,0.9748460021858438,0.4992835694338586,0.23903325573756998,0.5,0.7420289855072464,0.28566599226056305,0.30870936291263845,0.0,0.7314285714285714,0.28493640939635323,0.31005407339514984,0.0,0.0,0.0,0.014285714285714285,2.36,0.002898550724637681,0.0,0.033469776763699305,0.08436634914903716,11.623188405797102,0.0,0.0,0.15,0.08115942028985507,0,0.13930427717007124,0.27336934988388184,0.23566092927951007,0.8046992235140673,0.0,0.0,0.0,0.2,0.0,0.2,0.3,0.08,0.0,0.05,0.25
206,0.9768099290348009,0.5001992047416599,0.9745664704525916,0.4993811498134104,0.23903325573756998,0.5,0.7420289855072464,0.28566599226056305,0.30870936291263845,0.0,0.7314285714285714,0.28493640939635323,0.31005407339514984,0.0,0.0,0.0,0.014285714285714285,2.362857142857143,0.002898550724637681,0.0,0.033469776763699305,0.08436634914903716,11.623188405797102,0.0,0.0,0.15,0.08115942028985507,0,0.13860775578422085,0.2720025031344624,0.2309477106939199,0.788605239043786,0.0,0.0,0.0,0.2,0.0,0.2,0.3,0.08,0.0,0.05,0.25
207,0.9764921758966987,0.4998800481330134,0.9742532566450336,0.4990867978306677,0.23903325573756998,0.5,0.7333333333333333,0.28537613718809923,0.3085354498691602,0.0,0.7228571428571429,0.2846506951106389,0.30988264482372124,0.0,0.008695652173913044,0.008571428571428572,0.014285714285714285,2.3457142857142856,0.002898550724637681,0.0,0.033469776763699305,0.08436634914903716,11.623188405797102,0.0,0.0,0.15,0.08115942028985507,0,0.13920043129101406,0.2706424906187901,0.2349001850514701,0.8442379927275835,0.0,0.3333333333333333,0.0,0.2,0.0,0.2,0.3,0.08,0.008695652173913044,0.05,0.25
208,0.9769862642126578,0.4995469276680954,0.9747402865564787,0.49878294339356993,0.23903325573756998,0.5,0.7710144927536232,0.2852634336563856,0.308448493347421,0.0,0.76,0.28453960162937836,0.309796930538007,0.0,0.002898550724637681,0.002857142857142857,0.014285714285714285,2.3457142857142856,0.002898550724637681,0.0,0.033469776763699305,0.08436634914903716,11.623188405797102,0.0,0.0,0.15,0.08115942028985507,0,0.13893300056313043,0.26928927816569614,0.23305932420758357,0.8273532328730318,0.0,1.0,0.0,0.2,0.0,0.2,0.3,0.08,0.002898550724637681,0.05,0.25
209,0.977042739550355,0.49927767380663385,0.9747959551036378,0.49853211646095497,0.23903325573756998,0.5,0.7159420289855073,0.2851474916274001,0.3083615368256819,0.0,0.7057142857142857,0.2844253159150927,0.30971121625229275,0.0,0.002898550724637681,0.002857142857142857,0.014285714285714285,2.394285714285714,0.002898550724637681,0.0,0.033469776763699305,0.08436634914903716,11.623188405797102,0.0,0.0,0.15,0.08115942028985507,0,0.13866690698888617,0.26794283177486766,0.2312552805805747,0.8235106178663543,0.0,0.0,0.0,0.2,0.0,0.2,0.3,0.08,0.002898550724637681,0.05,0.25
210,0.9792109793491793,0.49825980536863895,0.9769332200481929,0.4975021208455421,0.23903325573756998,0.5,0.7391304347826086,0.2851474916274001,0.3083615368256819,0.0,0.7285714285714285,0.2844253159150927,0.30971121625229275,0.0,0.0,0.0,0.014285714285714285,2.44,0.002898550724637681,0.0,0.033469776763699305,0.08436634914903716,11.623188405797102,0.0,0.0,0.15,0.08115942028985507,0,0.13797357245394176,0.2666031176159933,0.2266301749689632,0.8070404055090272,0.0,0.0,0.0,0.2,0.0,0.2,0.3,0.08,0.0,0.05,0.25
211,0.9793785073244381,0.4979442957493754,0.9770983547666625,0.49722357012525714,0.23903325573756998,0.5,0.7420289855072464,0.2850315495984146,0.3083615368256819,0.0,0.7314285714285714,0.28431103020080695,0.30971121625229275,0.0,0.005797101449275362,0.005714285714285714,0.014285714285714285,2.4171428571428573,0.005797101449275362,0.0,0.033469776763699305,0.08436634914903716,11.623188405797102,0.0,0.0,0.15,0.08115942028985507,0,0.1381408474488149,0.26527010202791335,0.22781185718386968,0.7908995973988466,0.0,1.0,0.0,0.2,0.0,0.2,0.3,0.08,0.005797101449275362,0.05,0.25
212,0.9777853978842912,0.4988320666905107,0.9755280040328035,0.4980555701875437,0.23903325573756998,0.5,0.7072463768115942,0.2847996655404436,0.3082311020430732,0.0,0.6971428571428572,0.28408245877223554,0.3095826448237213,0.0,0.008695652173913044,0.008571428571428572,0.014285714285714285,2.297142857142857,0.005797101449275362,0.0,0.033469776763699305,0.08436634914903716,11.623188405797102,0.0,0.0,0.15,0.08115942028985507,0,0.1387358574972851,0.2639437515177738,0.23182704861162085,0.8177723978470592,0.0,0.6666666666666666,0.0,0.2,0.0,0.2,0.3,0.08,0.008695652173913044,0.05,0.25
213,0.9773129087595472,0.4991697180543371,0.9749567001067413,0.49838866805119697,0.23903325573756998,0.5,0.7558139534883721,0.28446399881627066,0.30745432690092267,0.0,0.7428571428571429,0.28408245877223554,0.3095826448237213,0.0,0.0,0.0,0.017142857142857144,2.34,0.0029069767441860465,0.002857142857142857,0.03346127174760863,0.08436634914903716,11.622093023255815,0.0,0.0,0.15,0.08139534883720931,0,0.13804217820979867,0.2626240327601849,0.2271905076393884,0.801416949890118,0.0,0.0,0.0,0.2,0.0,0.2,0.3,0.08,0.0,0.05,0.25
214,0.9779097840939032,0.4991770289546508,0.9755433432925081,0.49841736976057066,0.23903325573756998,0.5,0.7703488372093024,0.2842314406767357,0.3072799082962715,0.0,0.7571428571428571,0.28385388734366407,0.30941121625229273,0.0,0.005813953488372093,0.005714285714285714,0.017142857142857144,2.3257142857142856,0.0,0.0,0.03346127174760863,0.08436634914903716,11.622093023255815,0.0,0.0,0.15,0.08139534883720931,0,0.13820911017589255,0.26940755568787234,0.22836098320088638,0.8030058113366879,0.0,0.0,0.0,0.2,0.0,0.2,0.3,0.08,0.005813953488372093,0.05,0.25
215,0.9787663383204809,0.49998425061965135,0.9763852137323445,0.4991652311975226,0.23903325573756998,0.5,0.7732558139534884,0.2841151616069683,0.3072288045273548,0.0,0.76,0.2837396016293784,0.30936098854798594,0.0,0.0029069767441860465,0.002857142857142857,0.017142857142857144,2.342857142857143,0.0,0.0,0.03346127174760863,0.08436634914903716,11.622093023255815,0.0,0.0,0.15,0.08139534883720931,0,0.13794663605358448,0.26806051790943297,0.22665090639401148,0.8073311023054299,0.0,0.0,0.0,0.2,0.0,0.2,0.3,0.08,0.0029069767441860465,0.05,0.25
216,0.9791342318245647,0.50003930109714,0.9767468004906443,0.49917756119662987,0.23903325573756998,0.5,0.7965116279069767,0.2839988825372009,0.3071415952250292,0.0,0.7828571428571428,0.2836253159150927,0.30927527426227164,0.0,0.0029069767441860465,0.002857142857142857,0.017142857142857144,2.374285714285714,0.0,0.0,0.03346127174760863,0.08436634914903716,11.622093023255815,0.0,0.0,0.15,0.08139534883720931,0,0.13768547430188802,0.2667202153198858,0.2249750311232741,0.7947774970623833,0.0,0.0,0.0,0.2,0.0,0.2,0.3,0.08,0.0029069767441860465,0.05,0.25
217,0.9802190833552029,0.49966690182755935,0.9778130545664713,0.49879846142237055,0.23903325573756998,0.5,0.7645348837209303,0.2839988825372009,0.3071415952250292,0.0,0.7514285714285714,0.2836253159150927,0.30927527426227164,0.0,0.0,0.0,0.017142857142857144,2.3114285714285714,0.0,0.0,0.03346127174760863,0.08436634914903716,11.622093023255815,0.0,0.0,0.15,0.08139534883720931,0,0.13699704693037856,0.2653866142432864,0.22047553050080865,0.7788819471211357,0.0,0.0,0.0,0.2,0.0,0.2,0.3,0.08,0.0,0.05,0.25
218,0.9800127768290519,0.5002300811811634,0.977610284723626,0.4993206310979344,0.23903325573756998,0.5,0.747093023255814,0.28388260346743344,0.3070543859227036,0.0,0.7342857142857143,0.2835110302008069,0.3091895599765574,0.0,0.0029069767441860465,0.002857142857142857,0.017142857142857144,2.2914285714285714,0.0,0.0,0.03346127174760863,0.08436634914903716,11.622093023255815,0.0,0.0,0.15,0.08139534883720931,0,0.1367406331242981,0.26405968117206996,0.2189231627479353,0.7698471175556206,0.0,0.0,0.0,0.2,0.0,0.2,0.3,0.08,0.0029069767441860465,0.05,0.25
219,0.9804555141426591,0.4989172056632562,0.978045432254714,0.49805212847398656,0.23903325573756998,0.5,0.7790697674418605,0.28382446393254973,0.3070107812715408,0.0,0.7657142857142857,0.28345388734366406,0.3091467028337002,0.0,0.0029069767441860465,0.002857142857142857,0.017142857142857144,2.357142857142857,0.0,0.0,0.03346127174760863,0.08436634914903716,11.622093023255815,0.0,0.0,0.15,0.08139534883720931,0,0.13648550138724805,0.2627393827662096,0.21740184235011945,0.7590809606933193,0.0,0.0,0.0,0.2,0.0,0.2,0.3,0.08,0.0029069767441860465,0.05,0.25
220,0.9801225779077326,0.4991287421640652,0.9777182034981007,0.49823999081916354,0.23903325573756998,0.5,0.7616279069767442,0.283766324397666,0.3070107812715408,0.0,0.7485714285714286,0.28339674448652125,0.3091467028337002,0.0,0.0029069767441860465,0.002857142857142857,0.017142857142857144,2.3971428571428572,0.0,0.0,0.03346127174760863,0.08436634914903716,11.622093023255815,0.0,0.0,0.15,0.08139534883720931,0,0.13623164530888324,0.2614256858523786,0.21591094836025995,0.7438993414794529,0.0,1.0,0.0,0.2,0.0,0.2,0.3,0.08,0.0029069767441860465,0.05,0.25
221,0.9803793554156367,0.4991091052832671,0.977970579105869,0.4982300469721211,0.23903325573756998,0.5,0.7383720930232558,0.283766324397666,0.3070107812715408,0.0,0.7257142857142858,0.28339674448652125,0.3091467028337002,0.0,0.0,0.0,0.017142857142857144,2.4171428571428573,0.0,0.0,0.03346127174760863,0.08436634914903716,11.622093023255815,0.0,0.0,0.15,0.08139534883720931,0,0.1355504870823388,0.2601185574231167,0.21159272939305473,0.7290213546498638,0.0,0.0,0.0,0.2,0.0,0.2,0.3,0.08,0.0,0.05,0.25
222,0.9786727714249401,0.4995560536556254,0.9762932508407274,0.49873253368020415,0.23903325573756998,0.5,0.6773255813953488,0.2834174871883636,0.30674915336456404,0.0,0.6657142857142857,0.28305388734366405,0.30888955997655737,0.0,0.00872093023255814,0.008571428571428572,0.017142857142857144,2.4657142857142857,0.0,0.0,0.03346127174760863,0.08436634914903716,11.622093023255815,0.0,0.0,0.15,0.08139534883720931,0,0.13615844893264142,0.2588179646360011,0.21593230337662217,0.7385691026454037,0.0,0.3333333333333333,0.0,0.2,0.0,0.2,0.3,0.08,0.00872093023255814,0.05,0.25
223,0.9784318559534178,0.4999205386702407,0.9760564653487167,0.49913505855194834,0.23903325573756998,0.5,0.6918604651162791,0.2833012081185962,0.30666194406223846,0.0,0.68,0.28293960162937837,0.3088038456908431,0.0,0.0029069767441860465,0.002857142857142857,0.017142857142857144,2.46,0.0,0.0,0.03346127174760863,0.08436634914903716,11.622093023255815,0.0,0.0,0.15,0.08139534883720931,0,0.13590622811654965,0.2575238748128211,0.2144708001662326,0.7267821426807369,0.0,0.0,0.0,0.2,0.0,0.2,0.3,0.08,0.0029069767441860465,0.05,0.25
224,0.9790533525502738,0.4997601264796595,0.9766673077181982,0.4990294126685182,0.23903325573756998,0.5,0.6656976744186046,0.2833012081185962,0.30666194406223846,0.0,0.6542857142857142,0.28293960162937837,0.3088038456908431,0.0,0.0,0.0,0.017142857142857144,2.5171428571428573,0.0029069767441860465,0.0,0.03346127174760863,0.08436634914903716,11.622093023255815,0.0,0.0,0.15,0.08139534883720931,0,0.13522669697596687,0.256236255438757,0.21018138416290794,0.7122464998271222,0.0,0.0,0.0,0.2,0.0,0.2,0.3,0.08,0.0,0.05,0.25
225,0.9785397690716884,0.5000014982284887,0.9761625285278172,0.49915728222097144,0.23903325573756998,0.5,0.7151162790697675,0.2833012081185962,0.30666194406223846,0.0,0.7028571428571428,0.28293960162937837,0.3088038456908431,0.0,0.0,0.0,0.017142857142857144,2.46,0.0029069767441860465,0.0,0.03346127174760863,0.08436634914903716,11.622093023255815,0.0,0.0,0.15,0.08139534883720931,0,0.13455056349108704,0.2549550741615632,0.20597775647964978,0.6980015698305797,0.0,0.0,0.0,0.2,0.0,0.2,0.3,0.08,0.0,0.05,0.25
226,0.9784127832398973,0.5004424076681455,0.9760377195959997,0.4996098363414161,0.23903325573756998,0.5,0.688953488372093,0.2833012081185962,0.30666194406223846,0.0,0.6771428571428572,0.28293960162937837,0.3088038456908431,0.0,0.0,0.0,0.017142857142857144,2.565714285714286,0.0029069767441860465,0.0,0.03346127174760863,0.08436634914903716,11.622093023255815,0.0,0.0,0.15,0.08139534883720931,0,0.1338778106736316,0.2536802987907554,0.20185820135005678,0.6840415384339681,0.0,0.0,0.0,0.2,0.0,0.2,0.3,0.08,0.0,0.05,0.25
227,0.9787679977410544,0.501002167752711,0.9763868447057084,0.5000529766148929,0.23903325573756998,0.5,0.7209302325581395,0.2832430685837125,0.30661833941107575,0.0,0.7085714285714285,0.2828824587722355,0.30876098854798595,0.0,0.0029069767441860465,0.002857142857142857,0.017142857142857144,2.5885714285714285,0.005813953488372093,0.0,0.03346127174760863,0.08436634914903716,11.622093023255815,0.0,0.0,0.15,0.08139534883720931,0,0.13363699304883486,0.25376548097950724,0.20067818018019848,0.6703607076652887,0.0,0.0,0.0,0.2,0.0,0.2,0.3,0.08,0.0029069767441860465,0.05,0.25
228,0.9795753780359204,0.5008688737623442,0.9771803841955193,0.49995311847313395,0.23903325573756998,0.5,0.6686046511627907,0.2828942313744101,0.3064439208064246,0.0,0.6571428571428571,0.28253960162937836,0.3085895599765574,0.0,0.00872093023255814,0.008571428571428572,0.017142857142857144,2.625714285714286,0.005813953488372093,0.0,0.03346127174760863,0.08436634914903716,11.622093023255815,0.0,0.0,0.15,0.08139534883720931,0,0.134254522369305,0.25642423305514433,0.2052360451480231,0.7267821426807369,0.0,0.0,0.0,0.2,0.0,0.2,0.3,0.08,0.00872093023255814,0.05,0.25
229,0.978064455155858,0.49977783899087824,0.9756953628505438,0.4988805808839459,0.23903325573756998,0.5,0.6831395348837209,0.28249061596934794,0.30613868824828505,0.0,0.6714285714285714,0.28214290534554576,0.3082895599765574,0.0,0.011627906976744186,0.011428571428571429,0.017142857142857144,2.6342857142857143,0.0029069767441860465,0.0,0.03346127174760863,0.08436634914903716,11.622093023255815,0.0,0.0,0.15,0.08139534883720931,0,0.13529753547174417,0.2602340899026083,0.21255989567363404,0.7633722684385286,0.0,0.25,0.0,0.2,0.0,0.2,0.3,0.08,0.011627906976744186,0.05,0.25
230,0.978192092393018,0.49950377939456014,0.9758208120207811,0.4986899925138861,0.23903325573756998,0.5,0.688953488372093,0.28237433689958047,0.30605147894595947,0.0,0.6771428571428572,0.2820286196312601,0.3082038456908431,0.0,0.0029069767441860465,0.002857142857142857,0.017142857142857144,2.6142857142857143,0.005813953488372093,0.0,0.03346127174760863,0.08436634914903716,11.622093023255815,0.0,0.0,0.15,0.08139534883720931,0,0.13504961922295686,0.2640478817023849,0.21116584061730423,0.7863422555906722,0.0,0.0,0.0,0.2,0.0,0.2,0.3,0.08,0.0029069767441860465,0.05,0.25
231,0.9794623162958732,0.49886307466178864,0.9770692606567303,0.4980847395277387,0.23903325573756998,0.5,0.6773255813953488,0.28185373208187603,0.3056590370854943,0.0,0.6657142857142857,0.2815169394675734,0.3078181314051288,0.0,0.014534883720930232,0.014285714285714285,0.017142857142857144,2.64,0.00872093023255814,0.0,0.03346127174760863,0.08436634914903716,11.622093023255815,0.0,0.0,0.15,0.08139534883720931,0,0.13651722826969925,0.26272764229387296,0.2212282380906724,0.845684431279153,0.0,0.4,0.0,0.2,0.0,0.2,0.3,0.08,0.014534883720930232,0.05,0.25
232,0.9793409050120638,0.4994978474055207,0.9769499307092148,0.49881704592644643,0.23903325573756998,0.5,0.7296511627906976,0.28185373208187603,0.3056590370854943,0.0,0.7171428571428572,0.2815169394675734,0.3078181314051288,0.0,0.0,0.0,0.017142857142857144,2.505714285714286,0.005813953488372093,0.0,0.03346127174760863,0.08436634914903716,11.622093023255815,0.0,0.0,0.15,0.08139534883720931,0,0.13583464212835075,0.2614140040824036,0.216803673328859,0.82877074265357,0.0,0.0,0.0,0.2,0.0,0.2,0.3,0.08,0.0,0.05,0.25
233,0.977716607897616,0.5003656237382228,0.9753534786881574,0.4996350765906208,0.23903325573756998,0.5,0.752906976744186,0.28185373208187603,0.3056590370854943,0.0,0.74,0.2815169394675734,0.3078181314051288,0.0,0.0,0.0,0.017142857142857144,2.5314285714285716,0.0029069767441860465,0.0,0.03346127174760863,0.08436634914903716,11.622093023255815,0.0,0.0,0.15,0.08139534883720931,0,0.135155468917709,0.26010693406199153,0.21246759986228184,0.8121953278004985,0.0,0.0,0.0,0.2,0.0,0.2,0.3,0.08,0.0,0.05,0.25
234,0.9774653120833476,0.49967552074561306,0.9751064908021336,0.49907849056514186,0.23903325573756998,0.5,0.7441860465116279,0.2817981061889507,0.3056590370854943,0.0,0.7314285714285714,0.2814622671613839,0.3078181314051288,0.0,0.0029069767441860465,0.002857142857142857,0.017142857142857144,2.4714285714285715,0.00872093023255814,0.0,0.03346127174760863,0.08436634914903716,11.622093023255815,0.0,0.0,0.15,0.08139534883720931,0,0.13490826300169187,0.2588063993916816,0.21107539072217898,0.7959514212444886,0.0,1.0,0.0,0.2,0.0,0.2,0.3,0.08,0.0029069767441860465,0.05,0.25
235,0.9779822291009076,0.5002220147351566,0.9756145463851067,0.49953191792001217,0.23903325573756998,0.5,0.7558139534883721,0.2817981061889507,0.3056590370854943,0.0,0.7428571428571429,0.2814622671613839,0.3078181314051288,0.0,0.0,0.0,0.017142857142857144,2.434285714285714,0.0029069767441860465,0.0,0.03346127174760863,0.08436634914903716,11.622093023255815,0.0,0.0,0.15,0.08139534883720931,0,0.13423372168668343,0.25751236739472316,0.2068538829077354,0.7800323928195987,0.0,0.0,0.0,0.2,0.0,0.2,0.3,0.08,0.0,0.05,0.25
236,0.9796868061524141,0.5003311291289684,0.9772899021157303,0.4996382210915239,0.23903325573756998,0.5,0.7732558139534884,0.2817981061889507,0.3056590370854943,0.0,0.76,0.2814622671613839,0.3078181314051288,0.0,0.0,0.0,0.017142857142857144,2.442857142857143,0.0029069767441860465,0.0,0.03346127174760863,0.08436634914903716,11.622093023255815,0.0,0.0,0.15,0.08139534883720931,0,0.13356255307825,0.25622480555774957,0.20271680524958072,0.7644317449632068,0.0,0.0,0.0,0.2,0.0,0.2,0.3,0.08,0.0,0.05,0.25
237,0.9807927440817019,0.5004055292722176,0.9783768811090876,0.4995778722094246,0.23903325573756998,0.5,0.7209302325581395,0.2817981061889507,0.3056590370854943,0.0,0.7085714285714285,0.2814622671613839,0.3078181314051288,0.0,0.0,0.0,0.017142857142857144,2.382857142857143,0.0029069767441860465,0.0,0.03346127174760863,0.08436634914903716,11.622093023255815,0.0,0.0,0.15,0.08139534883720931,0,0.13289474031285875,0.25494368152996083,0.19866246914458907,0.7491431100639426,0.0,0.0,0.0,0.2,0.0,0.2,0.3,0.08,0.0,0.05,0.25
238,0.9804136551049772,0.5008076804572869,0.9780042908005352,0.49994492995040024,0.23903325573756998,0.5,0.747093023255814,0.2817981061889507,0.3056590370854943,0.0,0.7342857142857143,0.2814622671613839,0.3078181314051288,0.0,0.0,0.0,0.017142857142857144,2.394285714285714,0.005813953488372093,0.0,0.03346127174760863,0.08436634914903716,11.622093023255815,0.0,0.0,0.15,0.08139534883720931,0,0.13223026661129444,0.253668963122311,0.19468921976169729,0.7341602478626638,0.0,0.0,0.0,0.2,0.0,0.2,0.3,0.08,0.0,0.05,0.25
239,0.9813818969226332,0.5019103970160461,0.9789559341870313,0.5010480830993305,0.23903325573756998,0.5,0.7151162790697675,0.2817981061889507,0.3056590370854943,0.0,0.7028571428571428,0.2814622671613839,0.3078181314051288,0.0,0.0,0.0,0.017142857142857144,2.382857142857143,0.005813953488372093,0.0,0.03346127174760863,0.08436634914903716,11.622093023255815,0.0,0.0,0.15,0.08139534883720931,0,0.13156911527823797,0.25240061830669946,0.19079543536646335,0.7194770429054105,0.0,0.0,0.0,0.2,0.0,0.2,0.3,0.08,0.0,0.05,0.25
240,0.9822668515328693,0.5013109261421421,0.9798257181468063,0.5005035522002594,0.23903325573756998,0.5,0.7587209302325582,0.2816818271191832,0.3055718277831687,0.0,0.7457142857142857,0.28134798144709816,0.3077324171194145,0.0,0.0029069767441860465,0.002857142857142857,0.017142857142857144,2.3485714285714288,0.00872093023255814,0.0,0.03346127174760863,0.08436634914903716,11.622093023255815,0.0,0.0,0.15,0.08139534883720931,0,0.13133984113041822,0.25113861521516595,0.18983666951627698,0.7147061740497866,0.0,0.0,0.0,0.2,0.0,0.2,0.3,0.08,0.0029069767441860465,0.05,0.25
241,0.9806583433419565,0.500314003761143,0.9782447843820234,0.4995167556477246,0.23903325573756998,0.5,0.7412790697674418,0.2813329899098809,0.305310199876192,0.0,0.7285714285714285,0.281005124304241,0.3074752742622716,0.0,0.00872093023255814,0.008571428571428572,0.017142857142857144,2.414285714285714,0.005813953488372093,0.0,0.03346127174760863,0.08436634914903716,11.622093023255815,0.0,0.0,0.15,0.08139534883720931,0,0.1319688562104804,0.2590115206637274,0.19461136469737997,0.741500064575851,0.0,0.0,0.0,0.2,0.0,0.2,0.3,0.08,0.00872093023255814,0.05,0.25
242,0.9811945996880348,0.5004817723752218,0.978771847762169,0.49974939388665235,0.23903325573756998,0.5,0.752906976744186,0.2813329899098809,0.305310199876192,0.0,0.74,0.281005124304241,0.3074752742622716,0.0,0.0,0.0,0.017142857142857144,2.4285714285714284,0.005813953488372093,0.0,0.03346127174760863,0.08436634914903716,11.622093023255815,0.0,0.0,0.15,0.08139534883720931,0,0.131309011929428,0.25771646306040874,0.19071913740343238,0.726670063284334,0.0,0.0,0.0,0.2,0.0,0.2,0.3,0.08,0.0,0.05,0.25
243,0.9807547585192002,0.5003807658462016,0.9783395467276575,0.4996652715398789,0.23903325573756998,0.5,0.7238372093023255,0.28121671084011346,0.3052229905738664,0.0,0.7114285714285714,0.2808908385899553,0.30738955997655737,0.0,0.0029069767441860465,0.002857142857142857,0.017142857142857144,2.5,0.005813953488372093,0.0,0.03346127174760863,0.08436634914903716,11.622093023255815,0.0,0.0,0.15,0.08139534883720931,0,0.1310810382983523,0.26805060494808824,0.1897618975125066,0.7127371589315588,0.0,0.0,0.0,0.2,0.0,0.2,0.3,0.08,0.0029069767441860465,0.05,0.25
244,0.9817315826071973,0.4996129848789454,0.9792996252598603,0.4990084819886249,0.23903325573756998,0.5,0.7209302325581395,0.28115857130522975,0.3052229905738664,0.0,0.7085714285714285,0.2808336957328124,0.30738955997655737,0.0,0.0029069767441860465,0.002857142857142857,0.017142857142857144,2.4685714285714284,0.005813953488372093,0.0,0.03346127174760863,0.08436634914903716,11.622093023255815,0.0,0.0,0.15,0.08139534883720931,0,0.13085420453543195,0.26671035192334785,0.1888238024193993,0.6984824157529276,0.0,1.0,0.0,0.2,0.0,0.2,0.3,0.08,0.0029069767441860465,0.05,0.25
245,0.9806983320602749,0.4998129915309562,0.9782840875794565,0.49915871449445653,0.23903325573756998,0.5,0.75,0.28115857130522975,0.3052229905738664,0.0,0.7371428571428571,0.2808336957328124,0.30738955997655737,0.0,0.0,0.0,0.017142857142857144,2.52,0.00872093023255814,0.0,0.03346127174760863,0.08436634914903716,11.622093023255815,0.0,0.0,0.15,0.08139534883720931,0,0.13019993351275483,0.2653768001637311,0.18504732637101134,0.684512767437869,0.0,0.0,0.0,0.2,0.0,0.2,0.3,0.08,0.0,0.05,0.25
246,0.9806744441663868,0.5002092112844514,0.9782606091923207,0.4995393114125786,0.23903325573756998,0.5,0.752906976744186,0.2809841527005786,0.305092176620378,0.0,0.74,0.28066226716138387,0.3072609885479859,0.0,0.005813953488372093,0.005714285714285714,0.017142857142857144,2.454285714285714,0.0029069767441860465,0.0,0.03346127174760863,0.08436634914903716,11.622093023255815,0.0,0.0,0.15,0.08139534883720931,0,0.1304060767023339,0.26791652976907016,0.18706066555787682,0.6726573194593923,0.0,0.5,0.0,0.2,0.0,0.2,0.3,0.08,0.005813953488372093,0.05,0.25
247,0.9800081034149173,0.4991376948126047,0.9776056914251621,0.4984704549525936,0.23903325573756998,0.5,0.75,0.28069345502615994,0.30491775801572685,0.0,0.7371428571428571,0.2803765528756696,0.30708955997655735,0.0,0.00872093023255814,0.008571428571428572,0.017142857142857144,2.394285714285714,0.00872093023255814,0.0,0.03346127174760863,0.08436634914903716,11.622093023255815,0.0,0.0,0.15,0.08139534883720931,0,0.1310397606045365,0.271466202776211,0.19189088081814784,0.6835821849135113,0.0,0.3333333333333333,0.0,0.2,0.0,0.2,0.3,0.08,0.00872093023255814,0.05,0.25
248,0.981006884807633,0.49902236081957474,0.9785873508511457,0.49835168355700543,0.23903325573756998,0.5,0.7034883720930233,0.2805771759563925,0.30483054871340126,0.0,0.6914285714285714,0.28026226716138386,0.3070038456908431,0.0,0.0029069767441860465,0.002857142857142857,0.017142857142857144,2.434285714285714,0.00872093023255814,0.0,0.03346127174760863,0.08436634914903716,11.622093023255815,0.0,0.0,0.15,0.08139534883720931,0,0.13081313323008523,0.2701088717623299,0.19091020605892775,0.690664824046907,0.0,0.0,0.0,0.2,0.0,0.2,0.3,0.08,0.0029069767441860465,0.05,0.25
249,0.9809687226377484,0.4994880985217946,0.9785498428898876,0.4989038035629606,0.23903325573756998,0.5,0.747093023255814,0.2803446178168576,0.3046561301087501,0.0,0.7342857142857143,0.28003369573281245,0.3068324171194145,0.0,0.005813953488372093,0.005714285714285714,0.017142857142857144,2.4714285714285715,0.005813953488372093,0.0,0.03346127174760863,0.08436634914903716,11.622093023255815,0.0,0.0,0.15,0.08139534883720931,0,0.13101621042107767,0.2747831821605455,0.1928062876520349,0.6789272376410675,0.0,0.0,0.0,0.2,0.0,0.2,0.3,0.08,0.005813953488372093,0.05,0.25
250,0.9803071968589225,0.4990558058865956,0.9778996575529846,0.4984768050663497,0.23903325573756998,0.5,0.7325581395348837,0.2801120596773227,0.304481711504099,0.0,0.72,0.27980512430424104,0.3066609885479859,0.0,0.005813953488372093,0.005714285714285714,0.017142857142857144,2.6,0.005813953488372093,0.0,0.03346127174760863,0.08436634914903716,11.622093023255815,0.0,0.0,0.15,0.08139534883720931,0,0.13121827222611512,0.30025314334967873,0.1946644476132799,0.6812326242398921,0.0,0.0,0.0,0.2,0.0,0.2,0.3,0.08,0.005813953488372093,0.05,0.25
251,0.9789664227089308,0.4990995806713412,0.9765818681027066,0.49843009062313043,0.23903325573756998,0.5,0.7093023255813954,0.2799957806075553,0.3043945022017734,0.0,0.6971428571428572,0.2796908385899553,0.30657527426227166,0.0,0.0029069767441860465,0.002857142857142857,0.017142857142857144,2.585714285714286,0.00872093023255814,0.0,0.03346127174760863,0.08436634914903716,11.622093023255815,0.0,0.0,0.15,0.08139534883720931,0,0.130990752293556,0.2987518776329303,0.19362830151815713,0.6676079717550942,0.0,0.0,0.0,0.2,0.0,0.2,0.3,0.08,0.0029069767441860465,0.05,0.25
252,0.9792151182886774,0.4991225384088773,0.9768263003296578,0.4984822102115582,0.23903325573756998,0.5,0.6569767441860465,0.2797632224680204,0.3043072928994478,0.0,0.6457142857142857,0.27946226716138384,0.30648955997655736,0.0,0.005813953488372093,0.005714285714285714,0.017142857142857144,2.6314285714285712,0.0029069767441860465,0.0,0.03346127174760863,0.08436634914903716,11.622093023255815,0.0,0.0,0.15,0.08139534883720931,0,0.13119294138923107,0.29725811824476567,0.1954700212020797,0.6736551256066077,0.0,0.0,0.0,0.2,0.0,0.2,0.3,0.08,0.005813953488372093,0.05,0.25
253,0.9801184653787175,0.49887750112333323,0.9777141614695828,0.4981891745229085,0.23903325573756998,0.5,0.6540697674418605,0.27964694339825297,0.3042200835971222,0.0,0.6428571428571429,0.27934798144709816,0.30640384569084306,0.0,0.0029069767441860465,0.002857142857142857,0.017142857142857144,2.58,0.00872093023255814,0.0,0.03346127174760863,0.08436634914903716,11.622093023255815,0.0,0.0,0.15,0.08139534883720931,0,0.13096554811085634,0.2957718276535418,0.19441776363518098,0.6855599605649101,0.0,0.0,0.0,0.2,0.0,0.2,0.3,0.08,0.0029069767441860465,0.05,0.25
254,0.9814420260496087,0.4991632657778121,0.9790150325289733,0.4985250233626782,0.23903325573756998,0.5,0.688953488372093,0.2795306643284855,0.30413287429479663,0.0,0.6771428571428572,0.2792336957328125,0.30631813140512876,0.0,0.0029069767441860465,0.002857142857142857,0.017142857142857144,2.6342857142857143,0.0029069767441860465,0.0,0.03346127174760863,0.08436634914903716,11.622093023255815,0.0,0.0,0.15,0.08139534883720931,0,0.1307392917988735,0.2942929685152741,0.19338655121962023,0.702438445439421,0.0,0.0,0.0,0.2,0.0,0.2,0.3,0.08,0.0029069767441860465,0.05,0.25
255,0.9807647714921813,0.49983616678447074,0.978349388049673,0.4993151196026808,0.23903325573756998,0.5,0.688953488372093,0.2795306643284855,0.30413287429479663,0.0,0.6771428571428572,0.2792336957328125,0.30631813140512876,0.0,0.0,0.0,0.017142857142857144,2.6542857142857144,0.00872093023255814,0.0,0.03346127174760863,0.08436634914903716,11.622093023255815,0.0,0.0,0.15,0.08139534883720931,0,0.13008559533987912,0.2928215036726977,0.18951882019522778,0.6883896765306325,0.0,0.0,0.0,0.2,0.0,0.2,0.3,0.08,0.0,0.05,0.25
256,0.9790733361349493,0.5002109635201796,0.9766869487271362,0.49979999609191966,0.23903325573756998,0.5,0.7209302325581395,0.2794143852587181,0.30404566499247104,0.0,0.7085714285714285,0.2791194100185267,0.30623241711941446,0.0,0.0029069767441860465,0.002857142857142857,0.017142857142857144,2.6514285714285712,0.005813953488372093,0.0,0.03346127174760863,0.08436634914903716,11.622093023255815,0.0,0.0,0.15,0.08139534883720931,0,0.12986373879175114,0.2913573961543342,0.1885855866484661,0.7064844122078799,0.0,0.0,0.0,0.2,0.0,0.2,0.3,0.08,0.0029069767441860465,0.05,0.25
257,0.9778373849689128,0.49924841544104887,0.9754721852953748,0.4989154667435634,0.23903325573756998,0.5,0.6947674418604651,0.2792981061889506,0.30395845569014546,0.0,0.6828571428571428,0.279005124304241,0.3061467028337002,0.0,0.0029069767441860465,0.002857142857142857,0.017142857142857144,2.605714285714286,0.005813953488372093,0.0,0.03346127174760863,0.08436634914903716,11.622093023255815,0.0,0.0,0.15,0.08139534883720931,0,0.12964299152636383,0.28990060917356253,0.18767101777263961,0.6973403998556293,0.0,0.0,0.0,0.2,0.0,0.2,0.3,0.08,0.0029069767441860465,0.05,0.25
258,0.9777766289119022,0.49971700488758125,0.97541247077077,0.4994249653053428,0.23903325573756998,0.5,0.6686046511627907,0.27912368758429945,0.3038712463878199,0.0,0.6571428571428571,0.2788336957328124,0.30606098854798597,0.0,0.005813953488372093,0.005714285714285714,0.017142857142857144,2.5685714285714285,0.0029069767441860465,0.0,0.03346127174760863,0.08436634914903716,11.622093023255815,0.0,0.0,0.15,0.08139534883720931,0,0.12985191942587487,0.28845110612769476,0.18963188313147256,0.7099576910107958,0.0,0.5,0.0,0.2,0.0,0.2,0.3,0.08,0.005813953488372093,0.05,0.25
259,0.9775239034437931,0.4993599635653092,0.9751640777392572,0.499081765489025,0.23903325573756998,0.5,0.7441860465116279,0.27912368758429945,0.3038712463878199,0.0,0.7314285714285714,0.2788336957328124,0.30606098854798597,0.0,0.0,0.0,0.017142857142857144,2.5685714285714285,0.005813953488372093,0.0,0.03346127174760863,0.08436634914903716,11.622093023255815,0.0,0.0,0.15,0.08139534883720931,0,0.1292026598287455,0.2870088505970563,0.18583924546884312,0.6957585371905798,0.0,0.0,0.0,0.2,0.0,0.2,0.3,0.08,0.0,0.05,0.25
260,0.977922883380472,0.499268091758996,0.9755562180198786,0.49904519234802525,0.23903325573756998,0.5,0.7034883720930233,0.27900740851453204,0.30378403708549434,0.0,0.6914285714285714,0.27871941001852674,0.30597527426227167,0.0,0.0029069767441860465,0.002857142857142857,0.017142857142857144,2.537142857142857,0.0029069767441860465,0.0,0.03346127174760863,0.08436634914903716,11.622093023255815,0.0,0.0,0.15,0.08139534883720931,0,0.1289852179581732,0.285573806344071,0.18497960341660907,0.6884285019742444,0.0,0.0,0.0,0.2,0.0,0.2,0.3,0.08,0.0029069767441860465,0.05,0.25
261,0.977825399756198,0.4992024891021288,0.9754604055434493,0.49911113789904105,0.23903325573756998,0.5,0.6627906976744186,0.27900740851453204,0.30378403708549434,0.0,0.6514285714285715,0.27871941001852674,0.30597527426227167,0.0,0.0,0.0,0.017142857142857144,2.54,0.005813953488372093,0.0,0.03346127174760863,0.08436634914903716,11.622093023255815,0.0,0.0,0.15,0.08139534883720931,0,0.12834029186838233,0.28414593731235066,0.18128001134827693,0.6746599319347595,0.0,0.0,0.0,0.2,0.0,0.2,0.3,0.08,0.0,0.05,0.25
262,0.9771662298901754,0.4986827147332645,0.974812535732273,0.49852999933215486,0.23903325573756998,0.5,0.686046511627907,0.27900740851453204,0.30378403708549434,0.0,0.6742857142857143,0.27871941001852674,0.30597527426227167,0.0,0.0,0.0,0.017142857142857144,2.4685714285714284,0.005813953488372093,0.0,0.03346127174760863,0.08436634914903716,11.622093023255815,0.0,0.0,0.15,0.08139534883720931,0,0.1276985904090404,0.2827252076257889,0.17765441112131136,0.6611667332960642,0.0,0.0,0.0,0.2,0.0,0.2,0.3,0.08,0.0,0.05,0.25
263,0.9777366159220304,0.49900161166842344,0.9753731437178675,0.49882410269034516,0.23903325573756998,0.5,0.6569767441860465,0.2786585713052297,0.3035224091785176,0.0,0.6457142857142857,0.2783765528756696,0.3057181314051288,0.0,0.00872093023255814,0.008571428571428572,0.017142857142857144,2.525714285714286,0.005813953488372093,0.0,0.03346127174760863,0.08436634914903716,11.622093023255815,0.0,0.0,0.15,0.08139534883720931,0,0.12834581174270948,0.2966019506936081,0.18267275147031367,0.6794158083785026,0.0,0.0,0.0,0.2,0.0,0.2,0.3,0.08,0.00872093023255814,0.05,0.25
264,0.9777582479179356,0.4983456633769139,0.9753944048795574,0.4981588924001305,0.23903325573756998,0.5,0.752906976744186,0.2786585713052297,0.3035224091785176,0.0,0.74,0.2783765528756696,0.3057181314051288,0.0,0.0,0.0,0.017142857142857144,2.4657142857142857,0.0,0.0,0.03346127174760863,0.08436634914903716,11.622093023255815,0.0,0.0,0.15,0.08139534883720931,0,0.12770408268399594,0.29511894094014013,0.17901929644090742,0.6658274922109325,0.0,0.0,0.0,0.2,0.0,0.2,0.3,0.08,0.0,0.05,0.25
265,0.9765235569166071,0.4987391280396665,0.9741808800096801,0.4985167379227029,0.23903325573756998,0.5,0.7296511627906976,0.2785422922354623,0.303435199876192,0.0,0.7171428571428572,0.2782622671613839,0.3056324171194145,0.0,0.0029069767441860465,0.002857142857142857,0.017142857142857144,2.422857142857143,0.0,0.0,0.03346127174760863,0.08436634914903716,11.622093023255815,0.0,0.0,0.15,0.08139534883720931,0,0.1274941336991474,0.2936433462354394,0.17829605336923215,0.6838591281459367,0.0,0.0,0.0,0.2,0.0,0.2,0.3,0.08,0.0029069767441860465,0.05,0.25
266,0.9775722419661211,0.4985947177774592,0.9752115876012025,0.49838221810846856,0.23903325573756998,0.5,0.7441860465116279,0.2784260131656949,0.303435199876192,0.0,0.7314285714285714,0.2781479814470982,0.3056324171194145,0.0,0.005813953488372093,0.005714285714285714,0.017142857142857144,2.442857142857143,0.0,0.0,0.03346127174760863,0.08436634914903716,11.622093023255815,0.0,0.0,0.15,0.08139534883720931,0,0.12771380588779452,0.2921751295042622,0.1804444180161332,0.6982790208635588,0.0,1.0,0.0,0.2,0.0,0.2,0.3,0.08,0.005813953488372093,0.05,0.25
267,0.9792768320439447,0.498097990172228,0.9768138920010722,0.49797899962166897,0.23903325573756998,0.5,0.749271137026239,0.27816572630855013,0.30365077955093994,0.0,0.7342857142857143,0.2781479814470982,0.3056324171194145,0.0,0.0,0.0,0.02,2.462857142857143,0.0,0.002857142857142857,0.0334480519952671,0.08436634914903715,11.620991253644315,0.0,0.0,0.15,0.08163265306122448,0,0.12707523685835553,0.29071425385674093,0.1768355296558105,0.6843134404462876,0.0,0.0,0.0,0.2,0.0,0.2,0.3,0.08,0.0,0.05,0.25
268,0.9790006648557087,0.4982567324768565,0.9765432481566011,0.49812210555169867,0.23903325573756998,0.5,0.7113702623906706,0.27816572630855013,0.30365077955093994,0.0,0.6971428571428572,0.2781479814470982,0.3056324171194145,0.0,0.0,0.0,0.02,2.5142857142857142,0.0,0.0,0.03345632184209056,0.08436634914903715,11.620991253644315,0.0,0.0,0.15,0.07871720116618076,0,0.12643986067406376,0.2892606825874572,0.1732988190626943,0.6706271716373619,0.0,0.0,0.0,0.2,0.0,0.2,0.3,0.08,0.0,0.05,0.25
269,0.9788093521642717,0.4983769951124376,0.9763557617189927,0.498245424972681,0.23903325573756998,0.5,0.7113702623906706,0.27804910823274837,0.3035633159940886,0.0,0.6971428571428572,0.27803369573281245,0.3055467028337003,0.0,0.0029154518950437317,0.002857142857142857,0.02,2.4914285714285715,0.0,0.0,0.03345632184209056,0.08436634914903715,11.620991253644315,0.0,0.0,0.15,0.07871720116618076,0,0.12623623279926488,0.2878143791745199,0.17268998553858328,0.677263062833437,0.0,0.0,0.0,0.2,0.0,0.2,0.3,0.08,0.0029154518950437317,0.05,0.25
270,0.9785656884227351,0.49852237466657273,0.976116971252287,0.4983934541075496,0.23903325573756998,0.5,0.7580174927113703,0.2778158720811449,0.303388388880386,0.0,0.7428571428571429,0.27780512430424104,0.3053752742622717,0.0,0.0058309037900874635,0.005714285714285714,0.02,2.4914285714285715,0.0,0.0,0.03345632184209056,0.08436634914903715,11.620991253644315,0.0,0.0,0.15,0.07871720116618076,0,0.1264621944924114,0.2863753072786473,0.17495047154209734,0.6703631276787977,0.0,0.0,0.0,0.2,0.0,0.2,0.3,0.08,0.0058309037900874635,0.05,0.25
271,0.9787687383627586,0.4988481991467053,0.9763159601935099,0.49888385277254443,0.23903325573756998,0.5,0.7346938775510204,0.2778158720811449,0.303388388880386,0.0,0.72,0.27780512430424104,0.3053752742622717,0.0,0.0,0.0,0.02,2.4057142857142857,0.0,0.0,0.03345632184209056,0.08436634914903715,11.620991253644315,0.0,0.0,0.15,0.07871720116618076,0,0.12582988351994934,0.2849434307422541,0.1714514621112554,0.6569558651252217,0.0,0.0,0.0,0.2,0.0,0.2,0.3,0.08,0.0,0.05,0.25
272,0.9786534583008109,0.4982304407248301,0.9762029857328012,0.49830610340902076,0.23903325573756998,0.5,0.7638483965014577,0.277757563043244,0.3033446571019603,0.0,0.7485714285714286,0.27774798144709817,0.3053324171194145,0.0,0.0029154518950437317,0.002857142857142857,0.02,2.4171428571428573,0.0,0.0,0.03345632184209056,0.08436634914903715,11.620991253644315,0.0,0.0,0.15,0.07871720116618076,0,0.12562930553092103,0.2835187135885428,0.17087957572617316,0.6511409287697622,0.0,0.0,0.0,0.2,0.0,0.2,0.3,0.08,0.0029154518950437317,0.05,0.25
273,0.9786556789624948,0.4990327259043251,0.9762051619812512,0.4989504755559556,0.23903325573756998,0.5,0.7346938775510204,0.2775243268916405,0.3031697299882577,0.0,0.72,0.27751941001852676,0.3051609885479859,0.0,0.0058309037900874635,0.005714285714285714,0.02,2.4114285714285715,0.0,0.0,0.03345632184209056,0.08436634914903715,11.620991253644315,0.0,0.0,0.15,0.07871720116618076,0,0.12585830186040928,0.28743260171265694,0.17317626992593538,0.6625346741904463,0.0,0.0,0.0,0.2,0.0,0.2,0.3,0.08,0.0058309037900874635,0.05,0.25
274,0.9784686303953639,0.4992708923645824,0.9760218543854631,0.49913474152415455,0.23903325573756998,0.5,0.7288629737609329,0.2774077088158388,0.30308226643140634,0.0,0.7142857142857143,0.277405124304241,0.3050752742622716,0.0,0.0029154518950437317,0.002857142857142857,0.02,2.4085714285714284,0.0,0.0,0.03345632184209056,0.08436634914903715,11.620991253644315,0.0,0.0,0.15,0.07871720116618076,0,0.12565758177967865,0.28599543870409366,0.17256988738455956,0.659024283864557,0.0,0.0,0.0,0.2,0.0,0.2,0.3,0.08,0.0029154518950437317,0.05,0.25
275,0.9784754937214551,0.49963227150266626,0.9760285804450327,0.4994238582545961,0.23903325573756998,0.5,0.7142857142857143,0.2774077088158388,0.30308226643140634,0.0,0.7,0.277405124304241,0.3050752742622716,0.0,0.0,0.0,0.02,2.3771428571428572,0.0,0.0,0.03345632184209056,0.08436634914903715,11.620991253644315,0.0,0.0,0.15,0.07871720116618076,0,0.12502929387078027,0.2845654615105732,0.16911848963686832,0.6458437981872659,0.0,0.0,0.0,0.2,0.0,0.2,0.3,0.08,0.0,0.05,0.25
276,0.9790002457501717,0.500450846712369,0.9765428374331748,0.5002450196274294,0.23903325573756998,0.5,0.7551020408163265,0.27729109074003705,0.30299480287455505,0.0,0.74,0.2772908385899553,0.30498955997655736,0.0,0.0029154518950437317,0.002857142857142857,0.02,2.3057142857142856,0.0,0.0,0.03345632184209056,0.08436634914903715,11.620991253644315,0.0,0.0,0.15,0.07871720116618076,0,0.12483271882999779,0.28975836738196936,0.16859326270127378,0.6744254381744308,0.0,0.0,0.0,0.2,0.0,0.2,0.3,0.08,0.0029154518950437317,0.05,0.25
277,0.9793210673203743,0.500292752091324,0.9768572425719733,0.5001486889171419,0.23903325573756998,0.5,0.7463556851311953,0.2771744726642353,0.30290733931770375,0.0,0.7314285714285714,0.27717655287566956,0.30490384569084306,0.0,0.0029154518950437317,0.002857142857142857,0.02,2.26,0.0,0.0,0.03345632184209056,0.08436634914903715,11.620991253644315,0.0,0.0,0.15,0.07871720116618076,0,0.12463712666441923,0.28830957554505954,0.16807854030439118,0.6635543290440592,0.0,0.0,0.0,0.2,0.0,0.2,0.3,0.08,0.0029154518950437317,0.05,0.25
278,0.9797335853081119,0.49960741282258414,0.9772615101999563,0.49949333463388484,0.23903325573756998,0.5,0.7813411078717201,0.27705785458843357,0.3028198757608524,0.0,0.7657142857142857,0.2770622671613838,0.30481813140512876,0.0,0.0029154518950437317,0.002857142857142857,0.02,2.2485714285714287,0.0029154518950437317,0.0,0.03345632184209056,0.08436634914903715,11.620991253644315,0.0,0.0,0.15,0.07871720116618076,0,0.12444251245966857,0.2894139971162582,0.16757411235544623,0.6521944304690526,0.0,0.0,0.0,0.2,0.0,0.2,0.3,0.08,0.0029154518950437317,0.05,0.25
279,0.9791850783576589,0.5002180889599757,0.9767239733885121,0.4999554766437193,0.23903325573756998,0.5,0.7638483965014577,0.2767080003610283,0.30255748509029845,0.0,0.7485714285714286,0.27671941001852673,0.3045609885479859,0.0,0.008746355685131196,0.008571428571428572,0.02,2.197142857142857,0.0058309037900874635,0.0,0.03345632184209056,0.08436634914903715,11.620991253644315,0.0,0.0,0.15,0.07871720116618076,0,0.1251060141830845,0.2879669271306769,0.17279405867976586,0.6612320412362078,0.0,0.0,0.0,0.2,0.0,0.2,0.3,0.08,0.008746355685131196,0.05,0.25
280,0.9789951983724899,0.5004746649726012,0.9765378910030466,0.5003331642234721,0.23903325573756998,0.5,0.7871720116618076,0.2765913822852265,0.30247002153344715,0.0,0.7714285714285715,0.276605124304241,0.30447527426227167,0.0,0.0029154518950437317,0.002857142857142857,0.02,2.165714285714286,0.0058309037900874635,0.0,0.03345632184209056,0.08436634914903715,11.620991253644315,0.0,0.0,0.15,0.07871720116618076,0,0.12490905554074051,0.28652709249502356,0.1721953203633134,0.6481076254683783,0.0,0.0,0.0,0.2,0.0,0.2,0.3,0.08,0.0029154518950437317,0.05,0.25
281,0.9799112819777277,0.5014697317648517,0.9774356529361796,0.5013599495636747,0.23903325573756998,0.5,0.7638483965014577,0.27635814613362303,0.30229509441974456,0.0,0.7485714285714286,0.2763765528756696,0.3043038456908431,0.0,0.0058309037900874635,0.005714285714285714,0.02,2.177142857142857,0.0058309037900874635,0.0,0.03345632184209056,0.08436634914903715,11.620991253644315,0.0,0.0,0.15,0.07871720116618076,0,0.12514165312017966,0.28509445703254843,0.17446569967033285,0.6565930851672532,0.0,0.0,0.0,0.2,0.0,0.2,0.3,0.08,0.0058309037900874635,0.05,0.25
282,0.9791170424629603,0.5021807982911365,0.9766572982117077,0.5020127383506109,0.23903325573756998,0.5,0.7784256559766763,0.27635814613362303,0.30229509441974456,0.0,0.7628571428571429,0.2763765528756696,0.3043038456908431,0.0,0.0,0.0,0.02,2.222857142857143,0.0058309037900874635,0.0,0.03345632184209056,0.08436634914903715,11.620991253644315,0.0,0.0,0.15,0.07871720116618076,0,0.12451594485457877,0.28366898474738567,0.1709763856769262,0.6434612234639081,0.0,0.0,0.0,0.2,0.0,0.2,0.3,0.08,0.0,0.05,0.25
283,0.9787591749917504,0.5022666467439887,0.9763069660540558,0.5022983294660446,0.23903325573756998,0.5,0.783625730994152,0.27663193904052064,0.3021680414188687,0.0,0.7657142857142857,0.27626226716138386,0.3042181314051288,0.0,0.0029239766081871343,0.002857142857142857,0.022857142857142857,2.277142857142857,0.0029239766081871343,0.002857142857142857,0.033462150544579856,0.08436634914903715,11.614035087719298,0.0,0.0,0.15,0.07894736842105263,0,0.1243219365588773,0.28225063982364873,0.17041400082053051,0.634353005202897,0.0,0.0,0.0,0.2,0.0,0.2,0.3,0.08,0.0029154518950437317,0.05,0.25
284,0.979191647515606,0.5029349493927471,0.976729553491652,0.5029462353372938,0.23903325573756998,0.5,0.7690058479532164,0.27645650044402936,0.3020803221206231,0.0,0.7514285714285714,0.27609083858995526,0.3041324171194145,0.0,0.005847953216374269,0.005714285714285714,0.022857142857142857,2.2942857142857145,0.005847953216374269,0.0,0.03346530683624648,0.08436634914903715,11.614035087719298,0.0,0.0,0.15,0.07894736842105263,0,0.12455746973322576,0.2808393866245305,0.1727200065184056,0.6262690895808413,0.0,0.5,0.0,0.2,0.0,0.2,0.3,0.08,0.005847953216374269,0.05,0.25
285,0.97866204690073,0.5022642331103686,0.9762120580336874,0.5022898230731933,0.23903325573756998,0.5,0.7573099415204678,0.2763395413797019,0.3019926028223775,0.0,0.74,0.2759765528756696,0.3040467028337002,0.0,0.0029239766081871343,0.002857142857142857,0.022857142857142857,2.28,0.005847953216374269,0.0,0.03346530683624648,0.08436634914903715,11.614035087719298,0.0,0.0,0.15,0.07894736842105263,0,0.12436325381313107,0.27943518969140785,0.17212274924518037,0.617179566549229,0.0,0.0,0.0,0.2,0.0,0.2,0.3,0.08,0.0029239766081871343,0.05,0.25
286,0.9782913539883767,0.5021468096760286,0.9758498381021881,0.5021849871347063,0.23903325573756998,0.5,0.7923976608187134,0.27622258231537444,0.30190488352413186,0.0,0.7742857142857142,0.2758622671613839,0.3039609885479859,0.0,0.0029239766081871343,0.002857142857142857,0.022857142857142857,2.2485714285714287,0.005847953216374269,0.0,0.03346530683624648,0.08436634914903715,11.614035087719298,0.0,0.0,0.15,0.07894736842105263,0,0.12417000897263684,0.27803801374295084,0.17153743711741962,0.6309381351689083,0.0,0.0,0.0,0.2,0.0,0.2,0.3,0.08,0.0029239766081871343,0.05,0.25
287,0.9787138694674171,0.501983475086657,0.9762626960845645,0.5020353337467032,0.23903325573756998,0.5,0.7456140350877193,0.27622258231537444,0.30190488352413186,0.0,0.7285714285714285,0.2758622671613839,0.3039609885479859,0.0,0.0,0.0,0.022857142857142857,2.2885714285714287,0.0029239766081871343,0.0,0.03346530683624648,0.08436634914903715,11.614035087719298,0.0,0.0,0.15,0.07894736842105263,0,0.12354915892777367,0.27664782367423607,0.1681066883750712,0.6183193724655301,0.0,0.0,0.0,0.2,0.0,0.2,0.3,0.08,0.0,0.05,0.25
288,0.9781475146818014,0.5021053157048286,0.9757092865511914,0.5021035751069282,0.23903325573756998,0.5,0.7953216374269005,0.27598866418671947,0.3018171642258862,0.0,0.7771428571428571,0.27563369573281243,0.3038752742622717,0.0,0.005847953216374269,0.005714285714285714,0.022857142857142857,2.302857142857143,0.0029239766081871343,0.0,0.03346530683624648,0.08436634914903715,11.614035087719298,0.0,0.0,0.15,0.07894736842105263,0,0.12378855599027765,0.2752645845558649,0.1704588403218555,0.631834963295104,0.0,0.0,0.0,0.2,0.0,0.2,0.3,0.08,0.005847953216374269,0.05,0.25
289,0.9785096675877724,0.5030579407075169,0.9760631616764545,0.5030496292228613,0.23903325573756998,0.5,0.7748538011695907,0.27598866418671947,0.3018171642258862,0.0,0.7571428571428571,0.27563369573281243,0.3038752742622717,0.0,0.0,0.0,0.022857142857142857,2.3457142857142856,0.0029239766081871343,0.0,0.03346530683624648,0.08436634914903715,11.614035087719298,0.0,0.0,0.15,0.07894736842105263,0,0.12316961321032628,0.27388826163308555,0.16704966351541836,0.6191982640292019,0.0,0.0,0.0,0.2,0.0,0.2,0.3,0.08,0.0,0.05,0.25
290,0.9779630156586179,0.5020035128953773,0.9755290046485379,0.5019352338278288,0.23903325573756998,0.5,0.7660818713450293,0.27598866418671947,0.3018171642258862,0.0,0.7485714285714286,0.27563369573281243,0.3038752742622717,0.0,0.0,0.0,0.022857142857142857,2.2685714285714287,0.0029239766081871343,0.0,0.03346530683624648,0.08436634914903715,11.614035087719298,0.0,0.0,0.15,0.07894736842105263,0,0.12255376514427464,0.27251882032492014,0.16370867024511002,0.6068142987486179,0.0,0.0,0.0,0.2,0.0,0.2,0.3,0.08,0.0,0.05,0.25
291,0.9776557781305485,0.501663732125574,0.9752287896925386,0.5014740974316859,0.23903325573756998,0.5,0.7660818713450293,0.27587170512239195,0.30172944492764064,0.0,0.7485714285714286,0.2755194100185267,0.3037895599765574,0.0,0.0029239766081871343,0.002857142857142857,0.022857142857142857,2.277142857142857,0.0,0.0,0.03346530683624648,0.08436634914903715,11.614035087719298,0.0,0.0,0.15,0.07894736842105263,0,0.12236956774712468,0.27115622622329555,0.16329163969735067,0.6021685742679304,0.0,0.0,0.0,0.2,0.0,0.2,0.3,0.08,0.0029239766081871343,0.05,0.25
292,0.9786901463741369,0.5012728380882513,0.9762395152334163,0.501100685312424,0.23903325573756998,0.5,0.7514619883040936,0.27587170512239195,0.30172944492764064,0.0,0.7342857142857143,0.2755194100185267,0.3037895599765574,0.0,0.0,0.0,0.022857142857142857,2.357142857142857,0.0,0.0,0.03346530683624648,0.08436634914903715,11.614035087719298,0.0,0.0,0.15,0.07894736842105263,0,0.12175771990838904,0.26980044509217904,0.16002580690340365,0.5901252027825717,0.0,0.0,0.0,0.2,0.0,0.2,0.3,0.08,0.0,0.05,0.25
293,0.9785301727620132,0.5006226188979486,0.9760831981609986,0.5004806680624091,0.23903325573756998,0.5,0.7777777777777778,0.2757064437948006,0.3015540063311494,0.0,0.76,0.2753579260927088,0.3036181314051288,0.0,0.005847953216374269,0.005714285714285714,0.022857142857142857,2.3514285714285714,0.0,0.0,0.03346530683624648,0.08436634914903715,11.614035087719298,0.0,0.0,0.15,0.07894736842105263,0,0.12200607416598996,0.2684514428667181,0.16253957647962128,0.6282858365840315,0.0,0.5,0.0,0.2,0.0,0.2,0.3,0.08,0.005847953216374269,0.05,0.25
294,0.9798523893591841,0.5008397881109957,0.9773751926645196,0.5007444590213959,0.23903325573756998,0.5,0.7368421052631579,0.2757064437948006,0.3015540063311494,0.0,0.72,0.2753579260927088,0.3036181314051288,0.0,0.0,0.0,0.022857142857142857,2.3771428571428572,0.0,0.0,0.03346530683624648,0.08436634914903715,11.614035087719298,0.0,0.0,0.15,0.07894736842105263,0,0.12139604379516002,0.26710918565238456,0.15928878495002885,0.6157201198523509,0.0,0.0,0.0,0.2,0.0,0.2,0.3,0.08,0.0,0.05,0.25
295,0.9804090317311409,0.5004183563313883,0.9779191117822604,0.5003265796677332,0.23903325573756998,0.5,0.7573099415204678,0.2757064437948006,0.3015540063311494,0.0,0.74,0.2753579260927088,0.3036181314051288,0.0,0.0,0.0,0.022857142857142857,2.414285714285714,0.0,0.0,0.03346530683624648,0.08436634914903715,11.614035087719298,0.0,0.0,0.15,0.07894736842105263,0,0.12078906357618421,0.2657736397241226,0.15610300925102827,0.6034057174553039,0.0,0.0,0.0,0.2,0.0,0.2,0.3,0.08,0.0,0.05,0.25
296,0.9801185263698508,0.5003056377081959,0.9776352465435142,0.5002133353883723,0.23903325573756998,0.5,0.7456140350877193,0.2755894847304731,0.30146628703290385,0.0,0.7285714285714285,0.27524364037842314,0.3035324171194145,0.0,0.0029239766081871343,0.002857142857142857,0.022857142857142857,2.5228571428571427,0.0,0.0,0.03346530683624648,0.08436634914903715,11.614035087719298,0.0,0.0,0.15,0.07894736842105263,0,0.1206136896868747,0.264444771525502,0.1558380919231506,0.5913954351833186,0.0,0.0,0.0,0.2,0.0,0.2,0.3,0.08,0.0029239766081871343,0.05,0.25
297,0.9788974819269687,0.5003004749330782,0.9764421116878979,0.5003226573650863,0.23903325573756998,0.5,0.7134502923976608,0.27523860753749063,0.301203129138167,0.0,0.6971428571428572,0.27490078323556594,0.30327527426227163,0.0,0.008771929824561403,0.008571428571428572,0.022857142857142857,2.5514285714285716,0.0,0.0,0.03346530683624648,0.08436634914903715,11.614035087719298,0.0,0.0,0.15,0.07894736842105263,0,0.12129633552415461,0.2631225476678745,0.16129275865611614,0.604696290451915,0.0,0.0,0.0,0.2,0.0,0.2,0.3,0.08,0.008771929824561403,0.05,0.25
298,0.9784594390139947,0.5006196735888659,0.9760140811843634,0.5005441667424703,0.23903325573756998,0.5,0.7076023391812866,0.27488773034450814,0.30101200713126414,0.0,0.6914285714285714,0.2745579260927088,0.3030885207583837,0.0,0.008771929824561403,0.008571428571428572,0.022857142857142857,2.5314285714285716,0.0029239766081871343,0.0,0.03346530683624648,0.08436634914903715,11.614035087719298,0.0,0.0,0.15,0.07894736842105263,0,0.12197556813224815,0.2879258373958722,0.16663833205442236,0.6076587829674253,0.0,0.0,0.0,0.2,0.0,0.2,0.3,0.08,0.008771929824561403,0.05,0.25
299,0.9783621275009485,0.501104650482734,0.9759189939344721,0.500832173758539,0.23903325573756998,0.5,0.716374269005848,0.27488773034450814,0.30101200713126414,0.0,0.7,0.2745579260927088,0.3030885207583837,0.0,0.0,0.0,0.022857142857142857,2.5628571428571427,0.0029239766081871343,0.0,0.03346530683624648,0.08436634914903715,11.614035087719298,0.0,0.0,0.15,0.07894736842105263,0,0.1213656902915869,0.2864862082088928,0.1633055654133339,0.5955056073080768,0.0,0.0,0.0,0.2,0.0,0.2,0.3,0.08,0.0,0.05,0.25
300,0.9793645134189781,0.5010384630592165,0.9768984681743755,0.5007414274945067,0.23903325573756998,0.5,0.6871345029239766,0.27465381221585317,0.300836568534773,0.0,0.6714285714285714,0.27432935466413744,0.3029170921869551,0.0,0.005847953216374269,0.005714285714285714,0.022857142857142857,2.5485714285714285,0.0029239766081871343,0.0,0.03346530683624648,0.08436634914903715,11.614035087719298,0.0,0.0,0.15,0.07894736842105263,0,0.12161600469727184,0.28505377716784835,0.16575373981935299,0.6101144229972065,0.0,0.0,0.0,0.2,0.0,0.2,0.3,0.08,0.005847953216374269,0.05,0.25
301,0.9815726802027103,0.501354590358874,0.9790561625744795,0.500995487551544,0.23903325573756998,0.5,0.7017543859649122,0.2745368531515257,0.30074884923652734,0.0,0.6857142857142857,0.27421506894985176,0.3028313779012409,0.0,0.0029239766081871343,0.002857142857142857,0.022857142857142857,2.5714285714285716,0.0029239766081871343,0.0,0.03346530683624648,0.08436634914903715,11.614035087719298,0.0,0.0,0.15,0.07894736842105263,0,0.1214364961023569,0.2836285082820091,0.16529580788010872,0.626953926640731,0.0,0.0,0.0,0.2,0.0,0.2,0.3,0.08,0.0029239766081871343,0.05,0.25
302,0.9800240172635775,0.5005738304115134,0.9775428976453844,0.5001675288862413,0.23903325573756998,0.5,0.7192982456140351,0.2745368531515257,0.30074884923652734,0.0,0.7028571428571428,0.27421506894985176,0.3028313779012409,0.0,0.0,0.0,0.022857142857142857,2.611428571428571,0.0029239766081871343,0.0,0.03346530683624648,0.08436634914903715,11.614035087719298,0.0,0.0,0.15,0.07894736842105263,0,0.12082931362184512,0.282210365740599,0.16198989172250658,0.6144148481079164,0.0,0.0,0.0,0.2,0.0,0.2,0.3,0.08,0.0,0.05,0.25
303,0.9798548590600062,0.499960609634744,0.9773776059150373,0.4995356608123713,0.23903325573756998,0.5,0.6929824561403509,0.27441989408719825,0.30066112993828176,0.0,0.6771428571428572,0.27410078323556597,0.30274566361552663,0.0,0.0029239766081871343,0.002857142857142857,0.022857142857142857,2.637142857142857,0.0029239766081871343,0.0,0.03346530683624648,0.08436634914903715,11.614035087719298,0.0,0.0,0.15,0.07894736842105263,0,0.1206537384823073,0.284655316153377,0.1616072367451993,0.6157803365090782,0.0,0.0,0.0,0.2,0.0,0.2,0.3,0.08,0.0029239766081871343,0.05,0.25
304,0.9803472886034666,0.5006480044180622,0.9778587799260757,0.5002228396289484,0.23903325573756998,0.5,0.7076023391812866,0.27418597595854327,0.30048786487418805,0.0,0.6914285714285714,0.27387221180699456,0.30257635889575507,0.0,0.005847953216374269,0.005714285714285714,0.022857142857142857,2.7142857142857144,0.005847953216374269,0.0,0.03346530683624648,0.08436634914903715,11.614035087719298,0.0,0.0,0.15,0.07894736842105263,0,0.12090761264703864,0.2832320395726101,0.16408937772458101,0.6040134336164752,0.0,0.0,0.0,0.2,0.0,0.2,0.3,0.08,0.005847953216374269,0.05,0.25
305,0.9786383802396555,0.5019329623555546,0.9762352183900965,0.5011544907821709,0.23903325573756998,0.5,0.7294117647058823,0.2743558512327299,0.300688402561955,0.0,0.7085714285714285,0.27387221180699456,0.30257635889575507,0.0,0.0,0.0,0.02857142857142857,2.637142857142857,0.0029411764705882353,0.005714285714285714,0.03345979845249198,0.08436634914903715,11.58235294117647,0.0,0.0,0.15,0.07941176470588235,0,0.12030307458380345,0.2818158793747471,0.1608075901700894,0.5919331649441457,0.0,0.0,0.0,0.2,0.0,0.2,0.3,0.08,0.0,0.05,0.25
306,0.9799953052763652,0.5027292831613708,0.977553374140043,0.5019228633339399,0.23903325573756998,0.5,0.7058823529411765,0.2742382041739063,0.3006001672678374,0.0,0.6857142857142857,0.2737579260927089,0.3024906446100408,0.0,0.0029411764705882353,0.002857142857142857,0.02857142857142857,2.74,0.0029411764705882353,0.0,0.03349364091525216,0.08436634914903715,11.58235294117647,0.0,0.0,0.15,0.07941176470588235,0,0.12013013063945585,0.2804067999778734,0.16044858122383046,0.5854930938405128,0.0,0.0,0.0,0.2,0.0,0.2,0.3,0.08,0.0029411764705882353,0.05,0.25
307,0.979307764044182,0.5031588573933005,0.976885476943065,0.5023774513596363,0.23903325573756998,0.5,0.7647058823529411,0.2741205571150828,0.3005119319737197,0.0,0.7428571428571429,0.27364364037842315,0.3024049303243265,0.0,0.0029411764705882353,0.002857142857142857,0.02857142857142857,2.762857142857143,0.0029411764705882353,0.0,0.03349364091525216,0.08436634914903715,11.58235294117647,0.0,0.0,0.15,0.07941176470588235,0,0.11995805141483,0.2852263516799431,0.1600967524564967,0.5737832319637025,0.0,0.0,0.0,0.2,0.0,0.2,0.3,0.08,0.0029411764705882353,0.05,0.25
308,0.9795899125735552,0.5033868561719761,0.9771595640858849,0.5025525637412418,0.23903325573756998,0.5,0.6735294117647059,0.27388526299743576,0.30033546138548445,0.0,0.6542857142857142,0.27341506894985174,0.3022335017528979,0.0,0.0058823529411764705,0.005714285714285714,0.02857142857142857,2.7885714285714287,0.0029411764705882353,0.0,0.03349364091525216,0.08436634914903715,11.58235294117647,0.0,0.0,0.15,0.07941176470588235,0,0.1202154040148987,0.2838002199215434,0.1626091031216525,0.5795675264796523,0.0,0.0,0.0,0.2,0.0,0.2,0.3,0.08,0.0058823529411764705,0.05,0.25
309,0.9783663913971585,0.5035716270291024,0.9759710006573853,0.5027728554251019,0.23903325573756998,0.5,0.6882352941176471,0.27376761593861226,0.3002472260913668,0.0,0.6685714285714286,0.273300783235566,0.3021477874671837,0.0,0.0029411764705882353,0.002857142857142857,0.02857142857142857,2.8285714285714287,0.0,0.0,0.03349364091525216,0.08436634914903715,11.58235294117647,0.0,0.0,0.15,0.07941176470588235,0,0.12004289842339563,0.2823812188219357,0.16221406391636228,0.5680453098753445,0.0,0.0,0.0,0.2,0.0,0.2,0.3,0.08,0.0029411764705882353,0.05,0.25
310,0.9791010821990931,0.5035376134917444,0.9766847002935501,0.5026215012933929,0.23903325573756998,0.5,0.6735294117647059,0.2736499688797887,0.3001589907972491,0.0,0.6542857142857142,0.27318649752128027,0.3020620731814694,0.0,0.0029411764705882353,0.002857142857142857,0.02857142857142857,2.8514285714285714,0.008823529411764706,0.0,0.03349364091525216,0.08436634914903715,11.58235294117647,0.0,0.0,0.15,0.07941176470588235,0,0.11987125535985009,0.280969312727826,0.1618269254951779,0.5573325103035548,0.0,0.0,0.0,0.2,0.0,0.2,0.3,0.08,0.0029411764705882353,0.05,0.25
311,0.9787610202033399,0.504255427323234,0.9763543543548184,0.5032441291905108,0.23903325573756998,0.5,0.65,0.2736499688797887,0.3001589907972491,0.0,0.6314285714285715,0.27318649752128027,0.3020620731814694,0.0,0.0,0.0,0.02857142857142857,2.8114285714285714,0.0029411764705882353,0.0,0.03349364091525216,0.08436634914903715,11.58235294117647,0.0,0.0,0.15,0.07941176470588235,0,0.11927189908305086,0.27956446616418684,0.15859038698527436,0.5461858600974837,0.0,0.0,0.0,0.2,0.0,0.2,0.3,0.08,0.0,0.05,0.25
312,0.9786680592091002,0.5039558118673336,0.9762640493889856,0.5030455584034845,0.23903325573756998,0.5,0.6911764705882353,0.2736499688797887,0.3001589907972491,0.0,0.6714285714285714,0.27318649752128027,0.3020620731814694,0.0,0.0,0.0,0.02857142857142857,2.8114285714285714,0.0029411764705882353,0.0,0.03349364091525216,0.08436634914903715,11.58235294117647,0.0,0.0,0.15,0.07941176470588235,0,0.11867553958763558,0.2781666438333659,0.15541857924556884,0.535262142895534,0.0,0.0,0.0,0.2,0.0,0.2,0.3,0.08,0.0,0.05,0.25
313,0.9775040070244732,0.5034400057953045,0.9751332558382052,0.5026260311505406,0.23903325573756998,0.5,0.6676470588235294,0.2736499688797887,0.3001589907972491,0.0,0.6485714285714286,0.27318649752128027,0.3020620731814694,0.0,0.0,0.0,0.02857142857142857,2.8085714285714287,0.0029411764705882353,0.0,0.03349364091525216,0.08436634914903715,11.58235294117647,0.0,0.0,0.15,0.07941176470588235,0,0.11808216188969742,0.2767758106141991,0.15231020766065748,0.5245569000376233,0.0,0.0,0.0,0.2,0.0,0.2,0.3,0.08,0.0,0.05,0.25
314,0.9794501584447373,0.5028860745316781,0.9770238029321758,0.5020091709013407,0.23903325573756998,0.5,0.6705882352941176,0.27353232182096515,0.30007075550313145,0.0,0.6514285714285715,0.2730722118069946,0.3019763588957551,0.0,0.0029411764705882353,0.002857142857142857,0.02857142857142857,2.742857142857143,0.0029411764705882353,0.0,0.03349364091525216,0.08436634914903715,11.58235294117647,0.0,0.0,0.15,0.07941176470588235,0,0.11792032250882034,0.2753919315611281,0.15212114636458718,0.5144568105446182,0.0,0.0,0.0,0.2,0.0,0.2,0.3,0.08,0.0029411764705882353,0.05,0.25
315,0.979138489178153,0.5041678511697324,0.97672103850178,0.5034582732737888,0.23903325573756998,0.5,0.6676470588235294,0.27329702770331815,0.2999629767000394,0.0,0.6485714285714286,0.2728436403784231,0.30187165948703704,0.0,0.0058823529411764705,0.005714285714285714,0.02857142857142857,2.72,0.0,0.0,0.03349364091525216,0.08436634914903715,11.58235294117647,0.0,0.0,0.15,0.07941176470588235,0,0.1181878637534191,0.27401497190332247,0.15479300915158117,0.5067195343876381,0.0,0.0,0.0,0.2,0.0,0.2,0.3,0.08,0.0058823529411764705,0.05,0.25
316,0.9783681812030687,0.503698287198499,0.9759727393259836,0.5030606361133185,0.23903325573756998,0.5,0.6794117647058824,0.27329702770331815,0.2999629767000394,0.0,0.66,0.2728436403784231,0.30187165948703704,0.0,0.0,0.0,0.02857142857142857,2.7114285714285713,0.0029411764705882353,0.0,0.03349364091525216,0.08436634914903715,11.58235294117647,0.0,0.0,0.15,0.07941176470588235,0,0.117596924434652,0.27264489704380585,0.15169714896854952,0.4965851436998852,0.0,0.0,0.0,0.2,0.0,0.2,0.3,0.08,0.0,0.05,0.25
317,0.9774224774779772,0.5037976205951252,0.9750540557073233,0.5032101289053227,0.23903325573756998,0.5,0.7205882352941176,0.2730617335856711,0.2997865061118041,0.0,0.7,0.2726150689498517,0.30170023091560844,0.0,0.0058823529411764705,0.005714285714285714,0.02857142857142857,2.7085714285714286,0.0029411764705882353,0.0,0.03349364091525216,0.08436634914903715,11.58235294117647,0.0,0.0,0.15,0.07941176470588235,0,0.1178660826696216,0.2712816725585868,0.15437749170346426,0.5070985205056842,0.0,0.0,0.0,0.2,0.0,0.2,0.3,0.08,0.0058823529411764705,0.05,0.25
318,0.9783197437806466,0.5030510972101576,0.9759256858299166,0.5023610289146431,0.23903325573756998,0.5,0.7088235294117647,0.2727087924092005,0.29952180022945113,0.0,0.6885714285714286,0.27227221180699457,0.3014430880584656,0.0,0.008823529411764706,0.008571428571428572,0.02857142857142857,2.682857142857143,0.0029411764705882353,0.0,0.03349364091525216,0.08436634914903715,11.58235294117647,0.0,0.0,0.15,0.07941176470588235,0,0.11856246654198778,0.2699252641957939,0.15986137044082352,0.5239620836242591,0.0,0.0,0.0,0.2,0.0,0.2,0.3,0.08,0.008823529411764706,0.05,0.25
319,0.9774923870403371,0.5016242696468274,0.9751219678536158,0.5010070210343981,0.23903325573756998,0.5,0.7205882352941176,0.272591145350377,0.29943356493533346,0.0,0.7,0.2721579260927089,0.3013573737727513,0.0,0.0029411764705882353,0.002857142857142857,0.02857142857142857,2.66,0.0029411764705882353,0.0,0.03349364091525216,0.08436634914903715,11.58235294117647,0.0,0.0,0.15,0.07941176470588235,0,0.11839822563784927,0.2685756378748149,0.1595212858891499,0.5159237308078378,0.0,0.0,0.0,0.2,0.0,0.2,0.3,0.08,0.0029411764705882353,0.05,0.25
320,0.975937423474188,0.5020307327837776,0.9736114318179281,0.5014307921677474,0.23903325573756998,0.5,0.6882352941176471,0.27247349829155343,0.29934532964121585,0.0,0.6685714285714286,0.2720436403784231,0.301271659487037,0.0,0.0029411764705882353,0.002857142857142857,0.02857142857142857,2.5885714285714285,0.008823529411764706,0.0,0.03349364091525216,0.08436634914903715,11.58235294117647,0.0,0.0,0.15,0.07941176470588235,0,0.11823480593823145,0.26723275968544086,0.15918800302850977,0.5212817511960759,0.0,0.0,0.0,0.2,0.0,0.2,0.3,0.08,0.0029411764705882353,0.05,0.25
321,0.9770008016551625,0.5024772362128563,0.9746444277651605,0.5018288453814583,0.23903325573756998,0.5,0.6823529411764706,0.27235585123272993,0.2992570943470982,0.0,0.6628571428571428,0.2719293546641374,0.30118594520132275,0.0,0.0029411764705882353,0.002857142857142857,0.02857142857142857,2.605714285714286,0.0029411764705882353,0.0,0.03349364091525216,0.08436634914903715,11.58235294117647,0.0,0.0,0.15,0.07941176470588235,0,0.11807220333711171,0.26589659588701364,0.1588613858250824,0.5136498471431405,0.0,0.0,0.0,0.2,0.0,0.2,0.3,0.08,0.0029411764705882353,0.05,0.25
322,0.976713060657995,0.5022647729349634,0.9742915332353979,0.501861817970322,0.23903325573756998,0.5,0.7138643067846607,0.2720529996225824,0.2991003962500563,0.0,0.6914285714285714,0.27181506894985175,0.30110023091560845,0.0,0.0029498525073746312,0.002857142857142857,0.03142857142857143,2.6142857142857143,0.0,0.002857142857142857,0.03355908643036657,0.08436634914903716,11.35103244837758,0.0,0.0,0.15,0.07964601769911504,0,0.11791041374899756,0.26456711290757856,0.1585413009657236,0.5084364344831703,0.0,0.0,0.0,0.2,0.0,0.2,0.3,0.08,0.0029411764705882353,0.05,0.25
323,0.9777347628990536,0.5017707423122523,0.9752811248345946,0.501298225471093,0.23903325573756998,0.5,0.6519174041297935,0.2717580143718449,0.2989234050996138,0.0,0.6314285714285715,0.2715293546641374,0.3009288023441799,0.0,0.008849557522123894,0.008571428571428572,0.03142857142857143,2.5714285714285716,0.0,0.0,0.033648203283126316,0.08436634914903716,11.35103244837758,0.0,0.0,0.15,0.07964601769911504,0,0.11860657596596687,0.2632442773430407,0.16394190351783774,0.5809611573882107,0.0,0.3333333333333333,0.0,0.2,0.0,0.2,0.3,0.08,0.008849557522123894,0.05,0.25
324,0.9767593683745973,0.5013011101453398,0.9743363855666212,0.500836582804936,0.23903325573756998,0.5,0.6430678466076696,0.2717580143718449,0.2989234050996138,0.0,0.6228571428571429,0.2715293546641374,0.3009288023441799,0.0,0.0,0.0,0.03142857142857143,2.5028571428571427,0.0,0.0,0.033648203283126316,0.08436634914903716,11.35103244837758,0.0,0.0,0.15,0.07964601769911504,0,0.11801354308613704,0.2619280559563255,0.16066306544748096,0.5693419342404465,0.0,0.0,0.0,0.2,0.0,0.2,0.3,0.08,0.0,0.05,0.25
325,0.9791545140615975,0.5010543319066408,0.9766562552463155,0.5004688175005683,0.23903325573756998,0.5,0.7020648967551623,0.2715220261712549,0.29874641394917134,0.0,0.68,0.271300783235566,0.30075737377275136,0.0,0.0058997050147492625,0.005714285714285714,0.03142857142857143,2.474285714285714,0.0,0.0,0.033648203283126316,0.08436634914903716,11.35103244837758,0.0,0.0,0.15,0.07964601769911504,0,0.11828061822784922,0.26061841567654387,0.16316408985281705,0.5758767903698929,0.0,0.0,0.0,0.2,0.0,0.2,0.3,0.08,0.0058997050147492625,0.05,0.25
326,0.9801043077722232,0.5009915611132725,0.9775761982974644,0.5003485497998913,0.23903325573756998,0.5,0.7315634218289085,0.2715220261712549,0.29874641394917134,0.0,0.7085714285714285,0.271300783235566,0.30075737377275136,0.0,0.0,0.0,0.03142857142857143,2.4257142857142857,0.0,0.0,0.033648203283126316,0.08436634914903716,11.35103244837758,0.0,0.0,0.15,0.07964601769911504,0,0.11768921513670998,0.2593153235981611,0.1599008080557607,0.564359254562495,0.0,0.0,0.0,0.2,0.0,0.2,0.3,0.08,0.0,0.05,0.25
327,0.9796863212158997,0.5003893474177957,0.9771713484614826,0.4997089340100816,0.23903325573756998,0.5,0.7522123893805309,0.27140403207096,0.2986579183739501,0.0,0.7285714285714285,0.2711864975212803,0.30067165948703706,0.0,0.0029498525073746312,0.002857142857142857,0.03142857142857143,2.4485714285714284,0.0,0.0,0.033648203283126316,0.08436634914903716,11.35103244837758,0.0,0.0,0.15,0.07964601769911504,0,0.11752934048959784,0.2580187469801703,0.15955993475178834,0.560935355218346,0.0,0.0,0.0,0.2,0.0,0.2,0.3,0.08,0.0029498525073746312,0.05,0.25
328,0.9804246241254049,0.5004673022253213,0.9778864475652606,0.4998489343973544,0.23903325573756998,0.5,0.7610619469026548,0.27140403207096,0.2986579183739501,0.0,0.7371428571428571,0.2711864975212803,0.30067165948703706,0.0,0.0,0.0,0.03142857142857143,2.434285714285714,0.0,0.0,0.033648203283126316,0.08436634914903716,11.35103244837758,0.0,0.0,0.15,0.07964601769911504,0,0.11694169378714987,0.2567286532452695,0.15636873605675256,0.5497166481139791,0.0,0.0,0.0,0.2,0.0,0.2,0.3,0.08,0.0,0.05,0.25
329,0.9797407700431758,0.500987616736515,0.9772240860399016,0.500310820150752,0.23903325573756998,0.5,0.7079646017699115,0.271286037970665,0.29857334406948693,0.0,0.6857142857142857,0.27107221180699453,0.3005897432321427,0.0,0.0029498525073746312,0.002857142857142857,0.03142857142857143,2.454285714285714,0.0029498525073746312,0.0,0.033648203283126316,0.08436634914903716,11.35103244837758,0.0,0.0,0.15,0.07964601769911504,0,0.11678555674678555,0.2554450099790431,0.15609850419276042,0.5586085083774555,0.0,0.0,0.0,0.2,0.0,0.2,0.3,0.08,0.0029498525073746312,0.05,0.25
330,0.9800309560283317,0.5011683367184748,0.9775051518940953,0.5005510070084553,0.23903325573756998,0.5,0.7404129793510325,0.271286037970665,0.29857334406948693,0.0,0.7171428571428572,0.27107221180699453,0.3005897432321427,0.0,0.0,0.0,0.03142857142857143,2.4885714285714284,0.0,0.0,0.033648203283126316,0.08436634914903716,11.35103244837758,0.0,0.0,0.15,0.07964601769911504,0,0.11620162896305163,0.2541677849291479,0.1529765341089052,0.5474363382099063,0.0,0.0,0.0,0.2,0.0,0.2,0.3,0.08,0.0,0.05,0.25
331,0.9806257657038533,0.5015621429244077,0.9780812675512435,0.5007772370970335,0.23903325573756998,0.5,0.7669616519174042,0.27110904682022247,0.29844060070665507,0.0,0.7428571428571429,0.27090078323556605,0.30046117180357124,0.0,0.0058997050147492625,0.005714285714285714,0.03142857142857143,2.414285714285714,0.0029498525073746312,0.0,0.033648203283126316,0.08436634914903716,11.35103244837758,0.0,0.0,0.15,0.07964601769911504,0,0.11647776367537924,0.2528969460045022,0.1556312891410128,0.5649428059137315,0.0,0.0,0.0,0.2,0.0,0.2,0.3,0.08,0.0058997050147492625,0.05,0.25
332,0.9797710095514479,0.5023653882324338,0.9772533751636279,0.5014884182590458,0.23903325573756998,0.5,0.7522123893805309,0.27110904682022247,0.29844060070665507,0.0,0.7285714285714285,0.27090078323556605,0.30046117180357124,0.0,0.0,0.0,0.03142857142857143,2.4371428571428573,0.0,0.0,0.033648203283126316,0.08436634914903716,11.35103244837758,0.0,0.0,0.15,0.07964601769911504,0,0.11589537485700231,0.2516324612744797,0.15251866335819253,0.5536439497954568,0.0,0.0,0.0,0.2,0.0,0.2,0.3,0.08,0.0,0.05,0.25
333,0.9801392240120418,0.5019681460263161,0.9776100171697458,0.5011463189196427,0.23903325573756998,0.5,0.7669616519174042,0.27110904682022247,0.29844060070665507,0.0,0.7428571428571429,0.27090078323556605,0.30046117180357124,0.0,0.0,0.0,0.03142857142857143,2.4685714285714284,0.0,0.0,0.033648203283126316,0.08436634914903716,11.35103244837758,0.0,0.0,0.15,0.07964601769911504,0,0.11531589798271731,0.25037429896810726,0.14946829009102866,0.5425710707995477,0.0,0.0,0.0,0.2,0.0,0.2,0.3,0.08,0.0,0.05,0.25
334,0.9827130147133658,0.5020651132885167,0.9801029173061713,0.5013226873164343,0.23903325573756998,0.5,0.7492625368731564,0.27087305861963257,0.29826360955621256,0.0,0.7257142857142858,0.2706722118069946,0.3002897432321427,0.0,0.0058997050147492625,0.005714285714285714,0.03142857142857143,2.474285714285714,0.0,0.0,0.033648203283126316,0.08436634914903716,11.35103244837758,0.0,0.0,0.15,0.07964601769911504,0,0.11559646134994657,0.24912242747326674,0.15219321000349378,0.5480603961219441,0.0,0.0,0.0,0.2,0.0,0.2,0.3,0.08,0.0058997050147492625,0.05,0.25
335,0.9821873491259299,0.5020978046352302,0.9795937726371976,0.5013011925577416,0.23903325573756998,0.5,0.7404129793510325,0.27087305861963257,0.29826360955621256,0.0,0.7171428571428572,0.2706722118069946,0.3002897432321427,0.0,0.0,0.0,0.03142857142857143,2.4857142857142858,0.0,0.0,0.033648203283126316,0.08436634914903716,11.35103244837758,0.0,0.0,0.15,0.07964601769911504,0,0.11501847904319686,0.2478768153359004,0.14914934580342393,0.5370991881995052,0.0,0.0,0.0,0.2,0.0,0.2,0.3,0.08,0.0,0.05,0.25
336,0.9802823023640793,0.5021734023480632,0.9777485987735768,0.5012756804812013,0.23903325573756998,0.5,0.7404129793510325,0.27040108221845255,0.29790962725532766,0.0,0.7171428571428572,0.2702150689498517,0.2999468860892856,0.0,0.011799410029498525,0.011428571428571429,0.03142857142857143,2.4857142857142858,0.0,0.0,0.033648203283126316,0.08436634914903716,11.35103244837758,0.0,0.0,0.15,0.07964601769911504,0,0.11615767236226658,0.2676619481211099,0.15759493031592686,0.5490840000794922,0.0,0.0,0.0,0.2,0.0,0.2,0.3,0.08,0.011799410029498525,0.05,0.25
337,0.9803529491199822,0.502122434297215,0.9778170252028654,0.501224078624811,0.23903325573756998,0.5,0.7079646017699115,0.2702830881181576,0.2978211316801064,0.0,0.6857142857142857,0.27010078323556597,0.2998611718035713,0.0,0.0029498525073746312,0.002857142857142857,0.03142857142857143,2.4857142857142858,0.0,0.0,0.033648203283126316,0.08436634914903716,11.35103244837758,0.0,0.0,0.15,0.07964601769911504,0,0.11600545542902665,0.26977069028909567,0.1573001745667512,0.5381023200779024,0.0,0.0,0.0,0.2,0.0,0.2,0.3,0.08,0.0029498525073746312,0.05,0.25
338,0.9809398549974694,0.5027383131552554,0.9783854854670602,0.5016674315762369,0.23903325573756998,0.5,0.7463126843657817,0.2702830881181576,0.2978211316801064,0.0,0.7228571428571429,0.27010078323556597,0.2998611718035713,0.0,0.0,0.0,0.03142857142857143,2.4371428571428573,0.0,0.0,0.033648203283126316,0.08436634914903716,11.35103244837758,0.0,0.0,0.15,0.07964601769911504,0,0.11542542815188155,0.26842183683765025,0.15415417107541615,0.5273402736763443,0.0,0.0,0.0,0.2,0.0,0.2,0.3,0.08,0.0,0.05,0.25
339,0.9811363332367546,0.5027978730030853,0.9785757886759677,0.5015276977769395,0.23903325573756998,0.5,0.8053097345132744,0.2702830881181576,0.2978211316801064,0.0,0.78,0.27010078323556597,0.2998611718035713,0.0,0.0,0.0,0.03142857142857143,2.4885714285714284,0.0,0.0,0.033648203283126316,0.08436634914903716,11.35103244837758,0.0,0.0,0.15,0.07964601769911504,0,0.11484830101112213,0.26707972765346194,0.15107108765390784,0.5167934682028175,0.0,0.0,0.0,0.2,0.0,0.2,0.3,0.08,0.0,0.05,0.25
340,0.9804024016415873,0.503936182587002,0.977864923502363,0.5026459758105106,0.23903325573756998,0.5,0.7079646017699115,0.27004709991756765,0.2976441405296639,0.0,0.6857142857142857,0.26987221180699456,0.2996897432321427,0.0,0.0058997050147492625,0.005714285714285714,0.03142857142857143,2.5085714285714285,0.0,0.0,0.033648203283126316,0.08436634914903716,11.35103244837758,0.0,0.0,0.15,0.07964601769911504,0,0.11513120236320935,0.267213294423991,0.15376395161511539,0.5242119763835182,0.0,0.0,0.0,0.2,0.0,0.2,0.3,0.08,0.0058997050147492625,0.05,0.25
341,0.9798318736350596,0.5038380061776498,0.9773123263760405,0.5026948575446698,0.23903325573756998,0.5,0.7286135693215339,0.27004709991756765,0.2976441405296639,0.0,0.7057142857142857,0.26987221180699456,0.2996897432321427,0.0,0.0,0.0,0.03142857142857143,2.5428571428571427,0.0,0.0,0.033648203283126316,0.08436634914903716,11.35103244837758,0.0,0.0,0.15,0.07964601769911504,0,0.11455554635139334,0.265877227951871,0.1506886725828131,0.5137277368558479,0.0,0.0,0.0,0.2,0.0,0.2,0.3,0.08,0.0,0.05,0.25
342,0.9799476588060445,0.5034003853261254,0.9774244725845087,0.5022084016195024,0.23903325573756998,0.5,0.7433628318584071,0.26998810286742014,0.2976441405296639,0.0,0.72,0.2698150689498517,0.2996897432321427,0.0,0.0029498525073746312,0.002857142857142857,0.03142857142857143,2.5428571428571427,0.0,0.0,0.033648203283126316,0.08436634914903716,11.35103244837758,0.0,0.0,0.15,0.07964601769911504,0,0.11441134004820779,0.2645478418121117,0.15053204198829967,0.5070065062025894,0.0,1.0,0.0,0.2,0.0,0.2,0.3,0.08,0.0029498525073746312,0.05,0.25
343,0.9805637333322399,0.5035330573233731,0.9780211847684521,0.502344225527028,0.23903325573756998,0.5,0.7197640117994101,0.2696542329524092,0.2974671493792215,0.0,0.6971428571428572,0.2694916920893125,0.29951831466071416,0.0,0.008849557522123894,0.008571428571428572,0.03142857142857143,2.6028571428571428,0.0029498525073746312,0.0,0.033648203283126316,0.08436634914903716,11.35103244837758,0.0,0.0,0.15,0.07964601769911504,0,0.11512499763368102,0.2635397019657123,0.15609282971996224,0.5194280115544895,0.0,0.3333333333333333,0.0,0.2,0.0,0.2,0.3,0.08,0.008849557522123894,0.05,0.25
344,0.9807084271326839,0.5033612406577798,0.9781613310494538,0.5021060031509741,0.23903325573756998,0.5,0.7050147492625368,0.2694182447518192,0.29729015822877897,0.0,0.6828571428571428,0.2692631206607411,0.29934688608928556,0.0,0.0058997050147492625,0.005714285714285714,0.03142857142857143,2.597142857142857,0.0,0.0,0.033648203283126316,0.08436634914903716,11.35103244837758,0.0,0.0,0.15,0.07964601769911504,0,0.11540651550265547,0.2622220034558837,0.15868525883984874,0.5470507269405916,0.0,0.0,0.0,0.2,0.0,0.2,0.3,0.08,0.0058997050147492625,0.05,0.25
345,0.9803724162135067,0.5028177118655476,0.9778358804734506,0.5014149774665225,0.23903325573756998,0.5,0.6578171091445427,0.2694182447518192,0.29729015822877897,0.0,0.6371428571428571,0.2692631206607411,0.29934688608928556,0.0,0.0,0.0,0.03142857142857143,2.557142857142857,0.0,0.0,0.033648203283126316,0.08436634914903716,11.35103244837758,0.0,0.0,0.15,0.07964601769911504,0,0.11482948292514221,0.26091089343860435,0.15551155366305172,0.5361097124017797,0.0,0.0,0.0,0.2,0.0,0.2,0.3,0.08,0.0,0.05,0.25
346,0.9806046379812262,0.5027963965755188,0.9780608038427561,0.50146464051944,0.23903325573756998,0.5,0.6814159292035398,0.26918225655122924,0.2971131670783365,0.0,0.66,0.26903454923216963,0.299175457517857,0.0,0.008849557522123894,0.008571428571428572,0.03142857142857143,2.5114285714285716,0.0,0.0,0.033648203283126316,0.08436634914903716,11.35103244837758,0.0,0.0,0.15,0.07964601769911504,0,0.11554104979623077,0.25960633897141133,0.16097275116121929,0.529509777803139,0.0,0.6666666666666666,0.0,0.2,0.0,0.2,0.3,0.08,0.008849557522123894,0.05,0.25
347,0.9793365126953508,0.5020670827979932,0.9768325339230082,0.5007350385003407,0.23903325573756998,0.5,0.7138643067846607,0.26918225655122924,0.2971131670783365,0.0,0.6914285714285714,0.26903454923216963,0.299175457517857,0.0,0.0,0.0,0.03142857142857143,2.5,0.0029498525073746312,0.0,0.033648203283126316,0.08436634914903716,11.35103244837758,0.0,0.0,0.15,0.07964601769911504,0,0.11496334454724963,0.25830830727655424,0.15775329613799488,0.5189195822470762,0.0,0.0,0.0,0.2,0.0,0.2,0.3,0.08,0.0,0.05,0.25
348,0.9785603303548686,0.5025946995245563,0.9760807458846551,0.5013406893026086,0.23903325573756998,0.5,0.7374631268436578,0.2689462683506393,0.296936175927894,0.0,0.7142857142857143,0.2688059778035983,0.2990040289464284,0.0,0.0058997050147492625,0.005714285714285714,0.03142857142857143,2.4685714285714284,0.0029498525073746312,0.0,0.033648203283126316,0.08436634914903716,11.35103244837758,0.0,0.0,0.15,0.07964601769911504,0,0.11524567068165624,0.25701676574017146,0.1603125159295207,0.5352417424854796,0.0,0.0,0.0,0.2,0.0,0.2,0.3,0.08,0.0058997050147492625,0.05,0.25
349,0.9791535131817348,0.503635484426554,0.9766552858226772,0.5023315000394047,0.23903325573756998,0.5,0.7492625368731564,0.2687692772001968,0.2968034325650621,0.0,0.7257142857142858,0.2686345492321697,0.298875457517857,0.0,0.0058997050147492625,0.005714285714285714,0.03142857142857143,2.4857142857142858,0.0058997050147492625,0.0,0.033648203283126316,0.08436634914903716,11.35103244837758,0.0,0.0,0.15,0.07964601769911504,0,0.1155265851853908,0.2557316819114706,0.16282055132521597,0.5307393947613259,0.0,0.5,0.0,0.2,0.0,0.2,0.3,0.08,0.0058997050147492625,0.05,0.25
350,0.979598641895035,0.503462799657,0.9770864247764166,0.5021019060928592,0.23903325573756998,0.5,0.7492625368731564,0.2687692772001968,0.2968034325650621,0.0,0.7257142857142858,0.2686345492321697,0.298875457517857,0.0,0.0,0.0,0.03142857142857143,2.4314285714285715,0.0029498525073746312,0.0,0.033648203283126316,0.08436634914903716,11.35103244837758,0.0,0.0,0.15,0.07964601769911504,0,0.11494895225946386,0.2544530235019133,0.15956414029871166,0.5201246068660994,0.0,0.0,0.0,0.2,0.0,0.2,0.3,0.08,0.0,0.05,0.25
351,0.979318101974278,0.502435253808364,0.9768147018245976,0.5013042363519625,0.23903325573756998,0.5,0.7197640117994101,0.26865128309990177,0.29671493698984086,0.0,0.6971428571428572,0.26852026351788394,0.2987897432321427,0.0,0.0029498525073746312,0.002857142857142857,0.03142857142857143,2.442857142857143,0.0029498525073746312,0.0,0.033648203283126316,0.08436634914903716,11.35103244837758,0.0,0.0,0.15,0.07964601769911504,0,0.11480277892673797,0.2531807583844037,0.1592300003498803,0.5125687723162243,0.0,0.0,0.0,0.2,0.0,0.2,0.3,0.08,0.0029498525073746312,0.05,0.25
352,0.9803531702932979,0.5019745813111879,0.9778172394250196,0.5009772308051815,0.23903325573756998,0.5,0.6814159292035398,0.2682973007990168,0.2964494502641772,0.0,0.66,0.2681774063750268,0.29853260037499985,0.0,0.008849557522123894,0.008571428571428572,0.03142857142857143,2.5228571428571427,0.0029498525073746312,0.0,0.033648203283126316,0.08436634914903716,11.35103244837758,0.0,0.0,0.15,0.07964601769911504,0,0.11551447931781855,0.25546952421830066,0.16461682891431126,0.5241608406992668,0.0,0.0,0.0,0.2,0.0,0.2,0.3,0.08,0.008849557522123894,0.05,0.25
353,0.9817410392252423,0.5025683433995953,0.9791614896191029,0.5014798171706829,0.23903325573756998,0.5,0.6991150442477876,0.2682973007990168,0.2964494502641772,0.0,0.6771428571428572,0.2681774063750268,0.29853260037499985,0.0,0.0,0.0,0.03142857142857143,2.4885714285714284,0.0029498525073746312,0.0,0.033648203283126316,0.08436634914903716,11.35103244837758,0.0,0.0,0.15,0.07964601769911504,0,0.11493690692122947,0.25419217659720916,0.16132449233602505,0.5136776238852816,0.0,0.0,0.0,0.2,0.0,0.2,0.3,0.08,0.0,0.05,0.25
354,0.9802704853838753,0.5020852690334217,0.977737153184179,0.5011901389354162,0.23903325573756998,0.5,0.7374631268436578,0.26817930669872186,0.29636095468895596,0.0,0.7142857142857143,0.26806312066074106,0.2984468860892856,0.0,0.0029498525073746312,0.002857142857142857,0.03142857142857143,2.494285714285714,0.0029498525073746312,0.0,0.033648203283126316,0.08436634914903716,11.35103244837758,0.0,0.0,0.15,0.07964601769911504,0,0.11479079381519475,0.2529212157142231,0.1609551453464474,0.5065645098021941,0.0,0.0,0.0,0.2,0.0,0.2,0.3,0.08,0.0029498525073746312,0.05,0.25
355,0.9798455758933989,0.5009426696915121,0.9773255979919746,0.5000138247403166,0.23903325573756998,0.5,0.7168141592920354,0.26806131259842686,0.2962724591137347,0.0,0.6942857142857143,0.2679488349464554,0.2983611718035713,0.0,0.0029498525073746312,0.002857142857142857,0.03142857142857143,2.4685714285714284,0.0029498525073746312,0.0,0.033648203283126316,0.08436634914903716,11.35103244837758,0.0,0.0,0.15,0.07964601769911504,0,0.1146454112746902,0.2559988530351167,0.16059318529666128,0.4964332196061503,0.0,0.0,0.0,0.2,0.0,0.2,0.3,0.08,0.0029498525073746312,0.05,0.25
356,0.9791344865535088,0.5007150109792439,0.9766368571741955,0.49988777322926403,0.23903325573756998,0.5,0.7463126843657817,0.26806131259842686,0.2962724591137347,0.0,0.7228571428571429,0.2679488349464554,0.2983611718035713,0.0,0.0,0.0,0.03142857142857143,2.4685714285714284,0.0029498525073746312,0.0,0.033648203283126316,0.08436634914903716,11.35103244837758,0.0,0.0,0.15,0.07964601769911504,0,0.11407218421831675,0.2547188587699411,0.15738132159072804,0.48650455521402725,0.0,0.0,0.0,0.2,0.0,0.2,0.3,0.08,0.0,0.05,0.25
357,0.9801123029647871,0.49978084253749777,0.9775839422125481,0.4989121724453346,0.23903325573756998,0.5,0.7197640117994101,0.26794331849813185,0.29618396353851345,0.0,0.6971428571428572,0.2678345492321697,0.298275457517857,0.0,0.0029498525073746312,0.002857142857142857,0.03142857142857143,2.46,0.0029498525073746312,0.0,0.033648203283126316,0.08436634914903716,11.35103244837758,0.0,0.0,0.15,0.07964601769911504,0,0.1139303947257966,0.26172670449594226,0.15709083801605636,0.4767744641097467,0.0,0.0,0.0,0.2,0.0,0.2,0.3,0.08,0.0029498525073746312,0.05,0.25
358,0.9792126082231658,0.4994560501246152,0.9767125235913776,0.4985026940575524,0.23903325573756998,0.5,0.6991150442477876,0.26794331849813185,0.29618396353851345,0.0,0.6771428571428572,0.2678345492321697,0.298275457517857,0.0,0.0,0.0,0.03142857142857143,2.36,0.0,0.0,0.033648203283126316,0.08436634914903716,11.35103244837758,0.0,0.0,0.15,0.07964601769911504,0,0.11336074275216762,0.26041807097346253,0.1539490212557352,0.4672389748275518,0.0,0.0,0.0,0.2,0.0,0.2,0.3,0.08,0.0,0.05,0.25
359,0.9798473446618579,0.4987751921262636,0.9773273111705678,0.4976776985453787,0.23903325573756998,0.5,0.7433628318584071,0.2677073302975419,0.296006972388071,0.0,0.72,0.26760597780359824,0.2981040289464284,0.0,0.0058997050147492625,0.005714285714285714,0.03142857142857143,2.357142857142857,0.0,0.0,0.033648203283126316,0.08436634914903716,11.35103244837758,0.0,0.0,0.15,0.07964601769911504,0,0.11365108189554962,0.25911598061859525,0.15658432654490623,0.48321312820571644,0.0,0.0,0.0,0.2,0.0,0.2,0.3,0.08,0.0058997050147492625,0.05,0.25
360,0.9801990860656359,0.49861465449740194,0.9776679978445127,0.4976864365405868,0.23903325573756998,0.5,0.7374631268436578,0.2677073302975419,0.296006972388071,0.0,0.7142857142857143,0.26760597780359824,0.2981040289464284,0.0,0.0,0.0,0.03142857142857143,2.3485714285714288,0.0,0.0,0.033648203283126316,0.08436634914903716,11.35103244837758,0.0,0.0,0.15,0.07964601769911504,0,0.11308282648607187,0.2578204007155022,0.1534526400140081,0.4735488656416021,0.0,0.0,0.0,0.2,0.0,0.2,0.3,0.08,0.0,0.05,0.25
361,0.9805068702033515,0.4976965828456274,0.9779661087664717,0.49683606568700434,0.23903325573756998,0.5,0.7345132743362832,0.26735334799665694,0.29574148566240727,0.0,0.7114285714285714,0.2672631206607411,0.29784688608928556,0.0,0.008849557522123894,0.008571428571428572,0.03142857142857143,2.3514285714285714,0.0,0.0,0.033648203283126316,0.08436634914903716,11.35103244837758,0.0,0.0,0.15,0.07964601769911504,0,0.1138031266393558,0.2727414923887241,0.1589550157851565,0.4868528727681713,0.0,0.0,0.0,0.2,0.0,0.2,0.3,0.08,0.008849557522123894,0.05,0.25
362,0.9804621994122874,0.49738737607461553,0.9779228419145554,0.4964996488558362,0.23903325573756998,0.5,0.7256637168141593,0.26729435094650944,0.2956972378747966,0.0,0.7028571428571428,0.2672059778035982,0.29780402894642843,0.0,0.0029498525073746312,0.002857142857142857,0.03142857142857143,2.3485714285714288,0.0,0.0,0.033648203283126316,0.08436634914903716,11.35103244837758,0.0,0.0,0.15,0.07964601769911504,0,0.11366268243473045,0.2713777849267805,0.15863305832659624,0.47711581531280783,0.0,1.0,0.0,0.2,0.0,0.2,0.3,0.08,0.0029498525073746312,0.05,0.25
363,0.9800779915489428,0.49723377453021095,0.977383815170131,0.4963025256534065,0.23903325573756998,0.5,0.7514792899408284,0.2670506927710972,0.2957306945777669,0.0,0.7257142857142858,0.2672059778035982,0.29780402894642843,0.0,0.0,0.0,0.03428571428571429,2.38,0.0029585798816568047,0.002857142857142857,0.033653807245446095,0.08436634914903716,11.34319526627219,0.0,0.0,0.15,0.07988165680473373,0,0.11309436902255682,0.27002089600214657,0.15546039716006432,0.46757349900655165,0.0,0.0,0.0,0.2,0.0,0.2,0.3,0.08,0.0,0.05,0.25
364,0.9792089734966165,0.49708380894086246,0.9765445920224558,0.49614280659755894,0.23903325573756998,0.5,0.7840236686390533,0.2669323495758309,0.2956419371813172,0.0,0.7571428571428571,0.2670916920893125,0.2977183146607142,0.0,0.0029585798816568047,0.002857142857142857,0.03428571428571429,2.362857142857143,0.0029585798816568047,0.0,0.033653853685712484,0.08436634914903716,11.34319526627219,0.0,0.0,0.15,0.07988165680473373,0,0.11295746860601542,0.2686707915221358,0.1552083320740059,0.4761862770902536,0.0,0.0,0.0,0.2,0.0,0.2,0.3,0.08,0.0029585798816568047,0.05,0.25
365,0.9792400950151059,0.496749243388836,0.9765746465174542,0.4957745217897985,0.23903325573756998,0.5,0.8165680473372781,0.26675483478293155,0.2955088010866426,0.0,0.7885714285714286,0.26692026351788395,0.2975897432321427,0.0,0.005917159763313609,0.005714285714285714,0.03428571428571429,2.3771428571428572,0.0029585798816568047,0.0,0.033653853685712484,0.08436634914903716,11.34319526627219,0.0,0.0,0.15,0.07988165680473373,0,0.11324982412012821,0.26732743756452515,0.15781845114681148,0.4906578227181868,0.0,0.5,0.0,0.2,0.0,0.2,0.3,0.08,0.005917159763313609,0.05,0.25
366,0.9775120855698757,0.496553576364607,0.974905883110346,0.4954864073332098,0.23903325573756998,0.5,0.7869822485207101,0.2666364915876652,0.2954200436901929,0.0,0.76,0.2668059778035982,0.29750402894642847,0.0,0.0029585798816568047,0.002857142857142857,0.03428571428571429,2.3771428571428572,0.008875739644970414,0.0,0.033653853685712484,0.08436634914903716,11.34319526627219,0.0,0.0,0.15,0.07988165680473373,0,0.11311214642809901,0.26599080037670253,0.15751922498101809,0.48797705971920297,0.0,0.0,0.0,0.2,0.0,0.2,0.3,0.08,0.0029585798816568047,0.05,0.25
367,0.9784350074630837,0.4974333296418713,0.9757971619672156,0.4963214788720547,0.23903325573756998,0.5,0.7751479289940828,0.2663998051971327,0.2953312862937432,0.0,0.7485714285714286,0.2665774063750268,0.29741831466071417,0.0,0.005917159763313609,0.005714285714285714,0.03428571428571429,2.38,0.008875739644970414,0.0,0.033653853685712484,0.08436634914903716,11.34319526627219,0.0,0.0,0.15,0.07988165680473373,0,0.11340372855310137,0.264660846374819,0.16008312619568343,0.48501703831600645,0.0,0.0,0.0,0.2,0.0,0.2,0.3,0.08,0.005917159763313609,0.05,0.25
368,0.9802538303654015,0.4967500513394979,0.9775536252271682,0.4956474167147079,0.23903325573756998,0.5,0.7869822485207101,0.2663998051971327,0.2953312862937432,0.0,0.76,0.2665774063750268,0.29741831466071417,0.0,0.0,0.0,0.03428571428571429,2.3857142857142857,0.008875739644970414,0.0,0.033653853685712484,0.08436634914903716,11.34319526627219,0.0,0.0,0.15,0.07988165680473373,0,0.11283670991033587,0.2633375421429449,0.15688146367176975,0.4753166975496863,0.0,0.0,0.0,0.2,0.0,0.2,0.3,0.08,0.0,0.05,0.25
369,0.9797652251260006,0.4971865422780442,0.9770817721674039,0.4961374499334015,0.23903325573756998,0.5,0.7307692307692307,0.2663998051971327,0.2953312862937432,0.0,0.7057142857142857,0.2665774063750268,0.29741831466071417,0.0,0.0,0.0,0.03428571428571429,2.4114285714285715,0.005917159763313609,0.0,0.033653853685712484,0.08436634914903716,11.34319526627219,0.0,0.0,0.15,0.07988165680473373,0,0.11227252636078418,0.2620208544322302,0.1537438343983344,0.4658103635986926,0.0,0.0,0.0,0.2,0.0,0.2,0.3,0.08,0.0,0.05,0.25
370,0.9782538122777946,0.4970297484119155,0.9756221791882792,0.4957642439293763,0.23903325573756998,0.5,0.7899408284023669,0.26634786581377656,0.2953312862937432,0.0,0.7628571428571429,0.2665272477705285,0.29741831466071417,0.0,0.0029585798816568047,0.002857142857142857,0.03428571428571429,2.4657142857142857,0.008875739644970414,0.0,0.033653853685712484,0.08436634914903716,11.34319526627219,0.0,0.0,0.15,0.07988165680473373,0,0.1121397351575517,0.26071075016006906,0.15352610056751054,0.4632185205983007,0.0,1.0,0.0,0.2,0.0,0.2,0.3,0.08,0.0029585798816568047,0.05,0.25
371,0.9788021937061402,0.49711418959415266,0.976151758967653,0.4955766707447188,0.23903325573756998,0.5,0.7514792899408284,0.26634786581377656,0.2953312862937432,0.0,0.7257142857142858,0.2665272477705285,0.29741831466071417,0.0,0.0,0.0,0.03428571428571429,2.5228571428571427,0.005917159763313609,0.0,0.033653853685712484,0.08436634914903716,11.34319526627219,0.0,0.0,0.15,0.07988165680473373,0,0.11157903648176394,0.2594071964092687,0.15045557855616032,0.45395415018633467,0.0,0.0,0.0,0.2,0.0,0.2,0.3,0.08,0.0,0.05,0.25
372,0.9802766488457185,0.4964611040166253,0.9775756613595883,0.49509366454607523,0.23903325573756998,0.5,0.7248520710059172,0.2662295226185102,0.2952425288972935,0.0,0.7,0.2664129620562428,0.29733260037499987,0.0,0.0029585798816568047,0.002857142857142857,0.03428571428571429,2.5542857142857143,0.005917159763313609,0.0,0.033653853685712484,0.08436634914903716,11.34319526627219,0.0,0.0,0.15,0.07988165680473373,0,0.11144971272792653,0.25811016042722235,0.15030360984218,0.46407788832877006,0.0,0.0,0.0,0.2,0.0,0.2,0.3,0.08,0.0029585798816568047,0.05,0.25
373,0.9786810689886994,0.4962612918175327,0.976034787097667,0.4948105258966897,0.23903325573756998,0.5,0.7869822485207101,0.2656973789084903,0.2948874993114947,0.0,0.76,0.26589906327342355,0.2969897432321427,0.0,0.011834319526627219,0.014285714285714285,0.03428571428571429,2.5828571428571427,0.005917159763313609,0.0,0.033653853685712484,0.08436634914903716,11.34319526627219,0.0,0.0,0.15,0.07988165680473373,0,0.11303532130714404,0.26816931815629697,0.16158325193105066,0.5582091855875431,0.0,0.2,0.0,0.2,0.0,0.2,0.3,0.08,0.011834319526627219,0.05,0.25
374,0.9778597251730139,0.4965546823126328,0.9752416036413768,0.49499823397381376,0.23903325573756998,0.5,0.6745562130177515,0.2656973789084903,0.2948874993114947,0.0,0.6514285714285715,0.26589906327342355,0.2969897432321427,0.0,0.0,0.0,0.03428571428571429,2.677142857142857,0.005917159763313609,0.0,0.033653853685712484,0.08436634914903716,11.34319526627219,0.0,0.0,0.15,0.07988165680473373,0,0.11247014470060833,0.2668284715655155,0.15835158689242962,0.5470450018757922,0.0,0.0,0.0,0.2,0.0,0.2,0.3,0.08,0.0,0.05,0.25
375,0.9767711231340406,0.4961207139296666,0.9741903251008823,0.49452273016975046,0.23903325573756998,0.5,0.6272189349112426,0.26557903571322405,0.294798741915045,0.0,0.6057142857142858,0.2657847775591379,0.2969040289464284,0.0,0.0029585798816568047,0.002857142857142857,0.03428571428571429,2.6685714285714286,0.005917159763313609,0.0,0.033653853685712484,0.08436634914903716,11.34319526627219,0.0,0.0,0.15,0.07988165680473373,0,0.11233636540567671,0.2708031710592701,0.1580416980117239,0.5361041018382763,0.0,0.0,0.0,0.2,0.0,0.2,0.3,0.08,0.0029585798816568047,0.05,0.25
376,0.9771157421497946,0.49682593990268414,0.974523128607525,0.49503376234622853,0.23903325573756998,0.5,0.7248520710059172,0.26557903571322405,0.294798741915045,0.0,0.7,0.2657847775591379,0.2969040289464284,0.0,0.0,0.0,0.03428571428571429,2.6514285714285712,0.005917159763313609,0.0,0.033653853685712484,0.08436634914903716,11.34319526627219,0.0,0.0,0.15,0.07988165680473373,0,0.11177468357864834,0.2694491552039738,0.15488086405148943,0.5253820198015108,0.0,0.0,0.0,0.2,0.0,0.2,0.3,0.08,0.0,0.05,0.25
377,0.9766714229043673,0.4962019270327884,0.9740940431647978,0.49439274819272505,0.23903325573756998,0.5,0.6982248520710059,0.2654606925179578,0.29470998451859537,0.0,0.6742857142857143,0.26567049184485214,0.2968183146607141,0.0,0.0029585798816568047,0.002857142857142857,0.03428571428571429,2.625714285714286,0.0029585798816568047,0.0,0.033653853685712484,0.08436634914903716,11.34319526627219,0.0,0.0,0.15,0.07988165680473373,0,0.1116443815893265,0.2681019094279539,0.1546403896276025,0.5304661287377866,0.0,0.0,0.0,0.2,0.0,0.2,0.3,0.08,0.0029585798816568047,0.05,0.25
378,0.9776172559585546,0.49707653153995124,0.9750074476571275,0.4953155514885694,0.23903325573756998,0.5,0.6893491124260355,0.2653423493226915,0.29462122712214567,0.0,0.6657142857142857,0.2655562061305664,0.2967326003749998,0.0,0.0029585798816568047,0.002857142857142857,0.03428571428571429,2.64,0.005917159763313609,0.0,0.033653853685712484,0.08436634914903716,11.34319526627219,0.0,0.0,0.15,0.07988165680473373,0,0.11151473110995129,0.26676139988081415,0.15440472469219332,0.5450655998942959,0.0,0.0,0.0,0.2,0.0,0.2,0.3,0.08,0.0029585798816568047,0.05,0.25
379,0.9777834653639212,0.4973931397204235,0.97516795845431,0.49567521068992776,0.23903325573756998,0.5,0.6834319526627219,0.26522400612742525,0.29453246972569597,0.0,0.66,0.26544192041628073,0.2966468860892856,0.0,0.0029585798816568047,0.002857142857142857,0.03428571428571429,2.611428571428571,0.005917159763313609,0.0,0.033653853685712484,0.08436634914903716,11.34319526627219,0.0,0.0,0.15,0.07988165680473373,0,0.11138572888297298,0.2654275928814101,0.15417377305549226,0.5727665351392418,0.0,0.0,0.0,0.2,0.0,0.2,0.3,0.08,0.0029585798816568047,0.05,0.25
380,0.9771211862868115,0.4981875039706143,0.9745283860884157,0.4963720045935,0.23903325573756998,0.5,0.650887573964497,0.265105662932159,0.29444371232924627,0.0,0.6285714285714286,0.265327634701995,0.2965611718035713,0.0,0.0029585798816568047,0.002857142857142857,0.03428571428571429,2.645714285714286,0.011834319526627219,0.0,0.033653853685712484,0.08436634914903716,11.34319526627219,0.0,0.0,0.15,0.07988165680473373,0,0.11125737166712954,0.26410045491700307,0.15394744045152528,0.5684950378215516,0.0,0.0,0.0,0.2,0.0,0.2,0.3,0.08,0.0029585798816568047,0.05,0.25
381,0.9767782296243278,0.49848742704487115,0.9741971879400741,0.49677966998684925,0.23903325573756998,0.5,0.6627218934911243,0.265105662932159,0.29444371232924627,0.0,0.64,0.265327634701995,0.2965611718035713,0.0,0.0,0.0,0.03428571428571429,2.625714285714286,0.008875739644970414,0.0,0.033653853685712484,0.08436634914903716,11.34319526627219,0.0,0.0,0.15,0.07988165680473373,0,0.1107010848087939,0.26277995264241805,0.15086849164249477,0.5571251370651206,0.0,0.0,0.0,0.2,0.0,0.2,0.3,0.08,0.0,0.05,0.25
382,0.9774949008973193,0.49820630768608526,0.974889287626563,0.4966283882319316,0.23903325573756998,0.5,0.7011834319526628,0.265105662932159,0.29444371232924627,0.0,0.6771428571428572,0.265327634701995,0.2965611718035713,0.0,0.0,0.0,0.03428571428571429,2.525714285714286,0.005917159763313609,0.0,0.033653853685712484,0.08436634914903716,11.34319526627219,0.0,0.0,0.15,0.07988165680473373,0,0.11014757938474992,0.261466052879206,0.14785112180964488,0.5459826343238182,0.0,0.0,0.0,0.2,0.0,0.2,0.3,0.08,0.0,0.05,0.25
383,0.9765365577406815,0.4982332402481283,0.9739638019495813,0.4965621702875077,0.23903325573756998,0.5,0.6982248520710059,0.2648689765416264,0.2942661975363468,0.0,0.6742857142857143,0.2650990632734236,0.29638974323214273,0.0,0.005917159763313609,0.005714285714285714,0.03428571428571429,2.545714285714286,0.005917159763313609,0.0,0.033653853685712484,0.08436634914903716,11.34319526627219,0.0,0.0,0.15,0.07988165680473373,0,0.11045398434496903,0.2610290357313632,0.1506083850877377,0.547313916243368,0.0,0.0,0.0,0.2,0.0,0.2,0.3,0.08,0.005917159763313609,0.05,0.25
384,0.9764264599992284,0.4986335966729176,0.9738574789878353,0.49686264135508573,0.23903325573756998,0.5,0.6568047337278107,0.2647506333463601,0.2941774401398971,0.0,0.6342857142857142,0.26498477755913785,0.29630402894642843,0.0,0.0029585798816568047,0.002857142857142857,0.03428571428571429,2.4714285714285715,0.0029585798816568047,0.0,0.033653853685712484,0.08436634914903716,11.34319526627219,0.0,0.0,0.15,0.07988165680473373,0,0.1103302858518156,0.25972389055270645,0.1504533602431258,0.5415547807022478,0.0,0.0,0.0,0.2,0.0,0.2,0.3,0.08,0.0029585798816568047,0.05,0.25
385,0.9770728736527585,0.49851437841597784,0.9744817298875301,0.4968434920985873,0.23903325573756998,0.5,0.6804733727810651,0.2647506333463601,0.2941774401398971,0.0,0.6571428571428571,0.26498477755913785,0.29630402894642843,0.0,0.0,0.0,0.03428571428571429,2.462857142857143,0.0,0.0,0.033653853685712484,0.08436634914903716,11.34319526627219,0.0,0.0,0.15,0.07988165680473373,0,0.10977863442255653,0.2584252710999429,0.14744429303826326,0.5307236850882028,0.0,0.0,0.0,0.2,0.0,0.2,0.3,0.08,0.0,0.05,0.25
386,0.9775154731818194,0.49724765399135773,0.9749091545755947,0.49574436375766806,0.23903325573756998,0.5,0.742603550295858,0.26463229015109385,0.2940886827434474,0.0,0.7171428571428572,0.2648704918448522,0.29621831466071413,0.0,0.0029585798816568047,0.002857142857142857,0.03428571428571429,2.422857142857143,0.0,0.0,0.033653853685712484,0.08436634914903716,11.34319526627219,0.0,0.0,0.15,0.07988165680473373,0,0.10965831267901519,0.25713314474444315,0.14735255003464087,0.5201092113864387,0.0,1.0,0.0,0.2,0.0,0.2,0.3,0.08,0.0029585798816568047,0.05,0.25
387,0.9782510684949285,0.49721997344521396,0.9756195294779686,0.4957529992731835,0.23903325573756998,0.5,0.7159763313609467,0.2645139469558276,0.2939999253469977,0.0,0.6914285714285714,0.26475620613056644,0.29613260037499983,0.0,0.0029585798816568047,0.002857142857142857,0.03428571428571429,2.3857142857142857,0.0,0.0,0.033653853685712484,0.08436634914903716,11.34319526627219,0.0,0.0,0.15,0.07988165680473373,0,0.10953859254419153,0.25584747902072097,0.1472626418910909,0.5301310143449348,0.0,0.0,0.0,0.2,0.0,0.2,0.3,0.08,0.0029585798816568047,0.05,0.25
388,0.9796269764606134,0.497041771690709,0.9769482634562585,0.49570805086697234,0.23903325573756998,0.5,0.742603550295858,0.2643956037605613,0.293911167950548,0.0,0.7171428571428572,0.2646419204162807,0.2960468860892856,0.0,0.0029585798816568047,0.002857142857142857,0.03428571428571429,2.342857142857143,0.0,0.0,0.033653853685712484,0.08436634914903716,11.34319526627219,0.0,0.0,0.15,0.07988165680473373,0,0.10941947101004201,0.25456824162561736,0.14717453191041197,0.5290842448035534,0.0,0.0,0.0,0.2,0.0,0.2,0.3,0.08,0.0029585798816568047,0.05,0.25
389,0.9773940431806853,0.4982362113730428,0.9747918878887851,0.4969089902180034,0.23903325573756998,0.5,0.7130177514792899,0.2643956037605613,0.293911167950548,0.0,0.6885714285714286,0.2646419204162807,0.2960468860892856,0.0,0.0,0.0,0.03428571428571429,2.388571428571429,0.0029585798816568047,0.0,0.033653853685712484,0.08436634914903716,11.34319526627219,0.0,0.0,0.15,0.07988165680473373,0,0.10887237365499179,0.2532954004174892,0.1442310412722037,0.5185025599074823,0.0,0.0,0.0,0.2,0.0,0.2,0.3,0.08,0.0,0.05,0.25
390,0.9776693304964447,0.4980743563574332,0.97505773678229,0.4967111620672025,0.23903325573756998,0.5,0.7633136094674556,0.2641589173700288,0.2937336531576486,0.0,0.7371428571428571,0.2644133489877093,0.295875457517857,0.0,0.005917159763313609,0.005714285714285714,0.03428571428571429,2.3457142857142856,0.0029585798816568047,0.0,0.033653853685712484,0.08436634914903716,11.34319526627219,0.0,0.0,0.15,0.07988165680473373,0,0.1091851546438597,0.2520289234154018,0.14706070616104533,0.5440173218763124,0.0,0.0,0.0,0.2,0.0,0.2,0.3,0.08,0.005917159763313609,0.05,0.25
391,0.9778044924891475,0.49794474702941216,0.9751882646495285,0.4966435219786994,0.23903325573756998,0.5,0.7366863905325444,0.2641589173700288,0.2937336531576486,0.0,0.7114285714285714,0.2644133489877093,0.295875457517857,0.0,0.0,0.0,0.03428571428571429,2.4,0.0029585798816568047,0.0,0.033653853685712484,0.08436634914903716,11.34319526627219,0.0,0.0,0.15,0.07988165680473373,0,0.1086392288706404,0.25076877879832477,0.14411949203782443,0.5331369754387861,0.0,0.0,0.0,0.2,0.0,0.2,0.3,0.08,0.0,0.05,0.25
392,0.9786475961938499,0.4984222667565696,0.9760024619414983,0.4972427474986679,0.23903325573756998,0.5,0.7337278106508875,0.2640242569904377,0.2936448957611989,0.0,0.7085714285714285,0.26428330553541846,0.2957897432321427,0.0,0.005917159763313609,0.005714285714285714,0.03428571428571429,2.382857142857143,0.0029585798816568047,0.0,0.033653853685712484,0.08436634914903716,11.34319526627219,0.0,0.0,0.15,0.07988165680473373,0,0.10895317558343005,0.24951493490433316,0.14695138791135365,0.5475345077886266,0.0,0.5,0.0,0.2,0.0,0.2,0.3,0.08,0.005917159763313609,0.05,0.25
393,0.9789918785375222,0.49850549578277115,0.976334940319102,0.49724998447063706,0.23903325573756998,0.5,0.7100591715976331,0.26378757059990515,0.29346738096829944,0.0,0.6857142857142857,0.26405473410684704,0.29561831466071414,0.0,0.005917159763313609,0.005714285714285714,0.03428571428571429,2.3771428571428572,0.0029585798816568047,0.0,0.033653853685712484,0.08436634914903716,11.34319526627219,0.0,0.0,0.15,0.07988165680473373,0,0.10926555256265574,0.24997336326496708,0.1497266458674123,0.5427650338820705,0.0,0.0,0.0,0.2,0.0,0.2,0.3,0.08,0.005917159763313609,0.05,0.25
394,0.9796391761680145,0.4990385272226393,0.9769600448879773,0.4976225590478352,0.23903325573756998,0.5,0.7485207100591716,0.26378757059990515,0.29346738096829944,0.0,0.7228571428571429,0.26405473410684704,0.29561831466071414,0.0,0.0,0.0,0.03428571428571429,2.38,0.0,0.0,0.033653853685712484,0.08436634914903716,11.34319526627219,0.0,0.0,0.15,0.07988165680473373,0,0.10871922479984247,0.24872349644864222,0.14673211295006405,0.5319097332044291,0.0,0.0,0.0,0.2,0.0,0.2,0.3,0.08,0.0,0.05,0.25
395,0.9805495254000798,0.4991996469243881,0.977839182146372,0.497971849405048,0.23903325573756998,0.5,0.7633136094674556,0.2636692274046389,0.29337862357184974,0.0,0.7371428571428571,0.2639404483925613,0.29553260037499984,0.0,0.0029585798816568047,0.002857142857142857,0.03428571428571429,2.354285714285714,0.0,0.0,0.033653853685712484,0.08436634914903716,11.34319526627219,0.0,0.0,0.15,0.07988165680473373,0,0.10860420010441468,0.24813753801627048,0.14665461354820564,0.5349818823441599,0.0,0.0,0.0,0.2,0.0,0.2,0.3,0.08,0.0029585798816568047,0.05,0.25
396,0.9800531986097899,0.4992915372691613,0.9773598722746064,0.49795142485308636,0.23903325573756998,0.5,0.7781065088757396,0.26355088420937267,0.29328986617540004,0.0,0.7514285714285714,0.26382616267827563,0.29544688608928554,0.0,0.0029585798816568047,0.002857142857142857,0.03428571428571429,2.342857142857143,0.0,0.0,0.033653853685712484,0.08436634914903716,11.34319526627219,0.0,0.0,0.15,0.07988165680473373,0,0.10848975053246404,0.24689685032618913,0.14657866413438436,0.5307484308059672,0.0,0.0,0.0,0.2,0.0,0.2,0.3,0.08,0.0029585798816568047,0.05,0.25
397,0.978584904730519,0.4993798182994534,0.9759419198997672,0.4981216589739365,0.23903325573756998,0.5,0.742603550295858,0.26355088420937267,0.29328986617540004,0.0,0.7171428571428572,0.26382616267827563,0.29544688608928554,0.0,0.0,0.0,0.03428571428571429,2.374285714285714,0.0029585798816568047,0.0,0.033653853685712484,0.08436634914903716,11.34319526627219,0.0,0.0,0.15,0.07988165680473373,0,0.10794730177980173,0.24566236607455819,0.1436470908516967,0.5201334621898479,0.0,0.0,0.0,0.2,0.0,0.2,0.3,0.08,0.0,0.05,0.25
398,0.978351007557618,0.5002949898661263,0.9757160420585085,0.4992498236536643,0.23903325573756998,0.5,0.7218934911242604,0.2631958546235738,0.29302359398605093,0.0,0.6971428571428572,0.2634833055354185,0.2951897432321427,0.0,0.008875739644970414,0.008571428571428572,0.03428571428571429,2.3142857142857145,0.0,0.0,0.033653853685712484,0.08436634914903716,11.34319526627219,0.0,0.0,0.15,0.07988165680473373,0,0.108693279556617,0.24779473428844676,0.14934557760609132,0.535757658187111,0.0,0.0,0.0,0.2,0.0,0.2,0.3,0.08,0.008875739644970414,0.05,0.25
399,0.979982338760626,0.5000342690086461,0.9772914419059848,0.4991595275747319,0.23903325573756998,0.5,0.7603550295857988,0.26307751142830754,0.29293483658960123,0.0,0.7342857142857143,0.26336901982113275,0.2951040289464284,0.0,0.0029585798816568047,0.002857142857142857,0.03428571428571429,2.3685714285714288,0.0029585798816568047,0.0,0.033653853685712484,0.08436634914903716,11.34319526627219,0.0,0.0,0.15,0.07988165680473373,0,0.10857838458740535,0.25106316852678734,0.14921580891111239,0.5250425050233687,0.0,0.0,0.0,0.2,0.0,0.2,0.3,0.08,0.0029585798816568047,0.05,0.25
400,0.9792765569769288,0.4994887438249306,0.9766098583548718,0.4986910500097356,0.23903325573756998,0.5,0.742603550295858,0.26307751142830754,0.29293483658960123,0.0,0.7171428571428572,0.26336901982113275,0.2951040289464284,0.0,0.0,0.0,0.03428571428571429,2.3971428571428572,0.0029585798816568047,0.0,0.033653853685712484,0.08436634914903716,11.34319526627219,0.0,0.0,0.15,0.07988165680473373,0,0.10803549266446832,0.2498078526841534,0.1462314927328901,0.5145416549229013,0.0,0.0,0.0,0.2,0.0,0.2,0.3,0.08,0.0,0.05,0.25
401,0.9794292851157885,0.499579003476147,0.9767573501003991,0.4988238932588431,0.23903325573756998,0.5,0.7514792899408284,0.2629591682330412,0.29284607919315153,0.0,0.7257142857142858,0.2632547341068471,0.2950183146607141,0.0,0.0029585798816568047,0.002857142857142857,0.03428571428571429,2.4171428571428573,0.0029585798816568047,0.0,0.033653853685712484,0.08436634914903716,11.34319526627219,0.0,0.0,0.15,0.07988165680473373,0,0.1079238866297174,0.2485588134207326,0.14616400573537516,0.506311730495774,0.0,0.0,0.0,0.2,0.0,0.2,0.3,0.08,0.0029585798816568047,0.05,0.25
402,0.9792882805004854,0.49944539421918704,0.9766211799290492,0.49872660554378057,0.23903325573756998,0.5,0.7337278106508875,0.2626633102448756,0.2926502912916242,0.0,0.7085714285714285,0.2629690198211328,0.29482923948723916,0.0,0.005917159763313609,0.008571428571428572,0.03428571428571429,2.442857142857143,0.0029585798816568047,0.0,0.033653853685712484,0.08436634914903716,11.34319526627219,0.0,0.0,0.15,0.07988165680473373,0,0.10866998148228309,0.24731601935362893,0.15181215419209623,0.5082003781349902,0.0,0.6666666666666666,0.0,0.2,0.0,0.2,0.3,0.08,0.005917159763313609,0.05,0.25
403,0.9793898064837934,0.4992331284954603,0.9767192250215008,0.4984984588485818,0.23903325573756998,0.5,0.7307692307692307,0.2626633102448756,0.2926502912916242,0.0,0.7057142857142857,0.2629690198211328,0.29482923948723916,0.0,0.0,0.0,0.03428571428571429,2.4485714285714284,0.0029585798816568047,0.0,0.033653853685712484,0.08436634914903716,11.34319526627219,0.0,0.0,0.15,0.07988165680473373,0,0.10812663157487169,0.2460794392568608,0.14877591110825428,0.4980363705722904,0.0,0.0,0.0,0.2,0.0,0.2,0.3,0.08,0.0,0.05,0.25
404,0.9795079412230033,0.49869240478296256,0.976833309426795,0.4979621417855443,0.23903325573756998,0.5,0.757396449704142,0.26218993746381053,0.29229526170582537,0.0,0.7314285714285714,0.2625118769639899,0.29448638234438207,0.0,0.011834319526627219,0.011428571428571429,0.03428571428571429,2.42,0.005917159763313609,0.0,0.033653853685712484,0.08436634914903716,11.34319526627219,0.0,0.0,0.15,0.07988165680473373,0,0.10930028413128302,0.26177228146013237,0.15722896431466063,0.5452275308779098,0.0,0.0,0.0,0.2,0.0,0.2,0.3,0.08,0.011834319526627219,0.05,0.25
405,0.9792718996540539,0.49920266609069786,0.9766053607116385,0.4985326926339592,0.23903325573756998,0.5,0.7189349112426036,0.2617165646827454,0.29194023212002657,0.0,0.6942857142857143,0.26205473410684704,0.29414352520152487,0.0,0.014792899408284023,0.014285714285714285,0.03428571428571429,2.4571428571428573,0.0029585798816568047,0.0,0.033653853685712484,0.08436634914903716,11.34319526627219,0.0,0.0,0.15,0.07988165680473373,0,0.11089663985348376,0.2604634200528317,0.16837009931408167,0.5608703637090209,0.0,0.6,0.0,0.2,0.0,0.2,0.3,0.08,0.014792899408284023,0.05,0.25
406,0.9785630204785635,0.4995320604171017,0.9759207859650219,0.4988999019036929,0.23903325573756998,0.5,0.7071005917159763,0.26165739308511227,0.29189585342180174,0.0,0.6828571428571428,0.26199759124970423,0.29410066805866775,0.0,0.0029585798816568047,0.002857142857142857,0.03428571428571429,2.434285714285714,0.0029585798816568047,0.0,0.033653853685712484,0.08436634914903716,11.34319526627219,0.0,0.0,0.15,0.07988165680473373,0,0.11077072808278778,0.2591611029525675,0.1678598401849429,0.5524370180689396,0.0,0.0,0.0,0.2,0.0,0.2,0.3,0.08,0.0029585798816568047,0.05,0.25
407,0.9785637585850249,0.4993012847887374,0.975921498764976,0.4987086583982288,0.23903325573756998,0.5,0.772189349112426,0.26147987829221286,0.29176271732712716,0.0,0.7457142857142857,0.26182616267827563,0.2939720966300963,0.0,0.005917159763313609,0.005714285714285714,0.03428571428571429,2.4571428571428573,0.0029585798816568047,0.0,0.033653853685712484,0.08436634914903716,11.34319526627219,0.0,0.0,0.15,0.07988165680473373,0,0.11107401729951669,0.2578652974378047,0.17021692909552977,0.5413882777075608,0.0,1.0,0.0,0.2,0.0,0.2,0.3,0.08,0.005917159763313609,0.05,0.25
408,0.979286794452366,0.4984779986598094,0.9766197448311511,0.49787315956258316,0.23903325573756998,0.5,0.7662721893491125,0.26147987829221286,0.29176271732712716,0.0,0.74,0.26182616267827563,0.2939720966300963,0.0,0.0,0.0,0.03428571428571429,2.4885714285714284,0.0029585798816568047,0.0,0.033653853685712484,0.08436634914903716,11.34319526627219,0.0,0.0,0.15,0.07988165680473373,0,0.11051864721301911,0.25657597095061563,0.16681259051361919,0.5305605121534096,0.0,0.0,0.0,0.2,0.0,0.2,0.3,0.08,0.0,0.05,0.25
409,0.9790629429473383,0.498192815284672,0.9764035682348671,0.4975586774806355,0.23903325573756998,0.5,0.7159763313609467,0.26130236349931346,0.2916295812324526,0.0,0.6914285714285714,0.2616547341068471,0.2938435252015249,0.0,0.005917159763313609,0.005714285714285714,0.03428571428571429,2.5885714285714285,0.0029585798816568047,0.0,0.033653853685712484,0.08436634914903716,11.34319526627219,0.0,0.0,0.15,0.07988165680473373,0,0.11082319683409687,0.25529309109586257,0.1691906244176325,0.5199493019103414,0.0,1.0,0.0,0.2,0.0,0.2,0.3,0.08,0.005917159763313609,0.05,0.25
410,0.9789122371755175,0.4978907017503647,0.97625802951808,0.49742944831657393,0.23903325573756998,0.5,0.7248520710059172,0.26130236349931346,0.2916295812324526,0.0,0.7,0.2616547341068471,0.2938435252015249,0.0,0.0,0.0,0.03428571428571429,2.6285714285714286,0.0029585798816568047,0.0,0.033653853685712484,0.08436634914903716,11.34319526627219,0.0,0.0,0.15,0.07988165680473373,0,0.11026908084992637,0.25401662564038324,0.16580681192927982,0.5095503158721345,0.0,0.0,0.0,0.2,0.0,0.2,0.3,0.08,0.0,0.05,0.25
411,0.9797061239546722,0.49854869261750945,0.9770246973219494,0.49808459398839705,0.23903325573756998,0.5,0.6804733727810651,0.2608881623158815,0.2913524841310772,0.0,0.6571428571428571,0.2612547341068471,0.2935759285721966,0.0,0.011834319526627219,0.011428571428571429,0.03428571428571429,2.7057142857142855,0.0029585798816568047,0.0,0.033653853685712484,0.08436634914903716,11.34319526627219,0.0,0.0,0.15,0.07988165680473373,0,0.11143202115996247,0.25274654251218137,0.1739192471192657,0.5107278714127412,0.0,0.5,0.0,0.2,0.0,0.2,0.3,0.08,0.011834319526627219,0.05,0.25
412,0.9789559221203376,0.4979284280197899,0.9763002166933635,0.4973894584882111,0.23903325573756998,0.5,0.7011834319526628,0.2608881623158815,0.2913524841310772,0.0,0.6771428571428572,0.2612547341068471,0.2935759285721966,0.0,0.0,0.0,0.03428571428571429,2.6942857142857144,0.0029585798816568047,0.0,0.033653853685712484,0.08436634914903716,11.34319526627219,0.0,0.0,0.15,0.07988165680473373,0,0.11087486105416267,0.25148280979962045,0.17044086217688034,0.5005133139844864,0.0,0.0,0.0,0.2,0.0,0.2,0.3,0.08,0.0,0.05,0.25
413,0.9784323119268638,0.49776076736935665,0.9757945588493803,0.49732260266859873,0.23903325573756998,0.5,0.6863905325443787,0.2608881623158815,0.2913524841310772,0.0,0.6628571428571428,0.2612547341068471,0.2935759285721966,0.0,0.0,0.0,0.03428571428571429,2.6942857142857144,0.0029585798816568047,0.0,0.033653853685712484,0.08436634914903716,11.34319526627219,0.0,0.0,0.15,0.07988165680473373,0,0.11032048674889185,0.2502253957506223,0.16703204493334275,0.49050304770479664,0.0,0.0,0.0,0.2,0.0,0.2,0.3,0.08,0.0,0.05,0.25
414,0.9793888428712909,0.49900422969331565,0.9767182944471413,0.498597809549397,0.23903325573756998,0.5,0.7218934911242604,0.2608881623158815,0.2913524841310772,0.0,0.6971428571428572,0.2612547341068471,0.2935759285721966,0.0,0.0,0.0,0.03428571428571429,2.68,0.0029585798816568047,0.0,0.033653853685712484,0.08436634914903716,11.34319526627219,0.0,0.0,0.15,0.07988165680473373,0,0.10976888431514738,0.24897426877186918,0.16369140403467589,0.4806929867507007,0.0,0.0,0.0,0.2,0.0,0.2,0.3,0.08,0.0,0.05,0.25
415,0.9778958773095429,0.49915458698681026,0.9752765162760819,0.4986617075961,0.23903325573756998,0.5,0.7248520710059172,0.2608881623158815,0.2913524841310772,0.0,0.7,0.2612547341068471,0.2935759285721966,0.0,0.0,0.0,0.03428571428571429,2.637142857142857,0.0029585798816568047,0.0,0.033653853685712484,0.08436634914903716,11.34319526627219,0.0,0.0,0.15,0.07988165680473373,0,0.10922003989357165,0.24772939742800984,0.16041757595398234,0.47107912701568666,0.0,0.0,0.0,0.2,0.0,0.2,0.3,0.08,0.0,0.05,0.25
416,0.9784981077655567,0.49901809859585583,0.9758580988307465,0.4984413463199942,0.23903325573756998,0.5,0.7248520710059172,0.26082899071824833,0.29130810543285235,0.0,0.7,0.2611975912497042,0.2935330714293395,0.0,0.0029585798816568047,0.002857142857142857,0.03428571428571429,2.62,0.0,0.0,0.033653853685712484,0.08436634914903716,11.34319526627219,0.0,0.0,0.15,0.07988165680473373,0,0.10910251112267523,0.2464907504408698,0.1600663672920456,0.46165754447537294,0.0,1.0,0.0,0.2,0.0,0.2,0.3,0.08,0.0029585798816568047,0.05,0.25
417,0.9790463467035124,0.49854569331907195,0.9763875410051154,0.4979258535488985,0.23903325573756998,0.5,0.6834319526627219,0.26082899071824833,0.29130810543285235,0.0,0.66,0.2611975912497042,0.2935330714293395,0.0,0.0,0.0,0.03428571428571429,2.5228571428571427,0.0029585798816568047,0.0,0.033653853685712484,0.08436634914903716,11.34319526627219,0.0,0.0,0.15,0.07988165680473373,0,0.10855699856706183,0.24525829668866544,0.15686503994620465,0.45242439358586545,0.0,0.0,0.0,0.2,0.0,0.2,0.3,0.08,0.0,0.05,0.25
418,0.978834796092349,0.4985241632926175,0.9761832435577633,0.49795754512567947,0.23903325573756998,0.5,0.6923076923076923,0.26082899071824833,0.29130810543285235,0.0,0.6685714285714286,0.2611975912497042,0.2935330714293395,0.0,0.0,0.0,0.03428571428571429,2.545714285714286,0.0029585798816568047,0.0,0.033653853685712484,0.08436634914903716,11.34319526627219,0.0,0.0,0.15,0.07988165680473373,0,0.10801421357422653,0.2440320052052221,0.15372773914728055,0.44337590571414814,0.0,0.0,0.0,0.2,0.0,0.2,0.3,0.08,0.0,0.05,0.25
419,0.9787775931169002,0.4980854406478452,0.9761280018271866,0.497565759057197,0.23903325573756998,0.5,0.7544378698224852,0.26082899071824833,0.29130810543285235,0.0,0.7285714285714285,0.2611975912497042,0.2935330714293395,0.0,0.0,0.0,0.03428571428571429,2.537142857142857,0.0029585798816568047,0.0,0.033653853685712484,0.08436634914903716,11.34319526627219,0.0,0.0,0.15,0.07988165680473373,0,0.10747414250635537,0.242811845179196,0.15065318436433495,0.43450838759986515,0.0,0.0,0.0,0.2,0.0,0.2,0.3,0.08,0.0,0.05,0.25
420,0.9793101869795693,0.49741570872370455,0.9766423353288501,0.4969381017808941,0.23903325573756998,0.5,0.6863905325443787,0.26082899071824833,0.29130810543285235,0.0,0.6628571428571428,0.2611975912497042,0.2935330714293395,0.0,0.0,0.0,0.03428571428571429,2.4971428571428573,0.0029585798816568047,0.0,0.033653853685712484,0.08436634914903716,11.34319526627219,0.0,0.0,0.15,0.07988165680473373,0,0.1069367717938236,0.24159778595330003,0.14764012067704824,0.42581821984786783,0.0,0.0,0.0,0.2,0.0,0.2,0.3,0.08,0.0,0.05,0.25
421,0.9789406988914241,0.4977492109045653,0.9762855154037272,0.49722654877233036,0.23903325573756998,0.5,0.727810650887574,0.26082899071824833,0.29130810543285235,0.0,0.7028571428571428,0.2611975912497042,0.2935330714293395,0.0,0.0,0.0,0.03428571428571429,2.4371428571428573,0.0029585798816568047,0.0,0.033653853685712484,0.08436634914903716,11.34319526627219,0.0,0.0,0.15,0.07988165680473373,0,0.1064020879348545,0.24038979702353355,0.1446873182635073,0.4173018554509105,0.0,0.0,0.0,0.2,0.0,0.2,0.3,0.08,0.0,0.05,0.25
422,0.9780152582163256,0.49835057227641505,0.9753918041232035,0.49786204963028613,0.23903325573756998,0.5,0.7041420118343196,0.26076981912061525,0.2912637267346275,0.0,0.68,0.26114044839256134,0.2934902142864823,0.0,0.0029585798816568047,0.002857142857142857,0.03428571428571429,2.4514285714285715,0.0029585798816568047,0.0,0.033653853685712484,0.08436634914903716,11.34319526627219,0.0,0.0,0.15,0.07988165680473373,0,0.1062598770236935,0.23918784803841586,0.14465071475538,0.40895581834189226,0.0,1.0,0.0,0.2,0.0,0.2,0.3,0.08,0.0029585798816568047,0.05,0.25
423,0.9780575615617035,0.49819605142444773,0.9754326570681685,0.4978511492344035,0.23903325573756998,0.5,0.7189349112426036,0.26076981912061525,0.2912637267346275,0.0,0.6942857142857143,0.26114044839256134,0.2934902142864823,0.0,0.0,0.0,0.03428571428571429,2.4057142857142857,0.005917159763313609,0.0,0.033653853685712484,0.08436634914903716,11.34319526627219,0.0,0.0,0.15,0.07988165680473373,0,0.10572857763857502,0.2379919087982238,0.1417577004602724,0.40077670197505444,0.0,0.0,0.0,0.2,0.0,0.2,0.3,0.08,0.0,0.05,0.25
424,0.9777111069117114,0.4981472266068346,0.9750980808633187,0.4979379579557485,0.23903325573756998,0.5,0.7396449704142012,0.260651475925349,0.2911749693381778,0.0,0.7142857142857143,0.2610261626782756,0.29340450000076806,0.0,0.0029585798816568047,0.002857142857142857,0.03428571428571429,2.357142857142857,0.005917159763313609,0.0,0.033653853685712484,0.08436634914903716,11.34319526627219,0.0,0.0,0.15,0.07988165680473373,0,0.10562850617895359,0.23906265773690408,0.14177968930820978,0.40359225807143684,0.0,0.0,0.0,0.2,0.0,0.2,0.3,0.08,0.0029585798816568047,0.05,0.25
425,0.9766777225076712,0.49852723685006384,0.974100126781703,0.4981303045362027,0.23903325573756998,0.5,0.727810650887574,0.26053313273008266,0.2910862119417281,0.0,0.7028571428571428,0.26091187696398993,0.29331878571505376,0.0,0.0029585798816568047,0.002857142857142857,0.03428571428571429,2.3514285714285714,0.008875739644970414,0.0,0.033653853685712484,0.08436634914903716,11.34319526627219,0.0,0.0,0.15,0.07988165680473373,0,0.10552893507663023,0.2381009894353498,0.14180123837918845,0.401927016014965,0.0,0.0,0.0,0.2,0.0,0.2,0.3,0.08,0.0029585798816568047,0.05,0.25
426,0.9780059202118796,0.4984809186457647,0.9753827862789096,0.4980195799483563,0.23903325573756998,0.5,0.6982248520710059,0.26017810314428386,0.29081993975237896,0.0,0.6742857142857143,0.2605690198211328,0.2930616428579109,0.0,0.008875739644970414,0.008571428571428572,0.03428571428571429,2.38,0.0029585798816568047,0.0,0.033653853685712484,0.08436634914903716,11.34319526627219,0.0,0.0,0.15,0.07988165680473373,0,0.10628700468696138,0.24065168363627693,0.14753664218303325,0.4232296255369987,0.0,0.0,0.0,0.2,0.0,0.2,0.3,0.08,0.008875739644970414,0.05,0.25
427,0.9791398779733327,0.49934378447021416,0.9764778654885417,0.49883410540881157,0.23903325573756998,0.5,0.7366863905325444,0.2599414167537513,0.29073118235592926,0.0,0.7114285714285714,0.2603404483925613,0.2929759285721966,0.0,0.005917159763313609,0.005714285714285714,0.03428571428571429,2.262857142857143,0.0,0.0,0.033653853685712484,0.08436634914903716,11.34319526627219,0.0,0.0,0.15,0.07988165680473373,0,0.10661271252066944,0.24584480567354328,0.15030019505365833,0.4469556446110272,0.0,0.0,0.0,0.2,0.0,0.2,0.3,0.08,0.005917159763313609,0.05,0.25
428,0.9793310401611884,0.4986851311140879,0.9766624735442425,0.4981645608552211,0.23903325573756998,0.5,0.7692307692307693,0.2599414167537513,0.29073118235592926,0.0,0.7428571428571429,0.2603404483925613,0.2929759285721966,0.0,0.0,0.0,0.03428571428571429,2.2142857142857144,0.0,0.0,0.033653853685712484,0.08436634914903716,11.34319526627219,0.0,0.0,0.15,0.07988165680473373,0,0.10607964895806607,0.24461558164517555,0.14729419115258513,0.43801653171880667,0.0,0.0,0.0,0.2,0.0,0.2,0.3,0.08,0.0,0.05,0.25
429,0.9811346475881569,0.4983434341850721,0.9784042430022863,0.4978497034339672,0.23903325573756998,0.5,0.7781065088757396,0.2599414167537513,0.29073118235592926,0.0,0.7514285714285714,0.2603404483925613,0.2929759285721966,0.0,0.0,0.0,0.03428571428571429,2.242857142857143,0.0,0.0,0.033653853685712484,0.08436634914903716,11.34319526627219,0.0,0.0,0.15,0.07988165680473373,0,0.10554925071327574,0.24339250373694968,0.1443483073295334,0.4292562010844305,0.0,0.0,0.0,0.2,0.0,0.2,0.3,0.08,0.0,0.05,0.25
430,0.980937462212752,0.4974974218018312,0.9782138182683239,0.49723847654834286,0.23903325573756998,0.5,0.7810650887573964,0.2599414167537513,0.29073118235592926,0.0,0.7542857142857143,0.2603404483925613,0.2929759285721966,0.0,0.0,0.0,0.03428571428571429,2.1885714285714286,0.0,0.0,0.033653853685712484,0.08436634914903716,11.34319526627219,0.0,0.0,0.15,0.07988165680473373,0,0.10502150445970937,0.24217554121826493,0.14146134118294273,0.42067107706274187,0.0,0.0,0.0,0.2,0.0,0.2,0.3,0.08,0.0,0.05,0.25
431,0.9796060836289643,0.49698047822705926,0.9769280869502661,0.49676463687589484,0.23903325573756998,0.5,0.7781065088757396,0.2599414167537513,0.29073118235592926,0.0,0.7514285714285714,0.2603404483925613,0.2929759285721966,0.0,0.0,0.0,0.03428571428571429,2.2142857142857144,0.0029585798816568047,0.0,0.033653853685712484,0.08436634914903716,11.34319526627219,0.0,0.0,0.15,0.07988165680473373,0,0.10449639693741082,0.2409646635121736,0.1386321143592839,0.412257655521487,0.0,0.0,0.0,0.2,0.0,0.2,0.3,0.08,0.0,0.05,0.25
432,0.9796300726693213,0.49627557764362407,0.9769512535092392,0.4959224844656715,0.23903325573756998,0.5,0.7337278106508875,0.2595272155703194,0.2904205314683553,0.0,0.7085714285714285,0.25994044839256136,0.29267592857219665,0.0,0.011834319526627219,0.011428571428571429,0.03428571428571429,2.237142857142857,0.0,0.0,0.033653853685712484,0.08436634914903716,11.34319526627219,0.0,0.0,0.15,0.07988165680473373,0,0.10511042849291935,0.24298789730476977,0.14728804350066965,0.41254403060394973,0.0,0.5,0.0,0.2,0.0,0.2,0.3,0.08,0.011834319526627219,0.05,0.25
433,0.9792071963780397,0.4974316002822909,0.9765428758336587,0.49709155358153745,0.23903325573756998,0.5,0.757396449704142,0.2591721859845206,0.2901542592790062,0.0,0.7314285714285714,0.25959759124970416,0.2924187857150538,0.0,0.008875739644970414,0.008571428571428572,0.03428571428571429,2.282857142857143,0.0,0.0,0.033653853685712484,0.08436634914903716,11.34319526627219,0.0,0.0,0.15,0.07988165680473373,0,0.10587059063616903,0.25500233317035575,0.1529137112020848,0.41071197372514556,0.0,0.3333333333333333,0.0,0.2,0.0,0.2,0.3,0.08,0.008875739644970414,0.05,0.25
434,0.9797115415501162,0.49702566196582937,0.977029929171264,0.4965397203944067,0.23903325573756998,0.5,0.7337278106508875,0.2591130143868874,0.29010988058078135,0.0,0.7085714285714285,0.25954044839256135,0.29237592857219663,0.0,0.0029585798816568047,0.002857142857142857,0.03428571428571429,2.277142857142857,0.0,0.0,0.033653853685712484,0.08436634914903716,11.34319526627219,0.0,0.0,0.15,0.07988165680473373,0,0.10576980911155963,0.253727321504504,0.15271257983518596,0.40249773425064267,0.0,1.0,0.0,0.2,0.0,0.2,0.3,0.08,0.0029585798816568047,0.05,0.25
435,0.9791023809161292,0.4975944679768943,0.9764416540447278,0.4969993834983182,0.23903325573756998,0.5,0.7810650887573964,0.2589946711916212,0.29002112318433165,0.0,0.7542857142857143,0.2594261626782756,0.2922902142864824,0.0,0.0029585798816568047,0.002857142857142857,0.03428571428571429,2.354285714285714,0.0029585798816568047,0.0,0.033653853685712484,0.08436634914903716,11.34319526627219,0.0,0.0,0.15,0.07988165680473373,0,0.10566953149457327,0.2524586848969815,0.1525154710956251,0.40048587504405925,0.0,0.0,0.0,0.2,0.0,0.2,0.3,0.08,0.0029585798816568047,0.05,0.25
436,0.9801483042266168,0.49704512276359103,0.9774517171274275,0.49662443681111607,0.23903325573756998,0.5,0.7603550295857988,0.2589946711916212,0.29002112318433165,0.0,0.7342857142857143,0.2594261626782756,0.2922902142864824,0.0,0.0,0.0,0.03428571428571429,2.3685714285714288,0.0029585798816568047,0.0,0.033653853685712484,0.08436634914903716,11.34319526627219,0.0,0.0,0.15,0.07988165680473373,0,0.10514118383710039,0.25119639147249656,0.1494651616737126,0.39247615754317805,0.0,0.0,0.0,0.2,0.0,0.2,0.3,0.08,0.0,0.05,0.25
437,0.9793605121132735,0.49780041550412996,0.9766909350293987,0.4974522561612554,0.23903325573756998,0.5,0.7928994082840237,0.25860497426384055,0.2897104722967577,0.0,0.7657142857142857,0.259049826788019,0.29199021428648236,0.0,0.011834319526627219,0.011428571428571429,0.03428571428571429,2.3857142857142857,0.0029585798816568047,0.0,0.033653853685712484,0.08436634914903716,11.34319526627219,0.0,0.0,0.15,0.07988165680473373,0,0.1063297636322006,0.24994040951513408,0.1579044298688098,0.3886008762407528,0.0,0.5,0.0,0.2,0.0,0.2,0.3,0.08,0.011834319526627219,0.05,0.25
438,0.980986877379233,0.4979615626086753,0.9782615392005255,0.4976147578173579,0.23903325573756998,0.5,0.7544378698224852,0.25830911627567493,0.28948857880563345,0.0,0.7285714285714285,0.2587641125023047,0.29177592857219664,0.0,0.008875739644970414,0.008571428571428572,0.03428571428571429,2.414285714285714,0.0029585798816568047,0.0,0.033653853685712484,0.08436634914903716,11.34319526627219,0.0,0.0,0.15,0.07988165680473373,0,0.10708382909975388,0.25554273211419426,0.16331776984286217,0.40702407574231225,0.0,0.3333333333333333,0.0,0.2,0.0,0.2,0.3,0.08,0.008875739644970414,0.05,0.25
439,0.9794425278455317,0.4980435688187158,0.976770138793694,0.497542019761049,0.23903325573756998,0.5,0.7781065088757396,0.2582499446780418,0.2894442001074086,0.0,0.7514285714285714,0.2587069696451618,0.29173307142933946,0.0,0.0029585798816568047,0.002857142857142857,0.03428571428571429,2.5685714285714285,0.005917159763313609,0.0,0.033653853685712484,0.08436634914903716,11.34319526627219,0.0,0.0,0.15,0.07988165680473373,0,0.10697698138282655,0.25426501845362326,0.16290855730314777,0.398883594227466,0.0,1.0,0.0,0.2,0.0,0.2,0.3,0.08,0.0029585798816568047,0.05,0.25
440,0.9791115752182858,0.49888547984102194,0.976450533113668,0.49845513183621354,0.23903325573756998,0.5,0.7485207100591716,0.2582499446780418,0.2894442001074086,0.0,0.7228571428571429,0.2587069696451618,0.29173307142933946,0.0,0.0,0.0,0.03428571428571429,2.6342857142857143,0.0029585798816568047,0.0,0.033653853685712484,0.08436634914903716,11.34319526627219,0.0,0.0,0.15,0.07988165680473373,0,0.10644209647591242,0.25299369336135513,0.15965038615708482,0.39090592234291666,0.0,0.0,0.0,0.2,0.0,0.2,0.3,0.08,0.0,0.05,0.25
441,0.9788590845103019,0.4994652733568196,0.9762066992299578,0.4991066932219582,0.23903325573756998,0.5,0.6834319526627219,0.2582499446780418,0.2894442001074086,0.0,0.66,0.2587069696451618,0.29173307142933946,0.0,0.0,0.0,0.03428571428571429,2.66,0.0029585798816568047,0.0,0.033653853685712484,0.08436634914903716,11.34319526627219,0.0,0.0,0.15,0.07988165680473373,0,0.10590988599353283,0.25172872489454834,0.15645737843394306,0.3830878038960583,0.0,0.0,0.0,0.2,0.0,0.2,0.3,0.08,0.0,0.05,0.25
442,0.9795220129883109,0.5003063751189207,0.9768468987315777,0.4998126358773288,0.23903325573756998,0.5,0.6952662721893491,0.2581316014827755,0.28935544271095887,0.0,0.6714285714285714,0.25859268393087614,0.2916473571436252,0.0,0.0029585798816568047,0.002857142857142857,0.03428571428571429,2.722857142857143,0.0029585798816568047,0.0,0.033653853685712484,0.08436634914903716,11.34319526627219,0.0,0.0,0.15,0.07988165680473373,0,0.1058089079921366,0.2504700812700756,0.15618537372240712,0.40836757311068095,0.0,0.0,0.0,0.2,0.0,0.2,0.3,0.08,0.0029585798816568047,0.05,0.25
443,0.9781167512516533,0.5007768842488922,0.97548981739732,0.5004246928178981,0.23903325573756998,0.5,0.7248520710059172,0.25789491509224294,0.28917792791805946,0.0,0.7,0.2583641125023047,0.2914759285721966,0.0,0.005917159763313609,0.005714285714285714,0.03428571428571429,2.74,0.0029585798816568047,0.0,0.033653853685712484,0.08436634914903716,11.34319526627219,0.0,0.0,0.15,0.07988165680473373,0,0.10601498013895626,0.267105710889403,0.15877595196224467,0.40658587420496245,0.0,0.5,0.0,0.2,0.0,0.2,0.3,0.08,0.005917159763313609,0.05,0.25
444,0.9777777375520411,0.5013210425960563,0.9751624270245517,0.5009447289318479,0.23903325573756998,0.5,0.6804733727810651,0.25789491509224294,0.28917792791805946,0.0,0.6571428571428571,0.2583641125023047,0.2914759285721966,0.0,0.0,0.0,0.03428571428571429,2.682857142857143,0.0029585798816568047,0.0,0.033653853685712484,0.08436634914903716,11.34319526627219,0.0,0.0,0.15,0.07988165680473373,0,0.10548490523826148,0.26577018233495603,0.15560043292299977,0.3984541567208632,0.0,0.0,0.0,0.2,0.0,0.2,0.3,0.08,0.0,0.05,0.25
445,0.978107269723744,0.5021622772906219,0.9754806609503673,0.5017506452222406,0.23903325573756998,0.5,0.7041420118343196,0.2577120225143511,0.28900041312516006,0.0,0.68,0.2581874905270834,0.2913045000007681,0.0,0.008875739644970414,0.008571428571428572,0.03428571428571429,2.702857142857143,0.0029585798816568047,0.0,0.033653853685712484,0.08436634914903716,11.34319526627219,0.0,0.0,0.15,0.07988165680473373,0,0.10624319499778445,0.26876233779121245,0.16105985283596835,0.41945908389801456,0.0,1.0,0.0,0.2,0.0,0.2,0.3,0.08,0.008875739644970414,0.05,0.25
446,0.9787147593636522,0.5020931607981113,0.9760673223740503,0.5016762710002453,0.23903325573756998,0.5,0.727810650887574,0.2577120225143511,0.28900041312516006,0.0,0.7028571428571428,0.2581874905270834,0.2913045000007681,0.0,0.0,0.0,0.03428571428571429,2.7514285714285713,0.0,0.0,0.033653853685712484,0.08436634914903716,11.34319526627219,0.0,0.0,0.15,0.07988165680473373,0,0.10571197902279553,0.26741852610225636,0.15783865577924897,0.4110699022200543,0.0,0.0,0.0,0.2,0.0,0.2,0.3,0.08,0.0,0.05,0.25
447,0.9794064748172271,0.5020982322104087,0.976735321869217,0.5017648835959799,0.23903325573756998,0.5,0.7307692307692307,0.25759367931908483,0.28891165572871036,0.0,0.7057142857142857,0.25807320481279766,0.2912187857150538,0.0,0.0029585798816568047,0.002857142857142857,0.03428571428571429,2.7085714285714286,0.0,0.0,0.033653853685712484,0.08436634914903716,11.34319526627219,0.0,0.0,0.15,0.07988165680473373,0,0.10561199055625299,0.26608143347174507,0.1575390255208068,0.40284850417565315,0.0,0.0,0.0,0.2,0.0,0.2,0.3,0.08,0.0029585798816568047,0.05,0.25
448,0.9790542984445113,0.503504757030345,0.9763952201149944,0.5031521652397862,0.23903325573756998,0.5,0.6804733727810651,0.25759367931908483,0.28891165572871036,0.0,0.6571428571428571,0.25807320481279766,0.2912187857150538,0.0,0.0,0.0,0.03428571428571429,2.611428571428571,0.0,0.0,0.033653853685712484,0.08436634914903716,11.34319526627219,0.0,0.0,0.15,0.07988165680473373,0,0.1050839306034717,0.26475102630438635,0.1543882450103907,0.3947915340921401,0.0,0.0,0.0,0.2,0.0,0.2,0.3,0.08,0.0,0.05,0.25
449,0.9787589311714918,0.503762598443089,0.9761099797199067,0.5035047121273303,0.23903325573756998,0.5,0.6686390532544378,0.257450360523084,0.2887785196340358,0.0,0.6457142857142857,0.2579347998040883,0.29109021428648235,0.0,0.005917159763313609,0.005714285714285714,0.03428571428571429,2.585714285714286,0.0,0.0,0.033653853685712484,0.08436634914903716,11.34319526627219,0.0,0.0,0.15,0.07988165680473373,0,0.10541565380759721,0.2634272711728644,0.1570147658244686,0.4028778642734252,0.0,0.5,0.0,0.2,0.0,0.2,0.3,0.08,0.005917159763313609,0.05,0.25
