t,mean_x,mean_y,mean_x_all,mean_y_all,mean_L,y0,mean_epc,mean_r,mean_b,fund_prevalence,mean_epc_all,mean_r_all,mean_b_all,fund_prevalence_all,punish_rate,mean_punished,exit_rate,mean_exit_intent,exit_attempt_rate,exit_success_rate,p_opp_mean,stay_value,mean_degree_active,threat,A,budget,enforcer_frac,n_cadre_fallback,cap_mean,cap_p90,service_mean,service_p90,monopoly_on,enforcer_punish_share_step,alpha_punish_revalue,delta_outside_degrade,mu_membership_reward,current_delta,eta_delta_drift,punish_floor,punish_intensity_step,pi_reward,lam_punish
0,0.3564580703777704,0.48999219874818195,0.3564580703777704,0.48999219874818195,0.23380311223024616,0.5,0.0,0.3276908841355114,0.340961521975352,0.005714285714285714,0.0,0.3276908841355114,0.340961521975352,0.005714285714285714,0.0,0.0,0.0,0.0,0.0,0.0,0.5,0.0,11.794285714285714,0.0,0.0,0.0,0.0,0,0.0,0.0,0.0,0.0,0.0,0.0,0.0,0.3,0.0,0.3,0.3,0.08,0.0,0.5,0.25
1,0.36626519961743464,0.490087570392444,0.36626519961743464,0.490087570392444,0.23380311223024616,0.49977913893067233,0.6657142857142857,0.32837659842122563,0.34147580768963776,0.008571428571428572,0.6657142857142857,0.32837659842122563,0.34147580768963776,0.008571428571428572,0.02,0.022857142857142857,0.0,0.022857142857142857,0.0,0.0,0.03215966366243669,0.08436634914903715,11.794285714285714,0.0,0.0,0.15,0.08,28,0.0034285714285714284,0.0,0.022857142857142857,0.0,0.0,1.0,0.0,0.3,0.0,0.3,0.3,0.08,0.02,0.5,0.25
2,0.37533656287217876,0.48973411227015623,0.37533656287217876,0.48973411227015623,0.23380311223024616,0.500915500245209,0.8371428571428572,0.3296908841355114,0.342461521975352,0.008571428571428572,0.8371428571428572,0.3296908841355114,0.342461521975352,0.008571428571428572,0.037142857142857144,0.037142857142857144,0.0,0.025714285714285714,0.0,0.0,0.03215966366243669,0.08436634914903715,11.794285714285714,0.0,0.0,0.15,0.08,25,0.008982857142857143,0.0,0.05954285714285714,0.0,0.0,1.0,0.0,0.3,0.0,0.3,0.3,0.08,0.037142857142857144,0.5,0.25
3,0.3851677598778795,0.48971197766219154,0.3851677598778795,0.48971197766219154,0.23380311223024616,0.5021369079095888,0.8942857142857142,0.3312337412783685,0.3436186648324949,0.017142857142857144,0.8942857142857142,0.3312337412783685,0.3436186648324949,0.017142857142857144,0.04857142857142857,0.04857142857142857,0.0,0.037142857142857144,0.0,0.0,0.03215966366243669,0.08436634914903715,11.794285714285714,0.0,0.0,0.15,0.08,21,0.016223657142857142,0.0,0.10692342857142857,0.0,0.0,0.8235294117647058,0.0,0.3,0.0,0.3,0.3,0.08,0.04857142857142857,0.5,0.25
4,0.39429633446840845,0.48908792926536504,0.39429633446840845,0.48908792926536504,0.23380311223024616,0.5026365836442531,0.9257142857142857,0.3329480269926542,0.3449043791182092,0.017142857142857144,0.9257142857142857,0.3329480269926542,0.3449043791182092,0.017142857142857144,0.04857142857142857,0.04857142857142857,0.0,0.04285714285714286,0.0,0.0,0.03215966366243669,0.08436634914903715,11.794285714285714,0.0,0.0,0.15,0.08,19,0.023428253142857142,0.0,0.15335638857142855,0.0,0.0,1.0,0.0,0.3,0.0,0.3,0.3,0.08,0.04857142857142857,0.5,0.25
5,0.40504887836803033,0.4894112390828001,0.40504887836803033,0.4894112390828001,0.23380311223024616,0.5030250256474603,0.8914285714285715,0.3343788216215406,0.34600081647625824,0.017142857142857144,0.8914285714285715,0.3343788216215406,0.34600081647625824,0.017142857142857144,0.045714285714285714,0.04857142857142857,0.0,0.06857142857142857,0.0,0.0,0.03215966366243669,0.08436634914903715,11.794285714285714,0.0,0.0,0.15,0.08,15,0.030596826162857138,0.0,0.19886068937142853,0.0,0.0,0.9411764705882353,0.0,0.3,0.0,0.3,0.3,0.08,0.045714285714285714,0.5,0.25
6,0.41383996610876783,0.4894423106804441,0.41383996610876783,0.4894423106804441,0.23380311223024616,0.5031053951844026,0.9028571428571428,0.3361336298980168,0.3471602634209343,0.02,0.9028571428571428,0.3361336298980168,0.3471602634209343,0.02,0.06571428571428571,0.06571428571428571,0.0,0.06285714285714286,0.0,0.0,0.03215966366243669,0.08436634914903715,11.794285714285714,0.0,0.0,0.15,0.08,12,0.039234800832402675,0.0,0.2605977612982857,0.0,0.0,0.9130434782608695,0.0,0.3,0.0,0.3,0.3,0.08,0.06571428571428571,0.5,0.25
7,0.42371884742273325,0.490009320683402,0.42371884742273325,0.490009320683402,0.23380311223024616,0.5026144001051687,0.9171428571428571,0.33756220132658826,0.3482316919923628,0.02,0.9171428571428571,0.33756220132658826,0.3482316919923628,0.02,0.05714285714285714,0.05714285714285714,0.0,0.08,0.0,0.0,0.03215966366243669,0.08436634914903715,11.794285714285714,0.0,0.0,0.15,0.08,12,0.04550400940949736,0.0,0.31252866321517714,0.0,0.0,1.0,0.0,0.3,0.0,0.3,0.3,0.08,0.05714285714285714,0.5,0.25
8,0.4312081676608922,0.49034521116444174,0.4312081676608922,0.49034521116444174,0.23380311223024616,0.5020686691256339,0.9257142857142857,0.340032163308505,0.35007454913522,0.02,0.9257142857142857,0.340032163308505,0.35007454913522,0.02,0.08285714285714285,0.08857142857142856,0.0,0.09428571428571429,0.0,0.0,0.03135276602611095,0.08436634914903715,11.794285714285714,0.0,0.0,0.15,0.08,10,0.05647648936244987,0.0,0.3948495185223021,0.0,0.0,0.9032258064516129,0.0,0.3,0.0,0.37457142857142856,0.3,0.08,0.08285714285714285,0.5,0.25
9,0.44083027253652013,0.4899830889230775,0.44083027253652013,0.4899830889230775,0.23380311223024616,0.5014012808623415,0.9314285714285714,0.34140359187993363,0.3512959295409823,0.022857142857142857,0.9314285714285714,0.34140359187993363,0.3512959295409823,0.022857142857142857,0.054285714285714284,0.06571428571428571,0.0,0.09714285714285714,0.0,0.0,0.03135276602611095,0.08436634914903715,11.794285714285714,0.0,0.0,0.15,0.08,8,0.06230824977278048,0.0,0.4526668138661418,0.0,0.0,1.0,0.0,0.3,0.0,0.37457142857142856,0.3,0.08,0.054285714285714284,0.5,0.25
10,0.4484926834160962,0.4897436315898077,0.4484926834160962,0.4897436315898077,0.23380311223024616,0.5007648485373425,0.9171428571428571,0.34218370738771925,0.3518961038709337,0.022857142857142857,0.9171428571428571,0.34218370738771925,0.3518961038709337,0.022857142857142857,0.045714285714285714,0.04857142857142857,0.0,0.1457142857142857,0.0,0.0,0.03135276602611095,0.08436634914903715,11.794285714285714,0.0,0.0,0.15,0.08,6,0.06656113267607548,0.0,0.49218490616024757,0.0,0.0,0.8823529411764706,0.0,0.3,0.0,0.37457142857142856,0.3,0.08,0.045714285714285714,0.5,0.25
11,0.45818314639460334,0.48993557831698875,0.45818314639460334,0.48993557831698875,0.23380311223024616,0.49997101386425774,0.92,0.34275513595914786,0.35237770924137735,0.025714285714285714,0.92,0.34275513595914786,0.35237770924137735,0.025714285714285714,0.05142857142857143,0.054285714285714284,0.0,0.15142857142857144,0.0,0.0,0.03135276602611095,0.08436634914903715,11.794285714285714,0.0,0.0,0.15,0.08,6,0.069608166141864,0.0,0.5366269223227568,0.0,0.0,0.8947368421052632,0.0,0.3,0.0,0.37457142857142856,0.3,0.08,0.05142857142857143,0.5,0.25
12,0.46986999355461795,0.4903010326855694,0.46986999355461795,0.4903010326855694,0.23380311223024616,0.4986788665170251,0.8828571428571429,0.34304085024486214,0.352591994955663,0.025714285714285714,0.8828571428571429,0.34304085024486214,0.352591994955663,0.025714285714285714,0.025714285714285714,0.025714285714285714,0.0,0.17142857142857143,0.0,0.0,0.03135276602611095,0.08436634914903715,11.794285714285714,0.0,0.0,0.15,0.08,5,0.07065998245401184,0.0,0.5516086695905875,0.0,0.0,1.0,0.0,0.3,0.0,0.37457142857142856,0.3,0.08,0.025714285714285714,0.5,0.25
13,0.4808809629789686,0.490831724971709,0.4808809629789686,0.490831724971709,0.23380311223024616,0.49751416546785593,0.9114285714285715,0.34384085024486216,0.35319199495566306,0.025714285714285714,0.9114285714285715,0.34384085024486216,0.35319199495566306,0.025714285714285714,0.05142857142857143,0.05142857142857143,0.0,0.20285714285714285,0.0,0.0,0.03135276602611095,0.08436634914903715,11.794285714285714,0.0,0.0,0.15,0.08,4,0.07430639682745606,0.014266651956989819,0.5920050676273472,0.08170728068877324,0.0,0.9444444444444444,0.0,0.3,0.0,0.37457142857142856,0.3,0.08,0.05142857142857143,0.5,0.25
14,0.49034124175165267,0.4916698858156459,0.49034124175165267,0.4916698858156459,0.23380311223024616,0.49643515116825254,0.9171428571428571,0.34555513595914783,0.35447770924137734,0.03142857142857143,0.9171428571428571,0.34555513595914783,0.35447770924137734,0.03142857142857143,0.07142857142857142,0.08571428571428572,0.0,0.23142857142857143,0.0,0.0,0.03135276602611095,0.08436634914903715,11.794285714285714,0.0,0.0,0.15,0.08,4,0.08166972711681501,0.14490087495962437,0.6658792519890858,0.8698972180084482,0.0,0.8666666666666667,0.0,0.3,0.0,0.37457142857142856,0.3,0.08,0.07142857142857142,0.5,0.25
15,0.5014639522805521,0.49183827395413254,0.5014639522805521,0.49183827395413254,0.23380311223024616,0.4955041759397665,0.8971428571428571,0.3468479762823805,0.35554913781280584,0.03142857142857143,0.8971428571428571,0.3468479762823805,0.35554913781280584,0.03142857142857143,0.06857142857142857,0.07142857142857142,0.0,0.32,0.0,0.0,0.03135276602611095,0.08436634914903715,11.794285714285714,0.0,0.0,0.15,0.08,3,0.08616928886718972,0.14482809702142263,0.7239902383778756,0.8681255332467198,0.0,0.92,0.0,0.3,0.0,0.37457142857142856,0.3,0.08,0.06857142857142857,0.5,0.25
16,0.5128413423701265,0.49157880754527605,0.5128413423701265,0.49157880754527605,0.23380311223024616,0.4944261695842294,0.8942857142857142,0.34814398528161705,0.35667645378589435,0.03142857142857143,0.8942857142857142,0.34814398528161705,0.35667645378589435,0.03142857142857143,0.07142857142857142,0.07428571428571429,0.0,0.4142857142857143,0.0,0.0,0.03135276602611095,0.08436634914903715,11.794285714285714,0.0,0.0,0.15,0.08,3,0.09025230027999662,0.14643470479645315,0.7837961478960324,0.9076479171200007,0.0,0.9230769230769231,0.0,0.3,0.0,0.37457142857142856,0.3,0.08,0.07142857142857142,0.5,0.25
17,0.5205967909465186,0.49166778238012754,0.5205967909465186,0.49166778238012754,0.23380311223024616,0.4936827680691928,0.9085714285714286,0.3492433613091684,0.35753359664303724,0.03142857142857143,0.9085714285714286,0.3492433613091684,0.35753359664303724,0.03142857142857143,0.06,0.06,0.0,0.4142857142857143,0.0,0.0,0.03135276602611095,0.08436634914903715,11.794285714285714,0.0,0.0,0.15,0.08,2,0.09260075306431093,0.14570253127247088,0.8281202249381118,0.8894949587776007,0.0,1.0,0.0,0.3,0.0,0.37457142857142856,0.3,0.08,0.06,0.5,0.25
18,0.5292375913236763,0.49212536261432605,0.5292375913236763,0.49212536261432605,0.23380311223024616,0.4930739580050938,0.8914285714285715,0.3509185922465975,0.35918111579472173,0.03428571428571429,0.8914285714285715,0.3509185922465975,0.35918111579472173,0.03428571428571429,0.08857142857142856,0.1,0.0,0.4685714285714286,0.0,0.0,0.03076352078251498,0.08436634914903715,11.794285714285714,0.0,0.0,0.15,0.08,1,0.09970860715613221,0.14702242509375,0.9115578204393494,0.9223681599999999,0.0,0.9428571428571428,0.0,0.3,0.0,0.4319142857142857,0.3,0.08,0.08857142857142856,0.5,0.25
19,0.5379462156400299,0.4931038630533238,0.5379462156400299,0.4931038630533238,0.23380311223024616,0.4922623090024656,0.9,0.3521809551261659,0.3604239729375789,0.037142857142857144,0.9,0.3521809551261659,0.3604239729375789,0.037142857142857144,0.10857142857142857,0.11142857142857143,0.0,0.5857142857142857,0.008571428571428572,0.0,0.030192784145367954,0.08436634914903715,11.794285714285714,0.0,0.0,0.15,0.08,1,0.10579268122739124,0.14636082418082813,1.0047552354591338,0.9057655331200002,0.0,0.9230769230769231,0.0,0.3,0.0,0.49005428571428566,0.3,0.08,0.10857142857142857,0.5,0.25
20,0.5460737124011753,0.49285155578400996,0.5460737124011753,0.49285155578400996,0.23380311223024616,0.49267356143103364,0.8742857142857143,0.3528095265547373,0.3610410881429257,0.037142857142857144,0.8742857142857143,0.3528095265547373,0.3610410881429257,0.037142857142857144,0.07714285714285714,0.07714285714285714,0.0,0.6828571428571428,0.008571428571428572,0.0,0.030192784145367954,0.08436634914903715,11.794285714285714,0.0,0.0,0.15,0.08,1,0.10809214639268287,0.14628731296828124,1.0618029878928084,0.9039207967999998,0.0,0.9629629629629629,0.0,0.3,0.0,0.49005428571428566,0.3,0.08,0.07714285714285714,0.5,0.25
21,0.5546161781644301,0.49339670450536466,0.5546161781644301,0.49339670450536466,0.23380311223024616,0.492937485009907,0.8857142857142857,0.35395238369759446,0.36211251671435424,0.04285714285714286,0.8857142857142857,0.35395238369759446,0.36211251671435424,0.04285714285714286,0.06571428571428571,0.07142857142857142,0.0,0.7485714285714286,0.008571428571428572,0.0,0.030192784145367954,0.08436634914903715,11.794285714285714,0.0,0.0,0.15,0.08,0,0.11252282851786231,0.14562902005992398,1.1119954995635235,0.8876502224576002,0.0,0.96,0.0,0.3,0.0,0.49005428571428566,0.3,0.08,0.06571428571428571,0.5,0.25
22,0.5637833014390925,0.49383699859461166,0.5637833014390925,0.49383699859461166,0.23380311223024616,0.49276867143048225,0.8771428571428571,0.35594165195921357,0.3635268024286399,0.05142857142857143,0.8771428571428571,0.35594165195921357,0.3635268024286399,0.05142857142857143,0.1,0.10857142857142857,0.0,0.8942857142857142,0.011428571428571429,0.0,0.029880597031810802,0.08436634914903715,11.794285714285714,0.0,0.0,0.15,0.08,0,0.12081692866098728,0.14490087495962437,1.1983270181436816,0.8698972180084482,0.0,1.0,0.0,0.3,0.0,0.523038,0.3,0.08,0.1,0.5,0.25
23,0.572744807071031,0.49302112542097876,0.572744807071031,0.49302112542097876,0.23380311223024616,0.49331233145091624,0.8371428571428572,0.3574845091020707,0.3649410881429257,0.05142857142857143,0.8371428571428572,0.3574845091020707,0.3649410881429257,0.05142857142857143,0.12,0.12285714285714286,0.0,0.9914285714285714,0.014285714285714285,0.0,0.02950313225143206,0.08436634914903715,11.794285714285714,0.0,0.0,0.15,0.08,0,0.1267261451365328,0.14417637058482624,1.2972176206379509,0.8524992736482793,0.0,1.0,0.0,0.3,0.0,0.5641266,0.3,0.08,0.12,0.5,0.25
24,0.5809358527907086,0.49355383742567255,0.5809358527907086,0.49355383742567255,0.23380311223024616,0.49382248563899767,0.8514285714285714,0.35849924812685374,0.3660553738572114,0.05142857142857143,0.8514285714285714,0.35849924812685374,0.3660553738572114,0.05142857142857143,0.08857142857142856,0.09714285714285714,0.0,1.0742857142857143,0.017142857142857144,0.0,0.029498829859904287,0.08436634914903715,11.794285714285714,0.0,0.0,0.15,0.08,0,0.1288647255396672,0.14424914852302798,1.368416125368049,0.8542709584100077,0.0,0.9705882352941176,0.0,0.3,0.0,0.5646029057142857,0.3,0.08,0.08857142857142856,0.5,0.25
25,0.589611311383199,0.49309300056726413,0.589611311383199,0.49309300056726413,0.23380311223024616,0.49431331551153485,0.8171428571428572,0.3599278195554252,0.3675982310000685,0.05714285714285714,0.8171428571428572,0.3599278195554252,0.3675982310000685,0.05714285714285714,0.11142857142857143,0.12,0.0,1.2914285714285714,0.014285714285714285,0.0,0.029311632080688394,0.08436634914903715,11.794285714285714,0.0,0.0,0.15,0.08,0,0.13287095057526385,0.14482809702142263,1.4610478028606881,0.8681255332467198,0.0,0.9761904761904762,0.0,0.3,0.0,0.5855077482857143,0.3,0.08,0.11142857142857143,0.5,0.25
26,0.5980326909619005,0.4937967905195256,0.5980326909619005,0.4937967905195256,0.23380311223024616,0.4951421290059267,0.8085714285714286,0.36059378005948284,0.3683268024286399,0.05714285714285714,0.8085714285714286,0.36059378005948284,0.3683268024286399,0.05714285714285714,0.07714285714285714,0.08,0.0,1.457142857142857,0.017142857142857144,0.0,0.029311632080688394,0.08436634914903715,11.794285714285714,0.0,0.0,0.15,0.08,0,0.1346350243938161,0.14417637058482624,1.5118268468034743,0.8524992736482793,0.0,0.9642857142857143,0.0,0.3,0.0,0.5855077482857143,0.3,0.08,0.07714285714285714,0.5,0.25
27,0.6048987319013402,0.4926985490961567,0.6048987319013402,0.4926985490961567,0.23380311223024616,0.4960187577172064,0.7714285714285715,0.3620356204915422,0.36993118843292655,0.05714285714285714,0.7714285714285715,0.3620356204915422,0.36993118843292655,0.05714285714285714,0.13428571428571429,0.1457142857142857,0.0,1.6571428571428573,0.022857142857142857,0.0,0.029003510285384004,0.08436634914903715,11.794285714285714,0.0,0.0,0.15,0.08,0,0.13952942420207254,0.14410395653631553,1.6273045955816905,0.8507630225817854,0.0,0.9607843137254902,0.0,0.3,0.0,0.6207125666571428,0.3,0.08,0.13428571428571429,0.5,0.25
28,0.6122458954042148,0.4930639915849324,0.6122458954042148,0.4930639915849324,0.23380311223024616,0.4969254622338468,0.7485714285714286,0.3638641919201136,0.3717036349289564,0.05714285714285714,0.7485714285714286,0.3638641919201136,0.3717036349289564,0.05714285714285714,0.13142857142857142,0.14857142857142858,0.0,1.8457142857142856,0.03142857142857143,0.0,0.02881481883527225,0.08436634914903715,11.794285714285714,0.0,0.0,0.15,0.08,0,0.1444313492239193,0.14338343675363394,1.7433299322414852,0.8337477621301497,0.0,1.0,0.0,0.3,0.0,0.6427845109457142,0.3,0.08,0.13142857142857142,0.5,0.25
29,0.6221702457055516,0.4930628489554244,0.621460093989686,0.49290967783249584,0.23380311223024616,0.49788903480685204,0.7593123209169055,0.3650387646015213,0.37396144737033427,0.0659025787965616,0.7571428571428571,0.3654990200822695,0.3732036349289565,0.06571428571428571,0.11174785100286533,0.13428571428571429,0.002857142857142857,2.0514285714285716,0.03724928366762178,0.002857142857142857,0.02886306960392707,0.08436634914903715,11.656160458452723,0.0,0.0,0.15,0.08022922636103152,0,0.14973676675994257,0.14432229217951215,1.8427490478823698,0.856078800003608,0.0,0.9574468085106383,0.0,0.3,0.0,0.6402348719477142,0.3,0.08,0.11142857142857143,0.5,0.25
30,0.6305928429674859,0.49244950619468325,0.629858626688015,0.49229590019962527,0.23380311223024616,0.4986201674309003,0.7048710601719198,0.3655545239138422,0.3746061465107355,0.0659025787965616,0.7028571428571428,0.3660133057965552,0.37384649207181353,0.06571428571428571,0.11461318051575932,0.12285714285714286,0.002857142857142857,2.3057142857142856,0.04297994269340974,0.0,0.028899820285736868,0.08436634914903715,11.656160458452723,0.0,0.0,0.15,0.08022922636103152,0,0.15207294078328573,0.14562902005992398,1.928751209781865,0.8876502224576002,0.0,0.9767441860465116,0.0,0.3,0.0,0.6413162728275833,0.3,0.08,0.11461318051575932,0.5,0.25
31,0.6377652535722599,0.4922098447283223,0.637010544691061,0.4920687504106273,0.23380311223024616,0.4992612365998417,0.6934097421203438,0.3671018018508049,0.37663503362517725,0.06876790830945559,0.6914285714285714,0.36755616293941235,0.3758695823659284,0.06857142857142857,0.12320916905444126,0.14,0.002857142857142857,2.5342857142857143,0.06017191977077364,0.0,0.02882749600214873,0.08436634914903715,11.656160458452723,0.0,0.0,0.15,0.08022922636103152,0,0.1572083255231588,0.14562902005992398,2.030176185586228,0.8876502224576002,0.0,0.9795918367346939,0.0,0.3,0.0,0.6498096431283055,0.3,0.08,0.12320916905444126,0.5,0.25
32,0.6454591390942764,0.49280427118298376,0.6436285580979476,0.49255438857642814,0.23380311223024616,0.49965312455689653,0.6628242074927954,0.36934256844917546,0.37726577258999516,0.069164265129683,0.6571428571428571,0.36812759151084096,0.37680076029197873,0.06857142857142857,0.12968299711815562,0.14,0.008571428571428572,2.797142857142857,0.06051873198847262,0.005714285714285714,0.028744359624359818,0.08436634914903715,11.636887608069165,0.0,0.0,0.15,0.08069164265129683,0,0.15723527324157138,0.14490087495962437,2.1295726618745032,0.8698972180084482,0.0,1.0,0.0,0.3,0.0,0.6609125954620201,0.3,0.08,0.12893982808022922,0.5,0.25
33,0.652828069802552,0.49281477355730446,0.6509343265430094,0.49248238678036843,0.23380311223024616,0.5000055918129153,0.6657060518731989,0.37061057997655306,0.3787900536064459,0.07204610951008646,0.66,0.3693847343679837,0.37831197604257427,0.07142857142857142,0.1440922190201729,0.17142857142857143,0.008571428571428572,3.1028571428571428,0.07492795389048991,0.0,0.028567636464096192,0.08436634914903715,11.636887608069165,0.0,0.0,0.15,0.08069164265129683,0,0.15811551243083571,0.14417637058482624,2.258409780065585,0.8524992736482793,0.0,1.0,0.0,0.3,0.0,0.6823218139415697,0.3,0.08,0.1440922190201729,0.5,0.25
34,0.6609025948540396,0.4922650588421849,0.65893964137977,0.49191976478055444,0.23380311223024616,0.5004609545454017,0.6484149855907781,0.37186485475868003,0.3798707452490973,0.07204610951008646,0.6428571428571429,0.3706282582234069,0.3793834046140029,0.07142857142857142,0.15561959654178675,0.1657142857142857,0.008571428571428572,3.3114285714285714,0.08645533141210375,0.0,0.02836007216890634,0.08436634914903715,11.636887608069165,0.0,0.0,0.15,0.08069164265129683,0,0.1604390777258244,0.14417637058482624,2.3789558701785585,0.8524992736482793,0.0,0.9827586206896551,0.0,0.3,0.0,0.7076829066467069,0.3,0.08,0.15561959654178675,0.5,0.25
35,0.6670606765112139,0.49209187126281734,0.6650929993739308,0.49179911645165003,0.23380311223024616,0.5009360595062036,0.5884057971014492,0.37265921306367855,0.3799714113850533,0.07246376811594203,0.58,0.3710246419638705,0.37981936236281577,0.07142857142857142,0.13043478260869565,0.14285714285714285,0.014285714285714285,3.58,0.10144927536231885,0.005714285714285714,0.02839389271070239,0.08436634914903716,11.634782608695652,0.0,0.0,0.15,0.08115942028985507,0,0.16063659662290955,0.14410395653631553,2.47423389563213,0.8507630225817854,0.0,0.98,0.0,0.3,0.0,0.7020927320590349,0.3,0.08,0.12968299711815562,0.5,0.25
36,0.6719857461312561,0.4925733949401896,0.6699743829461813,0.4920295561391045,0.23380311223024616,0.5013052105180013,0.563953488372093,0.37252822359650817,0.3805189677350395,0.07267441860465117,0.5542857142857143,0.37131035624958486,0.38050570318742627,0.07142857142857142,0.1569767441860465,0.17714285714285713,0.017142857142857144,3.8,0.11046511627906977,0.002857142857142857,0.028275866358883267,0.08436634914903716,11.529069767441861,0.0,0.0,0.15,0.08139534883720931,0,0.16186084363979503,0.14352790278041283,2.6018920748623446,0.8371855392418075,0.0,0.9838709677419355,0.0,0.3,0.0,0.7223344776587157,0.3,0.08,0.1565217391304348,0.5,0.25
37,0.6774739313990411,0.49331962180580746,0.6753684850379471,0.49271004997162804,0.23380311223024616,0.5015805721318982,0.5087209302325582,0.3729933398755779,0.3811294328513186,0.0755813953488372,0.5,0.3717674991067277,0.3811057031874263,0.07428571428571429,0.14534883720930233,0.14857142857142858,0.017142857142857144,4.0285714285714285,0.13662790697674418,0.0,0.028260691310133642,0.08436634914903716,11.529069767441861,0.0,0.0,0.15,0.08139534883720931,0,0.16370853942159605,0.14281026326651078,2.698425661936526,0.8204418284569713,0.0,1.0,0.0,0.3,0.0,0.7264480878494731,0.3,0.08,0.14534883720930233,0.5,0.25
38,0.6825044364332667,0.4931024129077929,0.6803127528430147,0.4923212311871006,0.23380311223024616,0.5016056868079317,0.5436046511627907,0.37347972564685,0.3816691450991226,0.07848837209302326,0.5342857142857143,0.3722455468362065,0.38163616322526794,0.07714285714285714,0.12790697674418605,0.14,0.017142857142857144,4.277142857142858,0.14825581395348839,0.0,0.028364016482052754,0.08436634914903716,11.529069767441861,0.0,0.0,0.15,0.08139534883720931,0,0.16515296941371244,0.14209621195017821,2.784457148697796,0.8040329918878318,0.0,0.9795918367346939,0.0,0.3,0.0,0.7136299405643987,0.3,0.08,0.12790697674418605,0.5,0.25
39,0.6871496640624614,0.49304266744933095,0.6855289409592967,0.492486950635148,0.23380311223024616,0.5019880630139096,0.5233918128654971,0.3738506144468097,0.3826838352578321,0.07894736842105263,0.5114285714285715,0.3724169754076351,0.38193616322526786,0.07714285714285714,0.13157894736842105,0.15428571428571428,0.022857142857142857,4.448571428571428,0.14327485380116958,0.005714285714285714,0.028451581426316475,0.08436634914903715,11.32748538011696,0.0,0.0,0.15,0.08187134502923976,0,0.16621249028092958,0.1427382112882426,2.883053720009554,0.8187403024118074,0.0,0.9814814814814815,0.0,0.3,0.0,0.7098897956043814,0.3,0.08,0.13372093023255813,0.5,0.25
40,0.6922318199298677,0.4925190949501681,0.6906396632928072,0.4923218194684405,0.23380311223024616,0.5023581887626836,0.49853372434017595,0.3743072375401198,0.38401114787367796,0.07917888563049853,0.4857142857142857,0.3727026896933494,0.38236473465383936,0.07714285714285714,0.1436950146627566,0.1657142857142857,0.025714285714285714,4.694285714285714,0.16129032258064516,0.002857142857142857,0.028458328931151064,0.08436634914903715,11.249266862170089,0.0,0.0,0.15,0.07917888563049853,0,0.16729514282952493,0.14202452023180137,2.9911069313236482,0.8023654963635712,0.0,1.0,0.0,0.3,0.0,0.718501804291488,0.3,0.08,0.14619883040935672,0.5,0.25
41,0.6963220175001628,0.49177596816599184,0.6949318224136056,0.4925495492762741,0.23380311223024616,0.5026129534797853,0.5236686390532544,0.37450840808749936,0.38350126048953886,0.07988165680473373,0.5057142857142857,0.3729312611219208,0.38279330608241074,0.07714285714285714,0.12721893491124261,0.13428571428571429,0.03428571428571429,4.922857142857143,0.15680473372781065,0.008571428571428572,0.028648952501464178,0.08436634914903716,11.04733727810651,0.0,0.0,0.15,0.07988165680473373,0,0.16791424566896657,0.14131439763064235,3.06557050698289,0.7863181864362998,0.0,1.0,0.0,0.3,0.0,0.7090802952621061,0.3,0.08,0.12903225806451613,0.5,0.25
42,0.7032647907984524,0.49182848203837765,0.7016365577702396,0.49251762212861977,0.23380311223024616,0.5029299150180574,0.5355029585798816,0.37450840808749936,0.38376753267888786,0.07988165680473373,0.5171428571428571,0.3729312611219208,0.3830504489395536,0.07714285714285714,0.10650887573964497,0.11428571428571428,0.03428571428571429,5.134285714285714,0.17455621301775148,0.0,0.028908513845409597,0.08436634914903716,11.04733727810651,0.0,0.0,0.15,0.07988165680473373,0,0.16755996015490748,0.14060782564248914,3.1185448111289467,0.7705918227075738,0.0,1.0,0.0,0.3,0.0,0.6822141948491548,0.3,0.08,0.10650887573964497,0.5,0.25
43,0.7070127488216743,0.492393543521818,0.7066199775786609,0.49344275417732114,0.23380311223024616,0.5031807356530644,0.5435435435435435,0.3760462346248982,0.3821908100791469,0.08408408408408409,0.5171428571428571,0.37310268969334937,0.3834082361809325,0.08,0.15015015015015015,0.16857142857142857,0.04857142857142857,5.348571428571429,0.16216216216216217,0.014285714285714285,0.02879019019386356,0.08436634914903715,10.67867867867868,0.0,0.0,0.15,0.08108108108108109,0,0.16762752132483652,0.13990478651427668,3.224745343477796,0.7551799862534223,0.0,1.0,0.0,0.3,0.0,0.7086741967494379,0.3,0.08,0.15680473372781065,0.5,0.25
44,0.71577780021569,0.4923461127850841,0.7145766590954736,0.49374045596715016,0.23380311223024616,0.5034502655531771,0.5451807228915663,0.37660351611764564,0.3827802658792318,0.08433734939759036,0.5171428571428571,0.3734455468362065,0.38383680760950384,0.08,0.14156626506024098,0.15142857142857144,0.05142857142857143,5.56,0.16566265060240964,0.002857142857142857,0.02887002171872288,0.08436634914903716,10.524096385542169,0.0,0.0,0.15,0.08132530120481928,0,0.16733209800392665,0.1392052625817053,3.311679008036811,0.7400763865283538,0.0,1.0,0.0,0.3,0.0,0.7158016674543363,0.3,0.08,0.14414414414414414,0.5,0.25
45,0.7209170986684982,0.4926870515125479,0.7194145184613688,0.49388296159454925,0.23380311223024616,0.5036995269498308,0.5242424242424243,0.3769313878956312,0.3842660003139251,0.08484848484848485,0.4942857142857143,0.3736741182647779,0.3842225218952182,0.08,0.12121212121212122,0.14,0.05714285714285714,5.7542857142857144,0.17272727272727273,0.005714285714285714,0.0290840693097866,0.08436634914903715,10.327272727272728,0.0,0.0,0.15,0.08181818181818182,0,0.1680296570133333,0.1392052625817053,3.385445427876075,0.7400763865283538,0.0,0.9795918367346939,0.0,0.3,0.0,0.7049165889047824,0.3,0.08,0.12650602409638553,0.5,0.25
46,0.7272927902657882,0.49345883871030405,0.725425884824528,0.49453342883779006,0.23380311223024616,0.5040561255563498,0.5,0.3772516089957381,0.38458418213210693,0.08484848484848485,0.4714285714285714,0.3739760410163073,0.3845225218952182,0.08,0.14545454545454545,0.15714285714285714,0.05714285714285714,6.04,0.1787878787878788,0.0,0.02903127585363283,0.08436634914903715,10.327272727272728,0.0,0.0,0.15,0.07878787878787878,0,0.16830293801398094,0.1393461528941899,3.474879376461411,0.7431838647543443,0.0,0.9818181818181818,0.0,0.3,0.0,0.7143507031424385,0.3,0.08,0.14545454545454545,0.5,0.25
47,0.7348362594747787,0.4940509687764679,0.7318244143786715,0.49493409807685906,0.23380311223024616,0.5043373120645749,0.5015197568389058,0.37624829079585187,0.3853543191116309,0.0851063829787234,0.4714285714285714,0.374090326730593,0.3849676145006379,0.08,0.1519756838905775,0.16,0.06,6.282857142857143,0.1884498480243161,0.002857142857142857,0.028931016367979175,0.08436634914903716,10.19452887537994,0.0,0.0,0.15,0.0790273556231003,0,0.16888985189533962,0.14152947458707232,3.5653817889321826,0.7913213536194998,0.0,0.9642857142857143,0.0,0.3,0.0,0.7291364012906161,0.3,0.08,0.15454545454545454,0.5,0.25
48,0.7434037871015786,0.49611995965913785,0.7372746281950822,0.49630943443220926,0.23380311223024616,0.5046165475607922,0.5046153846153846,0.3788121573864159,0.38587543518643574,0.08615384615384615,0.4685714285714286,0.37414746958773587,0.3851390430720664,0.08,0.1476923076923077,0.15714285714285714,0.07142857142857142,6.508571428571429,0.18461538461538463,0.011428571428571429,0.02902969555185894,0.08436634914903715,9.987692307692308,0.0,0.0,0.15,0.08,0,0.16913026120729147,0.14389546807827067,3.6512170102963957,0.8464129859171375,0.0,0.9818181818181818,0.0,0.3,0.0,0.7344380340949206,0.3,0.08,0.14893617021276595,0.5,0.25
49,0.7484889164192875,0.4965200670155166,0.7419965339900975,0.49687419773108454,0.23380311223024616,0.5052377289466726,0.47692307692307695,0.37887369584795433,0.38619851210951267,0.08615384615384615,0.44285714285714284,0.3742046124448788,0.3854390430720665,0.08,0.12307692307692308,0.14,0.07142857142857142,6.6971428571428575,0.19384615384615383,0.0,0.029257407597987298,0.08436634914903715,9.987692307692308,0.0,0.0,0.15,0.08,0,0.1692273241869693,0.147835483125,3.7181926700904677,0.9431128000000003,0.0,0.9795918367346939,0.0,0.3,0.0,0.7148758546356752,0.3,0.08,0.12307692307692308,0.5,0.25
50,0.7546816912600003,0.4965402132537234,0.7471993611074239,0.49668693143454073,0.23380311223024616,0.5059235554857465,0.5062111801242236,0.3804870154450403,0.38814436945604397,0.08695652173913043,0.4657142857142857,0.3742046124448788,0.3854390430720665,0.08,0.14285714285714285,0.15142857142857144,0.08,6.928571428571429,0.1956521739130435,0.008571428571428572,0.02936653908965734,0.08436634914903715,9.639751552795031,0.0,0.0,0.15,0.08074534161490683,0,0.1689523304231773,0.147096305709375,3.79525738811723,0.9242505440000003,0.0,1.0,0.0,0.3,0.0,0.7233361751680496,0.3,0.08,0.1476923076923077,0.5,0.25
51,0.7607797490846827,0.4971293204337135,0.7520697449999343,0.4979451963790527,0.23380311223024616,0.5066413119812408,0.48264984227129337,0.38210414166933276,0.38895616148889073,0.08832807570977919,0.43714285714285717,0.37431889815916447,0.3856055051817628,0.08,0.12933753943217666,0.14285714285714285,0.09428571428571429,7.122857142857143,0.1892744479495268,0.014285714285714285,0.029604780400398205,0.08436634914903715,9.17981072555205,0.0,0.0,0.15,0.08201892744479496,0,0.16962042948177572,0.14798510812500004,3.862209383212028,0.9470728000000013,0.0,0.96,0.0,0.3,0.0,0.7221117201331627,0.3,0.08,0.13975155279503104,0.5,0.25
52,0.7650976007196412,0.4966371171160555,0.7551146860503809,0.497396327170717,0.23380311223024616,0.5074422070152717,0.5174603174603175,0.38349276326549064,0.38974307198909675,0.08888888888888889,0.4657142857142857,0.37449032673059307,0.38573407661033426,0.08,0.12698412698412698,0.13142857142857142,0.1,7.285714285714286,0.18412698412698414,0.005714285714285714,0.029760199987528588,0.08436634914903715,9.136507936507936,0.0,0.0,0.15,0.07936507936507936,0,0.1705434701915097,0.15,3.9163937669763587,1.0,0.0,0.9347826086956522,0.0,0.3,0.0,0.70904287286293,0.3,0.08,0.12618296529968454,0.5,0.25
53,0.7711907807451802,0.49776454188037406,0.7595585692592665,0.4970428243394224,0.23380311223024616,0.5082454718694217,0.5193548387096775,0.3837694903086414,0.39149488600145926,0.09032258064516129,0.46,0.37449032673059307,0.38573407661033426,0.08,0.11935483870967742,0.13142857142857142,0.11428571428571428,7.445714285714286,0.18064516129032257,0.014285714285714285,0.029987365584614897,0.08436634914903715,8.851612903225806,0.0,0.0,0.15,0.08064516129032258,0,0.1704036114119807,0.14925,3.9694944630654034,0.98,0.0,1.0,0.0,0.3,0.0,0.6977585824326225,0.3,0.08,0.12380952380952381,0.5,0.25
54,0.7753096513889519,0.49864005806207423,0.7632067118294643,0.49793391401945214,0.23380311223024616,0.5090419975891528,0.5161290322580645,0.3837694903086414,0.39149488600145926,0.09032258064516129,0.45714285714285713,0.37449032673059307,0.38573407661033426,0.08,0.11935483870967742,0.11714285714285715,0.11428571428571428,7.694285714285714,0.19032258064516128,0.0,0.030198447054978685,0.08436634914903715,8.851612903225806,0.0,0.0,0.15,0.08064516129032258,0,0.17006545049777794,0.14850375,4.0072474309469515,0.9603999999999999,0.0,1.0,0.0,0.3,0.0,0.6858503625415454,0.3,0.08,0.11935483870967742,0.5,0.25
55,0.7815050470864425,0.49921245481278903,0.768077682203716,0.49880313683157634,0.23380311223024616,0.510066975068612,0.5145631067961165,0.3847415797493257,0.3918229456398939,0.09061488673139159,0.4542857142857143,0.37454746958773594,0.38577693375319133,0.08,0.1553398058252427,0.14857142857142858,0.11714285714285715,7.797142857142857,0.18770226537216828,0.002857142857142857,0.02995013945177692,0.08436634914903715,8.828478964401295,0.0,0.0,0.15,0.08090614886731391,0,0.17038540967386048,0.14798510812500004,4.075673910899442,0.9470728000000013,0.0,0.9807692307692307,0.0,0.3,0.0,0.7123533182952109,0.3,0.08,0.15806451612903225,0.5,0.25
56,0.7874384769146239,0.49947899153255176,0.7723990051677466,0.49925835378431754,0.23380311223024616,0.5110961334637543,0.5146579804560261,0.38684616449512993,0.39051065425723197,0.09120521172638436,0.4514285714285714,0.37460461244487875,0.38581979089604845,0.08,0.1270358306188925,0.12571428571428572,0.12285714285714286,7.974285714285714,0.18566775244299674,0.005714285714285714,0.03007802626756006,0.08436634914903715,8.80130293159609,0.0,0.0,0.15,0.08143322475570032,0,0.17047619691120547,0.14724518258437505,4.119874718395738,0.9281313440000012,0.0,0.9772727272727273,0.0,0.3,0.0,0.7022395558163563,0.3,0.08,0.1262135922330097,0.5,0.25
57,0.7907818728726885,0.49982960729516723,0.7760039993169179,0.49910375610162083,0.23380311223024616,0.5119005295166841,0.49836065573770494,0.3874445624720453,0.3907065331059544,0.09180327868852459,0.4342857142857143,0.37460461244487875,0.38581979089604845,0.08,0.12786885245901639,0.12857142857142856,0.12857142857142856,8.134285714285713,0.2,0.005714285714285714,0.030209407091704985,0.08436634914903716,8.636065573770491,0.0,0.0,0.15,0.08196721311475409,0,0.17022295949807803,0.14650895667145317,4.166048652599253,0.9095687171200011,0.0,1.0,0.0,0.3,0.0,0.7017631288108631,0.3,0.08,0.13355048859934854,0.5,0.25
58,0.7981611414673376,0.5002008284049279,0.7823129255050878,0.49922467789243863,0.23380311223024616,0.5126767249975281,0.5328947368421053,0.38848646988287555,0.39056971746772556,0.09210526315789473,0.46285714285714286,0.3747188981591644,0.38590550518176275,0.08,0.11842105263157894,0.14,0.13142857142857142,8.368571428571428,0.1875,0.002857142857142857,0.030366604788379853,0.08436634914903715,8.618421052631579,0.0,0.0,0.15,0.07894736842105263,0,0.1708569875577305,0.14798510812500004,4.222727679547267,0.9446834307026468,0.0,0.9591836734693877,0.0,0.3,0.0,0.6874636983643255,0.3,0.08,0.1180327868852459,0.5,0.25
59,0.8019430787568523,0.500685926035035,0.785597808179409,0.4998049092871915,0.23380311223024616,0.5134073784889767,0.4934210526315789,0.38848646988287555,0.39056971746772556,0.09210526315789473,0.42857142857142855,0.3747188981591644,0.38590550518176275,0.08,0.14473684210526316,0.14857142857142858,0.13142857142857142,8.517142857142858,0.19078947368421054,0.0,0.030237856318552647,0.08436634914903715,8.618421052631579,0.0,0.0,0.15,0.07894736842105263,0,0.1706024169056561,0.14724518258437505,4.28684455452775,0.9257897620885939,0.0,1.0,0.0,0.3,0.0,0.7014877467497647,0.3,0.08,0.14473684210526316,0.5,0.25
60,0.8044065002446229,0.5002587563080341,0.7876691580028856,0.499045418494068,0.23380311223024616,0.5141446195122749,0.48184818481848185,0.3878000090657428,0.3909308630405035,0.0924092409240924,0.41714285714285715,0.3748903267305931,0.3860340766103341,0.08,0.1485148514851485,0.14857142857142858,0.13428571428571429,8.651428571428571,0.18811881188118812,0.002857142857142857,0.030084168208816185,0.08436634914903715,8.607260726072607,0.0,0.0,0.15,0.07920792079207921,0,0.1716342648175564,0.15981221922955763,4.349679092008624,0.9643600000000009,0.0,0.9423076923076923,0.0,0.3,0.0,0.7172256332511511,0.3,0.08,0.1513157894736842,0.5,0.25
61,0.8085525234544707,0.5012134977857386,0.7912584295245538,0.49986967442052294,0.23380311223024616,0.5146493265416244,0.48184818481848185,0.38793202226706297,0.3910793778919886,0.0924092409240924,0.41714285714285715,0.37500461244487876,0.3861626480389056,0.08,0.1617161716171617,0.16,0.13428571428571429,8.737142857142857,0.19141914191419143,0.0,0.0298976183699037,0.08436634914903715,8.607260726072607,0.0,0.0,0.15,0.07920792079207921,0,0.17271837992204006,0.24800837522551109,4.422685510168451,1.012667558486595,0.0,0.9464285714285714,0.0,0.3,0.0,0.7376024977312513,0.3,0.08,0.1617161716171617,0.5,0.25
62,0.8138931251792758,0.5004327635637987,0.795881864732028,0.4995788612977671,0.23380311223024616,0.5151008915023072,0.5115511551155115,0.38793202226706297,0.3910793778919886,0.0924092409240924,0.44285714285714284,0.37500461244487876,0.3861626480389056,0.08,0.13861386138613863,0.13714285714285715,0.13428571428571429,8.96,0.19801980198019803,0.0,0.02995920422945661,0.08436634914903715,8.607260726072607,0.0,0.0,0.15,0.07920792079207921,0,0.17242578873671557,0.24676833334938353,4.47137465710794,0.992414207316863,0.0,1.0,0.0,0.3,0.0,0.7310742236594007,0.3,0.08,0.13861386138613863,0.5,0.25
63,0.8178313997366029,0.5008025731269733,0.7987532678949225,0.500107936371993,0.23380311223024616,0.5156360210212783,0.5529801324503312,0.3862698568259179,0.39057795047455085,0.08940397350993377,0.47714285714285715,0.37500461244487876,0.3861626480389056,0.08,0.1490066225165563,0.15142857142857144,0.13714285714285715,9.174285714285714,0.1986754966887417,0.002857142857142857,0.029903777457615216,0.08436634914903715,8.589403973509933,0.0,0.0,0.15,0.07947019867549669,0,0.17222037407874624,0.2455344916826366,4.533375735394351,0.9725659231705257,0.0,1.0,0.0,0.3,0.0,0.7383856199279171,0.3,0.08,0.15181518151815182,0.5,0.25
64,0.823223864359064,0.5013443650247266,0.8009532848839953,0.5000654602418206,0.23380311223024616,0.5161516729169597,0.5351170568561873,0.3868403691535499,0.39103484826562956,0.0903010033444816,0.45714285714285713,0.3750617553020217,0.3862055051817627,0.08,0.13043478260869565,0.13714285714285715,0.1457142857142857,9.322857142857142,0.1939799331103679,0.008571428571428572,0.029997231761363922,0.08436634914903715,8.54180602006689,0.0,0.0,0.15,0.0802675585284281,0,0.17227355792263827,0.24430681922422343,4.579851077829322,1.006041804707114,0.0,0.9791666666666666,0.0,0.3,0.0,0.7290553644131181,0.3,0.08,0.1357615894039735,0.5,0.25
65,0.8286825005667562,0.5028904960636618,0.8051330004437129,0.5006220595212924,0.23380311223024616,0.5165691707667441,0.5167785234899329,0.3871861516717557,0.3906508877094791,0.09060402684563758,0.44,0.3750617553020217,0.3862055051817627,0.08,0.12751677852348994,0.12,0.14857142857142858,9.48,0.20134228187919462,0.002857142857142857,0.030136084909265573,0.08436634914903715,8.536912751677852,0.0,0.0,0.15,0.08053691275167785,0,0.17203990513302506,0.24308528512810232,4.608254056272735,0.9859209686129716,0.0,1.0,0.0,0.3,0.0,0.7177300594370087,0.3,0.08,0.13043478260869565,0.5,0.25
66,0.8336477143856686,0.5030485389579121,0.809520716698394,0.5008687086079757,0.23380311223024616,0.5170654209334208,0.4966216216216216,0.38739536207672937,0.39057288186873823,0.09121621621621621,0.42,0.3751188981591645,0.3862483623246199,0.08,0.13175675675675674,0.13142857142857142,0.15428571428571428,9.674285714285714,0.19256756756756757,0.005714285714285714,0.03032125294522786,0.08436634914903715,8.08108108108108,0.0,0.0,0.15,0.08108108108108109,0,0.17220770560735993,0.2418698587024618,4.647517546575852,1.0018425492407113,0.0,0.9782608695652174,0.0,0.3,0.0,0.710196276505235,0.3,0.08,0.13087248322147652,0.5,0.25
67,0.8387676360641293,0.5037919245151347,0.8127179294887791,0.5014151581992705,0.23380311223024616,0.5176443580740152,0.488135593220339,0.38755556850159834,0.39152707271882475,0.09152542372881356,0.4114285714285714,0.3752331838734502,0.3863340766103342,0.08,0.15932203389830507,0.15428571428571428,0.15714285714285714,9.82857142857143,0.18983050847457628,0.002857142857142857,0.030264377415691414,0.08436634914903715,8.067796610169491,0.0,0.0,0.15,0.08135593220338982,0,0.17288895279360886,0.24066050940894948,4.708852909930049,1.0,0.0,0.9629629629629629,0.0,0.3,0.0,0.7300427989590699,0.3,0.08,0.15878378378378377,0.5,0.25
68,0.8436922022079064,0.5045786416320195,0.8158548417237067,0.5020362308374569,0.23380311223024616,0.5183221700091311,0.5358361774744027,0.3876564419510982,0.39070104579778947,0.09215017064846416,0.44857142857142857,0.3752331838734502,0.3863340766103342,0.08,0.11945392491467577,0.10857142857142857,0.16285714285714287,10.02,0.18771331058020477,0.005714285714285714,0.03047676504717017,0.08436634914903715,8.020477815699659,0.0,0.0,0.15,0.08191126279863481,0,0.17245307945821226,0.23945720686190475,4.7232472803028775,0.98,0.0,1.0,0.0,0.3,0.0,0.7108604677459252,0.3,0.08,0.12203389830508475,0.5,0.25
69,0.8486621927580706,0.5044057641482101,0.8190514140791252,0.5019048524759445,0.23380311223024616,0.5190880631130853,0.5344827586206896,0.3880701588939881,0.3922473657599551,0.09310344827586207,0.44285714285714284,0.3752331838734502,0.3863340766103342,0.08,0.14482758620689656,0.14,0.17142857142857143,10.14,0.1793103448275862,0.008571428571428572,0.030489551866205045,0.08436634914903715,7.779310344827586,0.0,0.0,0.15,0.07931034482758621,0,0.17227552906092117,0.2382599208275952,4.768782334696819,0.9603999999999999,0.0,1.0,0.0,0.3,0.0,0.7227559110398951,0.3,0.08,0.15017064846416384,0.5,0.25
70,0.8544603565592659,0.504580659673726,0.8229799251393024,0.5018088124601463,0.23380311223024616,0.5195862504533952,0.5261324041811847,0.389292832750068,0.39267101662543347,0.09407665505226481,0.43142857142857144,0.37529032673059304,0.38637693375319127,0.08,0.11498257839721254,0.10285714285714286,0.18,10.345714285714285,0.17770034843205576,0.008571428571428572,0.030834050509690864,0.08436634914903715,7.623693379790941,0.0,0.0,0.15,0.08013937282229965,0,0.17229929498704516,0.24751279739189044,4.776263830860025,0.9497748508312541,0.0,0.9722222222222222,0.0,0.3,0.0,0.701446379107237,0.3,0.08,0.11724137931034483,0.5,0.25
71,0.858772440577032,0.5052482091581607,0.8260896492204295,0.502018728864887,0.23380311223024616,0.5198784356329851,0.548951048951049,0.39055971251255767,0.39268387943584154,0.0944055944055944,0.44857142857142857,0.3754046124448788,0.3864626480389057,0.08,0.11188811188811189,0.12571428571428572,0.18285714285714286,10.46,0.17832167832167833,0.002857142857142857,0.031176989056874035,0.08436634914903715,7.4475524475524475,0.0,0.0,0.15,0.08041958041958042,0,0.17292265565496706,0.246275233404931,4.80645283995711,1.0006480098146273,0.0,0.9545454545454546,0.0,0.3,0.0,0.681360897430815,0.3,0.08,0.11149825783972125,0.5,0.25
72,0.8603558043493413,0.5053202119850726,0.8273834836172309,0.5026127477704859,0.23380311223024616,0.5202450468490899,0.548951048951049,0.39055971251255767,0.39268387943584154,0.0944055944055944,0.44857142857142857,0.3754046124448788,0.3864626480389057,0.08,0.12937062937062938,0.12,0.18285714285714286,10.514285714285714,0.17832167832167833,0.0,0.031195100743881893,0.08436634914903715,7.4475524475524475,0.0,0.0,0.15,0.08041958041958042,0,0.17257189951954935,0.24504385723790634,4.830323783157969,0.9806350496183348,0.0,1.0,0.0,0.3,0.0,0.683386194635137,0.3,0.08,0.12937062937062938,0.5,0.25
73,0.8635345290218902,0.50601586033452,0.8297945367538939,0.503642845915261,0.23380311223024616,0.5205801441396988,0.4964788732394366,0.38727555445773676,0.3903109654690658,0.09154929577464789,0.40285714285714286,0.37546175530202164,0.38650550518176274,0.08,0.09859154929577464,0.09714285714285714,0.18857142857142858,10.68,0.17253521126760563,0.005714285714285714,0.031478091246200685,0.08436634914903715,7.380281690140845,0.0,0.0,0.15,0.07746478873239436,0,0.17262275430766588,0.24381863795171682,4.8308601646376665,0.9699611376337124,0.0,0.9705882352941176,0.0,0.3,0.0,0.6596290775033371,0.3,0.08,0.10139860139860139,0.5,0.25
74,0.8654876795829708,0.5066263978644316,0.8313793789234564,0.5042739909759816,0.23380311223024616,0.5211572100647883,0.5528169014084507,0.38734597699294804,0.39036378237047425,0.09154929577464789,0.44857142857142857,0.37551889815916445,0.38654836232461987,0.08,0.11971830985915492,0.11142857142857143,0.18857142857142858,10.822857142857142,0.16901408450704225,0.0,0.031515479812955174,0.08436634914903715,7.380281690140845,0.0,0.0,0.15,0.08098591549295775,0,0.17275892625041328,0.24259954476195822,4.845671532773484,0.9505619148810381,0.0,0.9743589743589743,0.0,0.3,0.0,0.6594868331255754,0.3,0.08,0.11971830985915492,0.5,0.25
75,0.8682628050934995,0.5058015175498829,0.833642823982132,0.5036682985793944,0.23380311223024616,0.5217627815383491,0.5229681978798587,0.38764845411724674,0.39062401135746483,0.09187279151943463,0.4228571428571429,0.3755760410163073,0.386591219467477,0.08,0.12014134275618374,0.11428571428571428,0.19142857142857142,10.93142857142857,0.17314487632508835,0.002857142857142857,0.03156448384466401,0.08436634914903715,7.265017667844523,0.0,0.0,0.15,0.0812720848056537,0,0.17292284661916124,0.24138654703814844,4.863043816403729,0.9606597149557927,0.0,0.975,0.0,0.3,0.0,0.6625562761456493,0.3,0.08,0.12323943661971831,0.5,0.25
76,0.8729454941905277,0.5061341414974407,0.8355015133608752,0.5038615187596258,0.23380311223024616,0.5222089802455939,0.5231316725978647,0.38632849289987214,0.38923750687306263,0.08896797153024912,0.42,0.375690326730593,0.38667693375319134,0.08,0.15302491103202848,0.1457142857142857,0.19714285714285715,11.042857142857143,0.17437722419928825,0.005714285714285714,0.031211538320606472,0.08436634914903715,7.224199288256227,0.0,0.0,0.15,0.08185053380782918,0,0.1735149466717797,0.24017961430295767,4.911497225789939,0.9820000000000004,0.0,0.9607843137254902,0.0,0.3,0.0,0.6968989339379968,0.3,0.08,0.15901060070671377,0.5,0.25
77,0.8791920727168018,0.5062831365375999,0.838439324465725,0.5041250002145664,0.23380311223024616,0.522799880844193,0.525,0.3860476741788436,0.3882301668479924,0.08928571428571429,0.42,0.375690326730593,0.38667693375319134,0.08,0.11785714285714285,0.12,0.2,11.245714285714286,0.17142857142857143,0.002857142857142857,0.031349810072928516,0.08436634914903716,7.214285714285714,0.0,0.0,0.15,0.07857142857142857,0,0.17313294336699223,0.2389787162314429,4.933267281274141,0.9623600000000003,0.0,1.0,0.0,0.3,0.0,0.6867260509096227,0.3,0.08,0.12099644128113879,0.5,0.25
78,0.8835698244140152,0.5067773580399687,0.8408985650978007,0.5047064503562939,0.23380311223024616,0.5234212285113186,0.5575539568345323,0.38748042212875927,0.3887180430570587,0.08992805755395683,0.44285714285714284,0.3758046124448788,0.38676264803890553,0.08,0.13309352517985612,0.12571428571428572,0.2057142857142857,11.382857142857143,0.16906474820143885,0.005714285714285714,0.03131675165382082,0.08436634914903714,7.107913669064748,0.0,0.0,0.15,0.07913669064748201,0,0.17363842150730013,0.2377838226502857,4.960316221362943,0.9643600000000009,0.0,0.9545454545454546,0.0,0.3,0.0,0.692851092779593,0.3,0.08,0.1357142857142857,0.5,0.25
79,0.8868957777232307,0.5072335474234954,0.8430593214513421,0.5044383925502317,0.23380311223024616,0.5239174969858275,0.5306859205776173,0.3879653393395846,0.38919963700250815,0.09025270758122744,0.42,0.3758046124448788,0.38676264803890553,0.08,0.11913357400722022,0.11142857142857143,0.20857142857142857,11.531428571428572,0.16967509025270758,0.002857142857142857,0.03144256421150314,0.08436634914903715,7.097472924187725,0.0,0.0,0.15,0.07942238267148015,0,0.17322722939976362,0.23659490353703427,4.972538468364256,0.9450728000000008,0.0,1.0,0.0,0.3,0.0,0.6850677073917583,0.3,0.08,0.1223021582733813,0.5,0.25
80,0.8925155365691969,0.506644389481125,0.8446807774314011,0.504456406838367,0.23380311223024616,0.524315122797201,0.5620437956204379,0.38951527052493035,0.3907095507855452,0.09124087591240876,0.44,0.3758617553020216,0.38680550518176265,0.08,0.11678832116788321,0.11714285714285715,0.21714285714285714,11.665714285714285,0.16058394160583941,0.008571428571428572,0.031637330574294485,0.08436634914903715,7.014598540145985,0.0,0.0,0.15,0.08029197080291971,0,0.1733318082527648,0.2354119290193491,4.990230556139828,0.9603999999999999,0.0,0.975609756097561,0.0,0.3,0.0,0.6735185143078048,0.3,0.08,0.11552346570397112,0.5,0.25
81,0.8962443407064279,0.5084681344082268,0.8467438226152689,0.5055770586847754,0.23380311223024616,0.5247260160324695,0.5347985347985348,0.38925490641380234,0.391633998650775,0.09157509157509157,0.41714285714285715,0.3758617553020216,0.38680550518176265,0.08,0.10989010989010989,0.11142857142857143,0.22,11.8,0.15384615384615385,0.002857142857142857,0.03177178071258877,0.08436634914903716,7.010989010989011,0.0,0.0,0.15,0.08058608058608059,0,0.17306344205080457,0.23423486937425234,5.0018545164456025,0.9411919999999999,0.0,1.0,0.0,0.3,0.0,0.6632877775337116,0.3,0.08,0.11313868613138686,0.5,0.25
82,0.9016910550534503,0.5073861363083759,0.8480686671113826,0.5051328002176498,0.23380311223024616,0.5252220110802037,0.5370370370370371,0.3908685381630686,0.3915345749586443,0.09259259259259259,0.4142857142857143,0.3758617553020216,0.38680550518176265,0.08,0.13703703703703704,0.13428571428571429,0.22857142857142856,11.94,0.14444444444444443,0.008571428571428572,0.03153017277404054,0.08436634914903715,6.985185185185185,0.0,0.0,0.15,0.08148148148148149,0,0.17279741126912196,0.23306369502738108,5.036103140402405,0.9223681599999999,0.0,1.0,0.0,0.3,0.0,0.68616957614173,0.3,0.08,0.14652014652014653,0.5,0.25
83,0.9043589803235107,0.5075614481763066,0.8494096809546746,0.5048207023379695,0.23380311223024616,0.5255878758397413,0.5746268656716418,0.3903588209706438,0.39236840743972484,0.09328358208955224,0.44,0.3758617553020216,0.38680550518176265,0.08,0.12313432835820895,0.12285714285714286,0.2342857142857143,12.06,0.15298507462686567,0.005714285714285714,0.03160391812342306,0.08436634914903715,6.932835820895522,0.0,0.0,0.15,0.08208955223880597,0,0.17241871064134778,0.23189837655224418,5.0582382204515,0.9039207967999998,0.0,1.0,0.0,0.3,0.0,0.6836520366325444,0.3,0.08,0.1259259259259259,0.5,0.25
84,0.9082732140842822,0.5083178686728643,0.8506615493410922,0.5052025741755184,0.23380311223024616,0.525928736674558,0.5827067669172933,0.3904681876449178,0.3932210753139182,0.09398496240601503,0.44285714285714284,0.37591889815916446,0.38684836232461994,0.08,0.10902255639097744,0.11428571428571428,0.24,12.131428571428572,0.13909774436090225,0.005714285714285714,0.0317646816590563,0.08436634914903716,6.894736842105263,0.0,0.0,0.15,0.07894736842105263,0,0.17252761708814104,0.23073888466948297,5.071359170328184,0.8894949587776007,0.0,0.975,0.0,0.3,0.0,0.6726609032547214,0.3,0.08,0.11567164179104478,0.5,0.25
85,0.9093815408783191,0.5091436687236076,0.8516216964446127,0.5061833784400422,0.23380311223024616,0.5262916956822954,0.5622641509433962,0.391148625512689,0.39244242036777355,0.09433962264150944,0.4257142857142857,0.3759760410163074,0.386891219467477,0.08,0.09811320754716982,0.08857142857142856,0.24285714285714285,12.234285714285715,0.1471698113207547,0.002857142857142857,0.03208691924399714,0.08436634914903716,6.867924528301887,0.0,0.0,0.15,0.07924528301886792,0,0.17249326471698603,0.22958519024613555,5.058503415493048,0.911523718779621,0.0,0.967741935483871,0.0,0.3,0.0,0.648832557090335,0.3,0.08,0.09774436090225563,0.5,0.25
86,0.9109599116212002,0.5092944087378483,0.8522331970775232,0.5064772598926317,0.23380311223024616,0.5267210327868888,0.5475285171102662,0.3928615793642106,0.391286391562001,0.09505703422053231,0.4114285714285714,0.3759760410163074,0.386891219467477,0.08,0.08745247148288973,0.09142857142857143,0.24857142857142858,12.322857142857142,0.13688212927756654,0.005714285714285714,0.03244308691887972,0.08436634914903715,6.692015209125476,0.0,0.0,0.15,0.07984790874524715,0,0.17208751267911543,0.22843726429490488,5.048761918611759,0.8932932444040286,0.0,1.0,0.0,0.3,0.0,0.6256922239254987,0.3,0.08,0.09056603773584905,0.5,0.25
87,0.9121992638308852,0.5087654715257499,0.8533679770008215,0.5060580308521001,0.23380311223024616,0.5271244929967231,0.6398467432950191,0.3924801523347065,0.39251786311222014,0.09578544061302682,0.47714285714285715,0.3759760410163074,0.386891219467477,0.08,0.11877394636015326,0.10571428571428572,0.2542857142857143,12.385714285714286,0.13409961685823754,0.005714285714285714,0.032555764077072995,0.08436634914903715,6.314176245210728,0.0,0.0,0.15,0.08045977011494253,0,0.1718542201157198,0.22729507797343035,5.053500965953809,0.8754273795159481,0.0,1.0,0.0,0.3,0.0,0.6374902601699024,0.3,0.08,0.12167300380228137,0.5,0.25
88,0.9154472740109646,0.5084568922156752,0.8554666585965353,0.5056221458607736,0.23380311223024616,0.5273398418129119,0.6192307692307693,0.39364081194087247,0.39217146867299874,0.09615384615384616,0.46,0.3760331838734502,0.38693407661033413,0.08,0.1,0.09142857142857143,0.2571428571428571,12.517142857142858,0.13076923076923078,0.002857142857142857,0.032793206074510715,0.08436634914903716,6.292307692307692,0.0,0.0,0.15,0.08076923076923077,0,0.1719086640151412,0.22615860258356318,5.043859518063304,0.922325820418185,0.0,0.96875,0.0,0.3,0.0,0.6258983545327248,0.3,0.08,0.09961685823754789,0.5,0.25
89,0.9175721209393446,0.509129138903898,0.855829248510616,0.5058656976556274,0.23380311223024616,0.5274054235455481,0.5891472868217055,0.395877472240933,0.3941514128174294,0.09689922480620156,0.4342857142857143,0.3761474695877359,0.3870197908960485,0.08,0.10852713178294573,0.09714285714285714,0.26285714285714284,12.614285714285714,0.12790697674418605,0.005714285714285714,0.0328707860127119,0.08436634914903715,6.2015503875969,0.0,0.0,0.15,0.08139534883720931,0,0.1724482642664941,0.22502780957064536,5.040125184844895,0.9281313440000012,0.0,0.9411764705882353,0.0,0.3,0.0,0.6250519250959843,0.3,0.08,0.1076923076923077,0.5,0.25
90,0.919648855558296,0.5100103153660204,0.8573600986011574,0.5062770790654592,0.23380311223024616,0.5273713696133641,0.6395348837209303,0.39595499162077796,0.3942095523523131,0.09689922480620156,0.4714285714285714,0.37620461244487874,0.3870626480389056,0.08,0.12015503875968993,0.12285714285714286,0.26285714285714284,12.717142857142857,0.12790697674418605,0.0,0.03277902348052905,0.08436634914903715,6.2015503875969,0.0,0.0,0.15,0.08139534883720931,0,0.17264259437373303,0.22390267052279214,5.06217982400514,0.9617134987336932,0.0,0.9767441860465116,0.0,0.3,0.0,0.6356758824509099,0.3,0.08,0.12015503875968993,0.5,0.25
91,0.9199364891224671,0.5107312250568926,0.8571276761672554,0.5067462568364997,0.23380311223024616,0.5271425831489753,0.546875,0.3968669510460051,0.3958034351352323,0.09765625,0.4,0.37620461244487874,0.3870626480389056,0.08,0.109375,0.09142857142857143,0.26857142857142857,12.805714285714286,0.12109375,0.005714285714285714,0.03282815339977032,0.08436634914903716,6.109375,0.0,0.0,0.15,0.08203125,0,0.17220795283043583,0.22278315717017816,5.052364798953608,0.9424792287590193,0.0,1.0,0.0,0.3,0.0,0.6361359084133114,0.3,0.08,0.1124031007751938,0.5,0.25
92,0.9205771244538292,0.5118241837327584,0.8567168167452905,0.5077544803782683,0.23380311223024616,0.5268361555029518,0.596078431372549,0.3958174815528791,0.3965367714476539,0.09803921568627451,0.4342857142857143,0.37620461244487874,0.3870626480389056,0.08,0.08627450980392157,0.08285714285714285,0.2714285714285714,12.882857142857143,0.11764705882352941,0.002857142857142857,0.03310124526304034,0.08436634914903715,6.101960784313725,0.0,0.0,0.15,0.0784313725490196,0,0.17183219878056932,0.22166924138432728,5.034174645831679,0.9236296441838389,0.0,1.0,0.0,0.3,0.0,0.6161545108893179,0.3,0.08,0.08984375,0.5,0.25
93,0.9247742910163399,0.5114504307506988,0.8593091712604065,0.5077566360959026,0.23380311223024616,0.5265477825328421,0.5928853754940712,0.3972399442362898,0.39687554532417274,0.09881422924901186,0.42857142857142855,0.37620461244487874,0.3870626480389056,0.08,0.08695652173913043,0.08285714285714285,0.27714285714285714,12.962857142857143,0.11462450592885376,0.005714285714285714,0.033300505975918514,0.08436634914903715,6.102766798418973,0.0,0.0,0.15,0.07905138339920949,0,0.1714867520723808,0.22056089517740565,5.016348295772189,0.9051570513001621,0.0,1.0,0.0,0.3,0.0,0.598955216446052,0.3,0.08,0.08627450980392157,0.5,0.25
94,0.9260267581831445,0.5123499449027514,0.859524131212694,0.5084757708894629,0.23380311223024616,0.5263010174545447,0.626984126984127,0.39683699052185395,0.3968220945842266,0.0992063492063492,0.4514285714285714,0.37620461244487874,0.3870626480389056,0.08,0.09126984126984126,0.08285714285714285,0.28,12.997142857142856,0.1111111111111111,0.002857142857142857,0.03336306566962127,0.08436634914903715,6.095238095238095,0.0,0.0,0.15,0.07936507936507936,0,0.171143175454876,0.21945809070151862,4.998878472713888,0.8870539102741588,0.0,1.0,0.0,0.3,0.0,0.5946441455833826,0.3,0.08,0.09486166007905138,0.5,0.25
95,0.929490577013429,0.5123376711913117,0.8608474862987541,0.50854473457807,0.23380311223024616,0.5260113620424607,0.6772908366533864,0.39443395064345493,0.39441899535946257,0.09561752988047809,0.4857142857142857,0.37620461244487874,0.3870626480389056,0.08,0.09163346613545817,0.09428571428571429,0.28285714285714286,13.088571428571429,0.11553784860557768,0.002857142857142857,0.03341029064443493,0.08436634914903716,6.087649402390438,0.0,0.0,0.15,0.07569721115537849,0,0.1708581745776016,0.21836080024801102,4.993186617545324,0.8693128320686756,0.0,1.0,0.0,0.3,0.0,0.5919651876226535,0.3,0.08,0.09523809523809523,0.5,0.25
96,0.931637598076061,0.5124804120027037,0.8611610366609338,0.5087760094552962,0.23380311223024616,0.5255591156233379,0.652,0.3949433109016212,0.39515781443228876,0.096,0.4657142857142857,0.37620461244487874,0.3870626480389056,0.08,0.092,0.08571428571428572,0.2857142857142857,13.142857142857142,0.108,0.002857142857142857,0.03344340299573113,0.08436634914903715,6.056,0.0,0.0,0.15,0.08,0,0.1704893122761422,0.21726899624677096,4.979037170908703,0.8519265754273021,0.0,1.0,0.0,0.3,0.0,0.5904314082282878,0.3,0.08,0.09561752988047809,0.5,0.25
97,0.9330938612817427,0.5124717721640357,0.8623662924814877,0.508874203827706,0.23380311223024616,0.5250608544170917,0.6184738955823293,0.3951454893561872,0.3962026107344505,0.0963855421686747,0.44,0.3762617553020216,0.38710550518176273,0.08,0.08433734939759036,0.08,0.2885714285714286,13.188571428571429,0.11244979919678715,0.002857142857142857,0.03366629671990983,0.08436634914903715,6.008032128514056,0.0,0.0,0.15,0.08032128514056225,0,0.17049372285761863,0.2221735264423844,4.959456427490529,0.8457118242727684,0.0,0.9642857142857143,0.0,0.3,0.0,0.5789019857598015,0.3,0.08,0.084,0.5,0.25
98,0.9323882578213157,0.51287094368525,0.8618643060196411,0.5089274363969186,0.23380311223024616,0.5245419898042349,0.6104417670682731,0.3951454893561872,0.3962026107344505,0.0963855421686747,0.4342857142857143,0.3762617553020216,0.38710550518176273,0.08,0.0963855421686747,0.09428571428571429,0.2885714285714286,13.3,0.10843373493975904,0.0,0.03363467870911205,0.08436634914903715,6.008032128514056,0.0,0.0,0.15,0.08032128514056225,0,0.1702973978147591,0.22106265881017245,4.954553013226432,0.8287975877873129,0.0,1.0,0.0,0.3,0.0,0.5819783779836682,0.3,0.08,0.0963855421686747,0.5,0.25
99,0.9351956006546358,0.51218681671019,0.863130170287355,0.5083773445934383,0.23380311223024616,0.5240362992619215,0.657258064516129,0.3960605472321631,0.39579251387338993,0.0967741935483871,0.4657142857142857,0.3762617553020216,0.38710550518176273,0.08,0.08870967741935484,0.08857142857142856,0.2914285714285714,13.36,0.10483870967741936,0.002857142857142857,0.03367521597213465,0.08436634914903715,5.967741935483871,0.0,0.0,0.15,0.08064516129032258,0,0.16996005368282818,0.2199573455161216,4.944033381533332,0.8122216360315667,0.0,1.0,0.0,0.3,0.0,0.5805173947090497,0.3,0.08,0.09236947791164658,0.5,0.25
100,0.9355711921608169,0.5125212826396912,0.8633963036974491,0.5084729926978164,0.23380311223024616,0.523435877752616,0.625,0.3960605472321631,0.39579251387338993,0.0967741935483871,0.44285714285714284,0.3762617553020216,0.38710550518176273,0.08,0.0967741935483871,0.08571428571428572,0.2914285714285714,13.414285714285715,0.10483870967741936,0.0,0.033660270358796145,0.08436634914903715,5.967741935483871,0.0,0.0,0.15,0.08064516129032258,0,0.16953868198584263,0.21885755878854096,4.930866999616951,0.7959772033109354,0.0,1.0,0.0,0.3,0.0,0.5834589504898832,0.3,0.08,0.0967741935483871,0.5,0.25
101,0.9360450310416379,0.5121964138075272,0.8636907173082699,0.5083603081036834,0.23380311223024616,0.522880586050223,0.6720647773279352,0.39646668488083825,0.3968684964947239,0.09716599190283401,0.4742857142857143,0.37637604101630734,0.3871912194674771,0.08,0.10526315789473684,0.10857142857142857,0.29428571428571426,13.537142857142857,0.10526315789473684,0.002857142857142857,0.03349561974533782,0.08436634914903719,5.967611336032388,0.0,0.0,0.15,0.08097165991902834,0,0.1701761314330562,0.21977065269919585,4.94082108819604,0.7863181864362998,0.0,0.9473684210526315,0.0,0.3,0.0,0.5964051363106602,0.3,0.08,0.10887096774193548,0.5,0.25
102,0.9368011539855446,0.5131877741793338,0.8642243240715415,0.5087095819897184,0.23380311223024616,0.5224341570580835,0.6275303643724697,0.39646668488083825,0.3968684964947239,0.09716599190283401,0.44285714285714284,0.37637604101630734,0.3871912194674771,0.08,0.08502024291497975,0.09428571428571429,0.29428571428571426,13.554285714285715,0.10121457489878542,0.0,0.033648595079191004,0.08436634914903719,5.967611336032388,0.0,0.0,0.15,0.08097165991902834,0,0.16981096506160523,0.21867179943569987,4.936290380717835,0.7705918227075738,0.0,1.0,0.0,0.3,0.0,0.5840018140409439,0.3,0.08,0.08502024291497975,0.5,0.25
103,0.9383490801266116,0.5133917943434677,0.8646665412869126,0.5096779023619888,0.23380311223024616,0.521918511695962,0.6260162601626016,0.3970488961316922,0.3958669825643187,0.0975609756097561,0.44,0.37637604101630734,0.3871912194674771,0.08,0.09349593495934959,0.08857142857142856,0.29714285714285715,13.617142857142857,0.10569105691056911,0.002857142857142857,0.03366250305334168,0.08436634914903718,5.967479674796748,0.0,0.0,0.15,0.08130081300813008,0,0.16944748166486867,0.21757844043852137,4.926136001674906,0.7551799862534223,0.0,1.0,0.0,0.3,0.0,0.5826069378448551,0.3,0.08,0.0931174089068826,0.5,0.25
104,0.9400495963113207,0.5146494020807048,0.8652405424833836,0.5103145728532488,0.23380311223024616,0.5216079683406734,0.6612244897959184,0.39750174965104573,0.3961914601336258,0.09795918367346938,0.46285714285714286,0.37637604101630734,0.3871912194674771,0.08,0.10204081632653061,0.09714285714285714,0.3,13.682857142857143,0.10204081632653061,0.002857142857142857,0.033531762884134675,0.08436634914903716,5.951020408163266,0.0,0.0,0.15,0.08163265306122448,0,0.16914281568511574,0.21649054823632877,4.924756138784265,0.7400763865283538,0.0,1.0,0.0,0.3,0.0,0.5929468077109108,0.3,0.08,0.10569105691056911,0.5,0.25
105,0.9441343650252197,0.514084131573377,0.8661352401916267,0.5095955242761951,0.23380311223024616,0.5215571047714237,0.6639344262295082,0.39834307536352687,0.39638480693456685,0.09836065573770492,0.46285714285714286,0.3764331838734502,0.38723407661033415,0.08,0.06557377049180328,0.07428571428571429,0.3028571428571429,13.737142857142857,0.0942622950819672,0.002857142857142857,0.03355572925021259,0.08436634914903718,5.926229508196721,0.0,0.0,0.15,0.08196721311475409,0,0.1691255301781187,0.2154080954951471,4.900546730294293,0.7403781728782668,0.0,0.9615384615384616,0.0,0.3,0.0,0.5929468077109108,0.3,0.08,0.06938775510204082,0.5,0.25
106,0.9488521047263728,0.5142679251901279,0.8664462253696786,0.5097976134593087,0.23380311223024616,0.521423231965366,0.6859504132231405,0.3979160002804087,0.3959299617271029,0.09917355371900827,0.4742857142857143,0.3764903267305931,0.3872769337531913,0.08,0.0743801652892562,0.06857142857142857,0.30857142857142855,13.78,0.08677685950413223,0.005714285714285714,0.03385953325547735,0.08436634914903716,5.479338842975206,0.0,0.0,0.15,0.08264462809917356,0,0.16913661681294243,0.21433105501767138,4.871107224259836,0.7577660276670994,0.0,0.9583333333333334,0.0,0.3,0.0,0.5788332572009163,0.3,0.08,0.08196721311475409,0.5,0.25
107,0.9479129074590518,0.5145711392683849,0.8657968375448453,0.5106184850492395,0.23380311223024616,0.521232871703592,0.6652892561983471,0.3979986449085079,0.3959919451981773,0.09917355371900827,0.46,0.3765474695877359,0.3873197908960484,0.08,0.07851239669421488,0.06857142857142857,0.30857142857142855,13.857142857142858,0.08677685950413223,0.0,0.03404880584682194,0.08436634914903716,5.479338842975206,0.0,0.0,0.15,0.07851239669421488,0,0.16926122087173484,0.213259399742583,4.842256508346067,0.8932981427776016,0.0,0.9583333333333334,0.0,0.3,0.0,0.5788332572009163,0.3,0.08,0.07851239669421488,0.5,0.25
108,0.9498530353518886,0.5145314297195043,0.8662885627741678,0.510187812893969,0.23380311223024616,0.5210719392424028,0.7095435684647303,0.39772463849374373,0.39682277790230874,0.0995850622406639,0.48857142857142855,0.3765474695877359,0.3873197908960484,0.08,0.0912863070539419,0.08285714285714285,0.31142857142857144,13.948571428571428,0.08298755186721991,0.002857142857142857,0.034068543182257945,0.08436634914903716,5.394190871369295,0.0,0.0,0.15,0.07883817427385892,0,0.16898548691023332,0.2121931027438701,4.82826852103629,0.8754321799220495,0.0,1.0,0.0,0.3,0.0,0.580720470123286,0.3,0.08,0.09504132231404959,0.5,0.25
109,0.949841644677191,0.5152185429751819,0.866280719481019,0.5104029237704721,0.23380311223024616,0.5209743167483392,0.6307053941908713,0.3978906135974781,0.3969472592301096,0.0995850622406639,0.4342857142857143,0.3766617553020216,0.38740550518176275,0.08,0.0954356846473029,0.08571428571428572,0.31142857142857144,13.997142857142856,0.08298755186721991,0.0,0.03409512913863407,0.08436634914903716,5.394190871369295,0.0,0.0,0.15,0.07883817427385892,0,0.169511702332825,0.22207523109663263,4.817417436329849,0.9431128000000003,0.0,0.9333333333333333,0.0,0.3,0.0,0.5823964452688728,0.3,0.08,0.0954356846473029,0.5,0.25
110,0.9530407080132938,0.5158769907594563,0.8677868547639543,0.5108124567559504,0.23380311223024616,0.5208776818149712,0.6541666666666667,0.39875046373798084,0.39703893640808763,0.1,0.44857142857142857,0.3766617553020216,0.38740550518176275,0.08,0.09583333333333334,0.08571428571428572,0.3142857142857143,14.111428571428572,0.08333333333333333,0.002857142857142857,0.03404311989835328,0.08436634914903716,5.383333333333334,0.0,0.0,0.15,0.07916666666666666,0,0.1691497152497323,0.22096485494114948,4.806783373317537,0.9242505440000003,0.0,1.0,0.0,0.3,0.0,0.5873040677048085,0.3,0.08,0.0995850622406639,0.5,0.25
111,0.9540910102528655,0.5164155809639908,0.8685070620139463,0.5110693369621536,0.23380311223024616,0.5208033323383605,0.6583333333333333,0.39875046373798084,0.39703893640808763,0.1,0.4514285714285714,0.3766617553020216,0.38740550518176275,0.08,0.08333333333333333,0.07428571428571429,0.3142857142857143,14.182857142857143,0.0875,0.0,0.03418888542918254,0.08436634914903716,5.383333333333334,0.0,0.0,0.15,0.07916666666666666,0,0.16876096667348367,0.21986003066644372,4.784933420136901,0.9057655331200002,0.0,1.0,0.0,0.3,0.0,0.576112847393366,0.3,0.08,0.08333333333333333,0.5,0.25
112,0.9540753556356016,0.5165223764713388,0.8684963274192512,0.5114286920244462,0.23380311223024616,0.5206441556649325,0.7083333333333334,0.39883379707131417,0.39710143640808765,0.1,0.4857142857142857,0.3767188981591645,0.3874483623246199,0.08,0.07916666666666666,0.07142857142857142,0.3142857142857143,14.32,0.0875,0.0,0.03418888542918254,0.08436634914903716,5.383333333333334,0.0,0.0,0.15,0.07916666666666666,0,0.16874559041154477,0.2187607305131115,4.760663323162735,0.9076479171200007,0.0,0.96,0.0,0.3,0.0,0.576112847393366,0.3,0.08,0.07916666666666666,0.5,0.25
113,0.9574063696266902,0.5161493081165908,0.8699996568158496,0.511432517552802,0.23380311223024616,0.5206492094339615,0.6512605042016807,0.3950665850858024,0.3951660419242181,0.09663865546218488,0.44285714285714284,0.3767188981591645,0.3874483623246199,0.08,0.07983193277310924,0.08,0.32,14.354285714285714,0.08403361344537816,0.005714285714285714,0.034418169419082816,0.08436634914903718,5.2521008403361344,0.0,0.0,0.15,0.07983193277310924,0,0.16850100603091564,0.21766692686054595,4.745450056699481,0.8894949587776007,0.0,1.0,0.0,0.3,0.0,0.5682789931753562,0.3,0.08,0.08333333333333333,0.5,0.25
114,0.9562337094606354,0.5156024029381978,0.8688003508087678,0.511051771337336,0.23380311223024616,0.5205261774312446,0.679324894514768,0.3955926315257779,0.39647423989609665,0.0970464135021097,0.46,0.3767188981591645,0.3874483623246199,0.08,0.08860759493670886,0.07714285714285714,0.32285714285714284,14.405714285714286,0.08438818565400844,0.002857142857142857,0.03446296072747188,0.08436634914903718,5.189873417721519,0.0,0.0,0.15,0.08016877637130802,0,0.16814407242933252,0.2165785922262432,4.727683912708347,0.8717050596020486,0.0,1.0,0.0,0.3,0.0,0.5709885725336737,0.3,0.08,0.09243697478991597,0.5,0.25
115,0.961194482449552,0.5148747559409235,0.8703823066802283,0.5103231721838752,0.23380311223024616,0.5203294840477384,0.6425531914893617,0.39733843880035424,0.3983346587305903,0.09787234042553192,0.43142857142857144,0.3767760410163073,0.38749121946747694,0.08,0.06808510638297872,0.06,0.32857142857142857,14.474285714285715,0.07659574468085106,0.005714285714285714,0.03453626161079056,0.08436634914903718,5.0638297872340425,0.0,0.0,0.15,0.08085106382978724,0,0.16816035206718583,0.2211801879140094,4.69313023445418,0.8863384195224642,0.0,0.9523809523809523,0.0,0.3,0.0,0.5709885725336737,0.3,0.08,0.0759493670886076,0.5,0.25
116,0.9613683732686845,0.5144145291318957,0.8704990619445031,0.5104823379412664,0.23380311223024616,0.5200919797434416,0.6893617021276596,0.39742354518333295,0.3983984885178244,0.09787234042553192,0.46285714285714286,0.37683318387345016,0.3875340766103342,0.08,0.07234042553191489,0.054285714285714284,0.32857142857142857,14.565714285714286,0.08085106382978724,0.0,0.03460950378670427,0.08436634914903718,5.0638297872340425,0.0,0.0,0.15,0.08085106382978724,0,0.16811940744970705,0.22007428697443934,4.653553344050811,0.8779248568897037,0.0,0.9473684210526315,0.0,0.3,0.0,0.5709885725336737,0.3,0.08,0.07234042553191489,0.5,0.25
117,0.9621486511411703,0.514896776811002,0.8710229628017435,0.5107120215258191,0.23380311223024616,0.5198369363031398,0.6170212765957447,0.39742354518333295,0.3983984885178244,0.09787234042553192,0.4142857142857143,0.37683318387345016,0.3875340766103342,0.08,0.07234042553191489,0.06285714285714286,0.32857142857142857,14.62,0.0851063829787234,0.0,0.03460950378670427,0.08436634914903718,5.0638297872340425,0.0,0.0,0.15,0.08085106382978724,0,0.1679346689838871,0.21897391553956716,4.623339420026937,0.8603663597519096,0.0,1.0,0.0,0.3,0.0,0.5709885725336737,0.3,0.08,0.07234042553191489,0.5,0.25
118,0.9635888094244346,0.5144993528365409,0.8719899262205064,0.5097597889516057,0.23380311223024616,0.5196098606652656,0.6382978723404256,0.3975086515663117,0.3984623183050584,0.09787234042553192,0.42857142857142855,0.3768903267305931,0.38757693375319135,0.08,0.08085106382978724,0.06285714285714286,0.32857142857142857,14.662857142857144,0.08085106382978724,0.0,0.034721975833211634,0.08436634914903718,5.0638297872340425,0.0,0.0,0.15,0.08085106382978724,0,0.16798056706753908,0.21787904596186933,4.593729774483541,0.8915398121227011,0.0,0.9545454545454546,0.0,0.3,0.0,0.5624579582203801,0.3,0.08,0.08085106382978724,0.5,0.25
119,0.9624321787516134,0.5147241058003116,0.8712133313401839,0.510152878709697,0.23380311223024616,0.5193697848111747,0.574468085106383,0.39793418348120524,0.39878146724122865,0.09787234042553192,0.38571428571428573,0.3771760410163073,0.387791219467477,0.08,0.06808510638297872,0.06571428571428571,0.32857142857142857,14.728571428571428,0.07234042553191489,0.0,0.034721975833211634,0.08436634914903718,5.0638297872340425,0.0,0.0,0.15,0.08085106382978724,0,0.16968337851791565,0.21958647198028552,4.567569464708155,0.9713161191215063,0.0,0.782608695652174,0.0,0.3,0.0,0.5624579582203801,0.3,0.08,0.06808510638297872,0.5,0.25
120,0.961527920859319,0.5134434887277254,0.8706224770960418,0.5094137008985266,0.23380311223024616,0.5192316934289688,0.6324786324786325,0.3984220926865702,0.3990797618727918,0.09829059829059829,0.4228571428571429,0.3771760410163073,0.387791219467477,0.08,0.0811965811965812,0.06857142857142857,0.3314285714285714,14.788571428571428,0.0811965811965812,0.002857142857142857,0.0347556143588105,0.08436634914903716,5.051282051282051,0.0,0.0,0.15,0.0811965811965812,0,0.16937739019675466,0.2184885396203841,4.544789503985421,0.9518897967390761,0.0,1.0,0.0,0.3,0.0,0.5603163154351172,0.3,0.08,0.0851063829787234,0.5,0.25
121,0.9614484653815119,0.5132420121924403,0.8705693554337361,0.5096212327469544,0.23380311223024616,0.519105837608183,0.6965811965811965,0.39850756277204025,0.3991438644368945,0.09829059829059829,0.4657142857142857,0.37723318387345023,0.38783407661033414,0.08,0.06837606837606838,0.06,0.3314285714285714,14.808571428571428,0.07692307692307693,0.0,0.034762103301413494,0.08436634914903716,5.051282051282051,0.0,0.0,0.15,0.0811965811965812,0,0.1694725060993423,0.23391040079564265,4.513893713905713,0.9431128000000003,0.0,0.9523809523809523,0.0,0.3,0.0,0.5603163154351172,0.3,0.08,0.06837606837606838,0.5,0.25
122,0.9624469577699666,0.5133253028981878,0.8708516413356029,0.5091507363065337,0.23380311223024616,0.519090890754126,0.6796536796536796,0.39726808007998043,0.3991132810111189,0.09956709956709957,0.44857142857142857,0.37723318387345023,0.38783407661033414,0.08,0.05627705627705628,0.054285714285714284,0.34,14.851428571428572,0.06926406926406926,0.008571428571428572,0.03481802777993418,0.08436634914903718,4.9523809523809526,0.0,0.0,0.15,0.08225108225108226,0,0.16902500071170273,0.23274084879166443,4.477901553913312,0.9242505440000003,0.0,1.0,0.0,0.3,0.0,0.5603163154351172,0.3,0.08,0.0641025641025641,0.5,0.25
123,0.962702898213439,0.5128548529048601,0.8710205620282948,0.5083910564249104,0.23380311223024616,0.5189972878784548,0.658008658008658,0.39726808007998043,0.3991132810111189,0.09956709956709957,0.4342857142857143,0.37723318387345023,0.38783407661033414,0.08,0.05627705627705628,0.045714285714285714,0.34,14.925714285714285,0.0735930735930736,0.0,0.03486511114835026,0.08436634914903718,4.9523809523809526,0.0,0.0,0.15,0.07792207792207792,0,0.16866516142242993,0.23157714454770612,4.4340578085493325,0.9057655331200002,0.0,1.0,0.0,0.3,0.0,0.5603163154351172,0.3,0.08,0.05627705627705628,0.5,0.25
124,0.9632474383849946,0.5130554432965512,0.8713799585415216,0.5086918805900612,0.23380311223024616,0.5188448520132684,0.6320346320346321,0.39735466016656057,0.39917821607605397,0.09956709956709957,0.41714285714285715,0.37729032673059304,0.3878769337531913,0.08,0.06493506493506493,0.054285714285714284,0.34,14.974285714285715,0.0735930735930736,0.0,0.03486511114835026,0.08436634914903718,4.9523809523809526,0.0,0.0,0.15,0.07792207792207792,0,0.1687635527546035,0.2342785106987735,4.399662366664059,0.9039207967999998,0.0,0.9473684210526315,0.0,0.3,0.0,0.5603163154351172,0.3,0.08,0.06493506493506493,0.5,0.25
125,0.9624311784325943,0.5128785669786591,0.8708482542237476,0.5090111757163284,0.23380311223024616,0.5186495709054464,0.6521739130434783,0.39676262834897685,0.40028639360761603,0.1,0.42857142857142855,0.37729032673059304,0.3878769337531913,0.08,0.05217391304347826,0.045714285714285714,0.34285714285714286,15.034285714285714,0.06956521739130435,0.002857142857142857,0.03486128182245032,0.08436634914903718,4.947826086956522,0.0,0.0,0.15,0.0782608695652174,0,0.16834802070511623,0.23310711814527965,4.357383405045064,0.8858423808639998,0.0,1.0,0.0,0.3,0.0,0.5603163154351172,0.3,0.08,0.05627705627705628,0.5,0.25
126,0.9630458224563029,0.5127311970685844,0.8712521631536132,0.5087778970082931,0.23380311223024616,0.5184523378171118,0.6130434782608696,0.3969365413924551,0.40041682839022474,0.1,0.40285714285714286,0.3774046124448788,0.3879626480389056,0.08,0.06956521739130435,0.05714285714285714,0.34285714285714286,15.151428571428571,0.07391304347826087,0.0,0.03486128182245032,0.08436634914903718,4.947826086956522,0.0,0.0,0.15,0.0782608695652174,0,0.16884842417301918,0.2328297248943545,4.32737859408702,0.8681255332467198,0.0,0.9,0.0,0.3,0.0,0.5603163154351172,0.3,0.08,0.06956521739130435,0.5,0.25
127,0.963595502673224,0.5130321939315549,0.8716133815818757,0.5090709622523932,0.23380311223024616,0.5183560801131779,0.6521739130434783,0.3970234979141943,0.4004820457815292,0.1,0.42857142857142855,0.3774617553020216,0.3880055051817627,0.08,0.06521739130434782,0.054285714285714284,0.34285714285714286,15.162857142857144,0.06956521739130435,0.0,0.03486128182245032,0.08436634914903718,4.947826086956522,0.0,0.0,0.15,0.0782608695652174,0,0.16903147062001123,0.2316655762698827,4.295116736490995,0.8574203482865637,0.0,0.9473684210526315,0.0,0.3,0.0,0.5603163154351172,0.3,0.08,0.06521739130434782,0.5,0.25
128,0.9653431880008482,0.5129484773032336,0.8718799611831779,0.5084439431901364,0.23380311223024616,0.5182689878858826,0.6462882096069869,0.3981710614338242,0.40049423543055496,0.10043668122270742,0.4228571428571429,0.3775188981591645,0.38804836232461987,0.08,0.0611353711790393,0.05714285714285714,0.3457142857142857,15.18,0.06550218340611354,0.002857142857142857,0.03487346927976534,0.08436634914903718,4.934497816593886,0.0,0.0,0.15,0.07860262008733625,0,0.1691288846954826,0.23138971712716952,4.266357258904031,0.905130598633267,0.0,0.95,0.0,0.3,0.0,0.5603163154351172,0.3,0.08,0.06521739130434782,0.5,0.25
129,0.9647902023324937,0.5138693650171051,0.8715181505601689,0.5089420875349823,0.23380311223024616,0.518111826733193,0.6637554585152838,0.3982583976783657,0.40055973761396113,0.10043668122270742,0.4342857142857143,0.3775760410163074,0.388091219467477,0.08,0.07423580786026202,0.06,0.3457142857142857,15.251428571428571,0.06550218340611354,0.0,0.03487690760598422,0.08436634914903718,4.934497816593886,0.0,0.0,0.15,0.07860262008733625,0,0.16919738312914806,0.23437205850788845,4.241030113725951,0.9419439728972206,0.0,0.9523809523809523,0.0,0.3,0.0,0.5603163154351172,0.3,0.08,0.07423580786026202,0.5,0.25
130,0.9669786410179964,0.5142959194610243,0.8718124665966944,0.5093086411838226,0.23380311223024616,0.5179926345077741,0.6666666666666666,0.39969557078680534,0.4006777622760623,0.10087719298245613,0.4342857142857143,0.3776331838734502,0.38813407661033417,0.08,0.04824561403508772,0.045714285714285714,0.3485714285714286,15.265714285714285,0.06140350877192982,0.002857142857142857,0.03499392689980889,0.08436634914903718,4.719298245614035,0.0,0.0,0.15,0.07894736842105263,0,0.1692083962135023,0.233200198215349,4.201923797165717,0.934050196792575,0.0,0.9375,0.0,0.3,0.0,0.5603163154351172,0.3,0.08,0.05240174672489083,0.5,0.25
131,0.9667848043769334,0.5148729054776802,0.8708991450742435,0.5094074664327934,0.23380311223024616,0.5180405121330458,0.6167400881057269,0.39988796600794346,0.3997433314389449,0.1013215859030837,0.4,0.37780461244487873,0.38826264803890564,0.08,0.06167400881057269,0.054285714285714284,0.3514285714285714,15.354285714285714,0.05726872246696035,0.002857142857142857,0.035201641395398726,0.08436634914903716,4.290748898678414,0.0,0.0,0.15,0.07929515418502203,0,0.1700477828038634,0.23739952339534937,4.172171035508116,1.0007989580204897,0.0,0.8421052631578947,0.0,0.3,0.0,0.5603163154351172,0.3,0.08,0.06578947368421052,0.5,0.25
132,0.9674902882186424,0.514207181840784,0.8710474794314214,0.5086992104772942,0.23380311223024616,0.5181728207067082,0.6371681415929203,0.40014405852121265,0.40043150090056007,0.10176991150442478,0.4114285714285714,0.37780461244487873,0.38826264803890564,0.08,0.05309734513274336,0.04,0.35428571428571426,15.382857142857143,0.05309734513274336,0.002857142857142857,0.03545024365683914,0.08436634914903716,4.238938053097345,0.0,0.0,0.15,0.07964601769911504,0,0.1695968303184155,0.23621252577837262,4.128727614797955,0.9807829788600798,0.0,1.0,0.0,0.3,0.0,0.5603163154351172,0.3,0.08,0.05726872246696035,0.5,0.25
133,0.967773807931609,0.5123120787650736,0.8712305521603655,0.5076037384056737,0.23380311223024616,0.5183503646883121,0.6017699115044248,0.4002325540964338,0.400497872581976,0.10176991150442478,0.38857142857142857,0.37786175530202165,0.38830550518176277,0.08,0.05309734513274336,0.037142857142857144,0.35428571428571426,15.434285714285714,0.05309734513274336,0.0,0.03547474946657731,0.08436634914903716,4.238938053097345,0.0,0.0,0.15,0.07964601769911504,0,0.16943441759539485,0.23503146314948076,4.0832959196448515,0.9712658735459037,0.0,0.9230769230769231,0.0,0.3,0.0,0.5603163154351172,0.3,0.08,0.05309734513274336,0.5,0.25
134,0.9678325422399522,0.5132683452433571,0.8712684777423241,0.5079131738279034,0.23380311223024616,0.5185268390254547,0.6548672566371682,0.4002325540964338,0.400497872581976,0.10176991150442478,0.4228571428571429,0.37786175530202165,0.38830550518176277,0.08,0.05309734513274336,0.037142857142857144,0.35428571428571426,15.471428571428572,0.05752212389380531,0.0,0.03547474946657731,0.08436634914903716,4.238938053097345,0.0,0.0,0.15,0.07964601769911504,0,0.1688728169359893,0.23385630583373335,4.038772858394813,0.9518405560749855,0.0,1.0,0.0,0.3,0.0,0.5603163154351172,0.3,0.08,0.05309734513274336,0.5,0.25
135,0.9677104082756073,0.5135424183260376,0.8711511063973827,0.5082797868967354,0.23380311223024616,0.5187346109120029,0.6577777777777778,0.40134912340412116,0.40150426052389676,0.10222222222222223,0.4228571428571429,0.3779188981591645,0.38834836232461983,0.08,0.035555555555555556,0.022857142857142857,0.35714285714285715,15.474285714285715,0.05333333333333334,0.002857142857142857,0.03551690537012093,0.08436634914903718,4.177777777777778,0.0,0.0,0.15,0.08,0,0.1687137392798808,0.23268702430456467,3.980854544084059,0.9624382784772756,0.0,0.875,0.0,0.3,0.0,0.5603163154351172,0.3,0.08,0.035398230088495575,0.5,0.25
136,0.9668237828483398,0.5130097653603541,0.870581132908425,0.5080722752807137,0.23380311223024616,0.5189654166682593,0.7066666666666667,0.40134912340412116,0.40150426052389676,0.10222222222222223,0.4542857142857143,0.3779188981591645,0.38834836232461983,0.08,0.04,0.025714285714285714,0.35714285714285715,15.508571428571429,0.05333333333333334,0.0,0.03555046372846062,0.08436634914903718,4.177777777777778,0.0,0.0,0.15,0.08,0,0.16809845629776712,0.23152358918304183,3.9269517389166633,0.94318951290773,0.0,1.0,0.0,0.3,0.0,0.5603163154351172,0.3,0.08,0.04,0.5,0.25
137,0.9659757509858004,0.5130982823495511,0.8700359695682209,0.5079541396470544,0.23380311223024616,0.5190843844620677,0.6933333333333334,0.40143801229300996,0.4015709271905635,0.10222222222222223,0.44571428571428573,0.37797604101630733,0.38839121946747707,0.08,0.05333333333333334,0.04,0.35714285714285715,15.51142857142857,0.05333333333333334,0.0,0.03555046372846062,0.08436634914903718,4.177777777777778,0.0,0.0,0.15,0.08,0,0.16808567901627822,0.23036597123712663,3.8884127041383296,0.9437894078461763,0.0,0.9285714285714286,0.0,0.3,0.0,0.5603163154351172,0.3,0.08,0.05333333333333334,0.5,0.25
138,0.9677613810675716,0.5125624191636327,0.871107316399476,0.5086232351954727,0.23380311223024616,0.5191627635878668,0.6651785714285714,0.4014293694890508,0.4020923424621293,0.10267857142857142,0.4257142857142857,0.37797604101630733,0.38839121946747707,0.08,0.05357142857142857,0.04,0.36,15.574285714285715,0.05357142857142857,0.002857142857142857,0.03556630208034812,0.08436634914903716,4.151785714285714,0.0,0.0,0.15,0.08035714285714286,0,0.16755939347833973,0.229214141380941,3.8506444500555634,0.9249136196892527,0.0,1.0,0.0,0.3,0.0,0.5603163154351172,0.3,0.08,0.057777777777777775,0.5,0.25
139,0.9684228089622614,0.5122846300370496,0.8715306302520776,0.5080073860719166,0.23380311223024616,0.519194714870734,0.6294642857142857,0.4014293694890508,0.4020923424621293,0.10267857142857142,0.40285714285714286,0.37797604101630733,0.38839121946747707,0.08,0.049107142857142856,0.03428571428571429,0.36,15.642857142857142,0.05357142857142857,0.0,0.035577765078034417,0.08436634914903716,4.151785714285714,0.0,0.0,0.15,0.08035714285714286,0,0.16695016793951944,0.2280680706740363,3.8079172753401656,0.9064153472954676,0.0,1.0,0.0,0.3,0.0,0.5603163154351172,0.3,0.08,0.049107142857142856,0.5,0.25
140,0.9698522549821753,0.5122379289684977,0.8724454757048226,0.5077253257486701,0.23380311223024616,0.5190919417978936,0.6383928571428571,0.4014293694890508,0.4020923424621293,0.10267857142857142,0.4085714285714286,0.37797604101630733,0.38839121946747707,0.08,0.044642857142857144,0.02857142857142857,0.36,15.674285714285714,0.05357142857142857,0.0,0.035577765078034417,0.08436634914903716,4.151785714285714,0.0,0.0,0.15,0.08035714285714286,0,0.16634384567125038,0.2269277303206661,3.7603303584047914,0.8882870403495582,0.0,1.0,0.0,0.3,0.0,0.5603163154351172,0.3,0.08,0.044642857142857144,0.5,0.25
141,0.971414928468408,0.5123962906204068,0.8734455867360116,0.5080175724582028,0.23380311223024616,0.5189435901498025,0.6116071428571429,0.4014293694890508,0.4020923424621293,0.10267857142857142,0.3914285714285714,0.37797604101630733,0.38839121946747707,0.08,0.05357142857142857,0.037142857142857144,0.36,15.634285714285713,0.05357142857142857,0.0,0.035577765078034417,0.08436634914903716,4.151785714285714,0.0,0.0,0.15,0.08035714285714286,0,0.16582612644289416,0.22579309166906278,3.7222666083795524,0.8705212995425671,0.0,1.0,0.0,0.3,0.0,0.5603163154351172,0.3,0.08,0.05357142857142857,0.5,0.25
142,0.9718668412190785,0.511784336119803,0.8737747718991979,0.507585842617416,0.23380311223024616,0.5187397184100523,0.6412556053811659,0.4027484116610297,0.4011634407869382,0.1031390134529148,0.4085714285714286,0.37797604101630733,0.38839121946747707,0.08,0.04484304932735426,0.03428571428571429,0.3628571428571429,15.685714285714285,0.04932735426008968,0.002857142857142857,0.03561679709806111,0.08436634914903718,4.098654708520179,0.0,0.0,0.15,0.08071748878923767,0,0.16522556723925114,0.22466412621071746,3.6821069904976755,0.8531108735517158,0.0,1.0,0.0,0.3,0.0,0.5603163154351172,0.3,0.08,0.049107142857142856,0.5,0.25
143,0.971061323707562,0.5113174381754959,0.8732615421704318,0.5069879025183929,0.23380311223024616,0.5184111797443115,0.7040358744394619,0.4027484116610297,0.4011634407869382,0.1031390134529148,0.44857142857142857,0.37797604101630733,0.38839121946747707,0.08,0.04035874439461883,0.02857142857142857,0.3628571428571429,15.742857142857142,0.04932735426008968,0.0,0.03564501934704668,0.08436634914903718,4.098654708520179,0.0,0.0,0.15,0.08071748878923767,0,0.16457086797448342,0.22354080557966385,3.6370362792591506,0.8360486560806815,0.0,1.0,0.0,0.3,0.0,0.5603163154351172,0.3,0.08,0.04035874439461883,0.5,0.25
144,0.9716917293665298,0.5114266313454935,0.8736632006331454,0.5067131881540646,0.23380311223024616,0.5180864060456355,0.6860986547085202,0.4028380977596844,0.4012307053609293,0.1031390134529148,0.43714285714285717,0.3780331838734502,0.38843407661033424,0.08,0.04484304932735426,0.02857142857142857,0.3628571428571429,15.785714285714286,0.053811659192825115,0.0,0.03564501934704668,0.08436634914903718,4.098654708520179,0.0,0.0,0.15,0.08071748878923767,0,0.16443330006318244,0.22242310155176553,3.5928669822453956,0.8371855392418075,0.0,0.9,0.0,0.3,0.0,0.5603163154351172,0.3,0.08,0.04484304932735426,0.5,0.25
145,0.9707282425947413,0.5109315508831427,0.8730493219185489,0.5066468758490003,0.23380311223024616,0.5177951395385497,0.7130044843049327,0.4028380977596844,0.4012307053609293,0.1031390134529148,0.4542857142857143,0.3780331838734502,0.38843407661033424,0.08,0.03139013452914798,0.022857142857142857,0.3628571428571429,15.808571428571428,0.04932735426008968,0.0,0.03564501934704668,0.08436634914903718,4.098654708520179,0.0,0.0,0.15,0.08071748878923767,0,0.1638392771342951,0.22131098604400673,3.5438667854576313,0.8204418284569713,0.0,1.0,0.0,0.3,0.0,0.5603163154351172,0.3,0.08,0.03139013452914798,0.5,0.25
146,0.9698222712828714,0.5103650396181104,0.8724720887684145,0.5057716494658535,0.23380311223024616,0.5175727917405558,0.7040358744394619,0.40301746995699383,0.4013652345089114,0.1031390134529148,0.44857142857142857,0.37814746958773593,0.38851979089604843,0.08,0.04484304932735426,0.03142857142857143,0.3628571428571429,15.82857142857143,0.05829596412556054,0.0,0.03564501934704668,0.08436634914903718,4.098654708520179,0.0,0.0,0.15,0.08071748878923767,0,0.16410565217719505,0.22020443111378668,3.50441802117705,0.9037399454361483,0.0,0.8181818181818182,0.0,0.3,0.0,0.5603163154351172,0.3,0.08,0.04484304932735426,0.5,0.25
147,0.9707638720271192,0.5102806453960018,0.8730720229568926,0.5061202159347171,0.23380311223024616,0.5172228455207278,0.672645739910314,0.40301746995699383,0.4013652345089114,0.1031390134529148,0.42857142857142855,0.37814746958773593,0.38851979089604843,0.08,0.03587443946188341,0.025714285714285714,0.3628571428571429,15.925714285714285,0.053811659192825115,0.0,0.03564501934704668,0.08436634914903718,4.098654708520179,0.0,0.0,0.15,0.08071748878923767,0,0.16348512391630907,0.21910340895821775,3.4600439464677946,0.8856651465274253,0.0,1.0,0.0,0.3,0.0,0.5603163154351172,0.3,0.08,0.03587443946188341,0.5,0.25
148,0.97015318351044,0.510958045690543,0.8726829271305513,0.5065965311188505,0.23380311223024616,0.5167643949904654,0.6771300448430493,0.40301746995699383,0.4013652345089114,0.1031390134529148,0.43142857142857144,0.37814746958773593,0.38851979089604843,0.08,0.03587443946188341,0.022857142857142857,0.3628571428571429,15.90857142857143,0.053811659192825115,0.0,0.03564501934704668,0.08436634914903718,4.098654708520179,0.0,0.0,0.15,0.08071748878923767,0,0.16292398686458467,0.21800789191342665,3.4137002103955814,0.8679518435968768,0.0,1.0,0.0,0.3,0.0,0.5603163154351172,0.3,0.08,0.03587443946188341,0.5,0.25
149,0.9703765568544404,0.5112193884779342,0.8722172966305021,0.5065983896197332,0.23380311223024616,0.5164009936699465,0.6621621621621622,0.40233012712516697,0.4016266421607127,0.1036036036036036,0.42,0.3782046124448788,0.3885626480389056,0.08,0.036036036036036036,0.02857142857142857,0.3657142857142857,15.928571428571429,0.04504504504504504,0.002857142857142857,0.03565026476181496,0.08436634914903719,4.09009009009009,0.0,0.0,0.15,0.08108108108108109,0,0.16279479550169032,0.21691785245385953,3.3739976347590983,0.9076479171200007,0.0,0.9,0.0,0.3,0.0,0.5603163154351172,0.3,0.08,0.04035874439461883,0.5,0.25
150,0.9696110172999145,0.5111443153275429,0.8711683837987025,0.5067551665687386,0.23380311223024616,0.5160840427149523,0.7194570135746606,0.39987817535500236,0.40040701107712867,0.09954751131221719,0.4542857142857143,0.3782046124448788,0.3885626480389056,0.08,0.027149321266968326,0.022857142857142857,0.36857142857142855,15.922857142857143,0.04072398190045249,0.002857142857142857,0.035675506244762484,0.08436634914903718,4.081447963800905,0.0,0.0,0.15,0.08144796380090498,0,0.16215225009561043,0.21583326319159024,3.329374824921059,0.8894949587776007,0.0,1.0,0.0,0.3,0.0,0.5603163154351172,0.3,0.08,0.03153153153153153,0.5,0.25
151,0.9723457091307143,0.5113276534128557,0.8726294933937424,0.5062843447644381,0.23380311223024616,0.5156884773626015,0.65,0.3974230761520706,0.3983702920547039,0.09545454545454546,0.4085714285714286,0.3783760410163073,0.38869121946747703,0.08,0.031818181818181815,0.025714285714285714,0.37142857142857144,15.942857142857143,0.03636363636363636,0.002857142857142857,0.035697370602030064,0.08436634914903716,4.054545454545455,0.0,0.0,0.15,0.08181818181818182,0,0.16274148884513237,0.22640360813627375,3.2885016141369228,0.9342840062548,0.0,0.6666666666666666,0.0,0.3,0.0,0.5603163154351172,0.3,0.08,0.03619909502262444,0.5,0.25
152,0.9710309037199549,0.5109506565260554,0.871803044278408,0.5062481702395992,0.23380311223024616,0.5155665011910596,0.7363636363636363,0.3974230761520706,0.3983702920547039,0.09545454545454546,0.46285714285714286,0.3783760410163073,0.38869121946747703,0.08,0.01818181818181818,0.014285714285714285,0.37142857142857144,15.957142857142857,0.03636363636363636,0.0,0.035704643037504924,0.08436634914903716,4.054545454545455,0.0,0.0,0.15,0.08181818181818182,0,0.16207049568662102,0.2252715900955924,3.2370172961398995,0.9155983261297039,0.0,1.0,0.0,0.3,0.0,0.5603163154351172,0.3,0.08,0.01818181818181818,0.5,0.25
153,0.9714273785058659,0.5120255735799926,0.8720522570009805,0.5071304854259377,0.23380311223024616,0.5154746200559437,0.7318181818181818,0.39751398524297965,0.3984384738728858,0.09545454545454546,0.46,0.37843318387345015,0.3887340766103341,0.08,0.02727272727272727,0.02,0.37142857142857144,15.937142857142858,0.03636363636363636,0.0,0.035704643037504924,0.08436634914903716,4.054545454545455,0.0,0.0,0.15,0.08181818181818182,0,0.16180300035104506,0.24300491226471485,3.192276950217101,0.9115507631793254,0.0,0.8571428571428571,0.0,0.3,0.0,0.5603163154351172,0.3,0.08,0.02727272727272727,0.5,0.25
154,0.9715631395415343,0.51178134757533,0.8721375925091152,0.5066342039778442,0.23380311223024616,0.5154889363343469,0.6954545454545454,0.39751398524297965,0.3984384738728858,0.09545454545454546,0.43714285714285717,0.37843318387345015,0.3887340766103341,0.08,0.022727272727272728,0.017142857142857144,0.37142857142857144,15.92,0.04090909090909091,0.0,0.035704643037504924,0.08436634914903716,4.054545454545455,0.0,0.0,0.15,0.08181818181818182,0,0.16110827106357553,0.24178988770339127,3.145574268355616,0.8933197479157389,0.0,1.0,0.0,0.3,0.0,0.5603163154351172,0.3,0.08,0.022727272727272728,0.5,0.25
155,0.9711344162348687,0.5124338386813624,0.8718681092877824,0.5067638650160384,0.23380311223024616,0.515405008421751,0.7181818181818181,0.39751398524297965,0.3984384738728858,0.09545454545454546,0.4514285714285714,0.37843318387345015,0.3887340766103341,0.08,0.01818181818181818,0.014285714285714285,0.37142857142857144,15.954285714285714,0.04090909090909091,0.0,0.035704643037504924,0.08436634914903716,4.054545454545455,0.0,0.0,0.15,0.08181818181818182,0,0.16038844399397195,0.2405809382648743,3.0969484972742185,0.875453352957424,0.0,1.0,0.0,0.3,0.0,0.5603163154351172,0.3,0.08,0.01818181818181818,0.5,0.25
156,0.9742486998697353,0.5127067521616026,0.8732645834907893,0.5062852455798935,0.23380311223024616,0.5154461672021223,0.7385321100917431,0.3981924643488496,0.39817076674648455,0.0963302752293578,0.46,0.37843318387345015,0.3887340766103341,0.08,0.022935779816513763,0.017142857142857144,0.37714285714285717,15.994285714285715,0.03211009174311927,0.005714285714285714,0.03574755880979325,0.08436634914903718,3.981651376146789,0.0,0.0,0.15,0.08256880733944955,0,0.15972921605971638,0.23937803357354992,3.052152384471591,0.8579442858982755,0.0,1.0,0.0,0.3,0.0,0.5603163154351172,0.3,0.08,0.022727272727272728,0.5,0.25
157,0.9730121007211862,0.5119462119070024,0.8724943588782645,0.5062198813285055,0.23380311223024616,0.5154886425296537,0.7477064220183486,0.3983759505873817,0.39830838142538366,0.0963302752293578,0.4657142857142857,0.37854746958773594,0.3888197908960484,0.08,0.022935779816513763,0.02,0.37714285714285717,15.974285714285715,0.03211009174311927,0.0,0.03579981736731661,0.08436634914903718,3.981651376146789,0.0,0.0,0.15,0.0779816513761468,0,0.15990199855084636,0.23818114340568217,3.0111093367821593,0.8688444154283763,0.0,0.7142857142857143,0.0,0.3,0.0,0.5603163154351172,0.3,0.08,0.022935779816513763,0.5,0.25
158,0.9739203182272603,0.5111973308957044,0.8730600486391906,0.5054195560583578,0.23380311223024616,0.515364543945748,0.7339449541284404,0.39846769370664775,0.39837718876483313,0.0963302752293578,0.45714285714285713,0.37860461244487886,0.3888626480389056,0.08,0.027522935779816515,0.02,0.37714285714285717,16.01142857142857,0.03211009174311927,0.0,0.03579981736731661,0.08436634914903718,3.981651376146789,0.0,0.0,0.15,0.0779816513761468,0,0.1596453457009493,0.23699023768865377,2.9708871500465155,0.8681255332467198,0.0,0.8571428571428571,0.0,0.3,0.0,0.5603163154351172,0.3,0.08,0.027522935779816515,0.5,0.25
159,0.9739935853135148,0.5109112691623858,0.8731056835672005,0.5046108959031099,0.23380311223024616,0.5153279230054153,0.7935779816513762,0.39846769370664775,0.39837718876483313,0.0963302752293578,0.4942857142857143,0.37860461244487886,0.3888626480389056,0.08,0.013761467889908258,0.011428571428571429,0.37714285714285717,16.02,0.03211009174311927,0.0,0.03579981736731661,0.08436634914903718,3.981651376146789,0.0,0.0,0.15,0.0779816513761468,0,0.15890426182958736,0.2358052865002105,2.9228979784741567,0.8507630225817854,0.0,1.0,0.0,0.3,0.0,0.5603163154351172,0.3,0.08,0.013761467889908258,0.5,0.25
160,0.9733972546687295,0.5115604077864735,0.8727342547655914,0.5049973637236363,0.23380311223024616,0.5152196702278644,0.8073394495412844,0.39874292306444586,0.39858361078318183,0.0963302752293578,0.5028571428571429,0.37877604101630735,0.38899121946747706,0.08,0.03211009174311927,0.025714285714285714,0.37714285714285717,16.071428571428573,0.03211009174311927,0.0,0.03579981736731661,0.08436634914903718,3.981651376146789,0.0,0.0,0.15,0.0779816513761468,0,0.1595665976632966,0.24595018093535645,2.8901543046189593,0.8851447673298405,0.0,0.6666666666666666,0.0,0.3,0.0,0.5603163154351172,0.3,0.08,0.03211009174311927,0.5,0.25
161,0.9732472903339279,0.5130438313304954,0.8725095095142662,0.5052758761801117,0.23380311223024616,0.5152881618232241,0.695852534562212,0.4000650180199238,0.39931244671898025,0.0967741935483871,0.43142857142857144,0.37889032673059303,0.38907693375319125,0.08,0.03225806451612903,0.022857142857142857,0.38,16.12,0.027649769585253458,0.002857142857142857,0.035811259433794644,0.08436634914903716,3.9631336405529956,0.0,0.0,0.15,0.07834101382488479,0,0.15974019324640867,0.2634365303911678,2.855208361383723,0.9062772722150074,0.0,0.75,0.0,0.3,0.0,0.5603163154351172,0.3,0.08,0.03211009174311927,0.5,0.25
162,0.9748277090595702,0.5135030350052404,0.8734893691241645,0.5059289326836349,0.23380311223024616,0.5155007644200758,0.7188940092165899,0.4000650180199238,0.39931244671898025,0.0967741935483871,0.44571428571428573,0.37889032673059303,0.38907693375319125,0.08,0.018433179723502304,0.014285714285714285,0.38,16.165714285714287,0.027649769585253458,0.0,0.0358217755246388,0.08436634914903716,3.9631336405529956,0.0,0.0,0.15,0.07834101382488479,0,0.1590272065658909,0.26211934773921197,2.812389908441763,0.8881517267707073,0.0,1.0,0.0,0.3,0.0,0.5603163154351172,0.3,0.08,0.018433179723502304,0.5,0.25
163,0.9762318238097065,0.5131060224259671,0.8743599202692491,0.5051235925754408,0.23380311223024616,0.5158140962519051,0.6682027649769585,0.40015718391854116,0.3993815711429434,0.0967741935483871,0.4142857142857143,0.3789474695877359,0.38911979089604837,0.08,0.027649769585253458,0.02,0.38,16.205714285714286,0.027649769585253458,0.0,0.0358217755246388,0.08436634914903716,3.9631336405529956,0.0,0.0,0.15,0.07834101382488479,0,0.15880335624734718,0.2608087510005159,2.776142110272928,0.8858423808639998,0.0,0.8571428571428571,0.0,0.3,0.0,0.5603163154351172,0.3,0.08,0.027649769585253458,0.5,0.25
164,0.9753401008810955,0.5127288233137964,0.8738070520535101,0.5048197123532013,0.23380311223024616,0.516101810231785,0.728110599078341,0.40015718391854116,0.3993815711429434,0.0967741935483871,0.4514285714285714,0.3789474695877359,0.38911979089604837,0.08,0.018433179723502304,0.014285714285714285,0.38,16.24,0.027649769585253458,0.0,0.0358217755246388,0.08436634914903716,3.9631336405529956,0.0,0.0,0.15,0.07834101382488479,0,0.15809505375182473,0.2595047072455133,2.734904982353183,0.8681255332467198,0.0,1.0,0.0,0.3,0.0,0.5603163154351172,0.3,0.08,0.018433179723502304,0.5,0.25
165,0.9742321144575067,0.5132816893909049,0.8731201004708851,0.5046207949930247,0.23380311223024616,0.5162889627243133,0.7235023041474654,0.40015718391854116,0.3993815711429434,0.0967741935483871,0.44857142857142857,0.3789474695877359,0.38911979089604837,0.08,0.02304147465437788,0.017142857142857144,0.38,16.297142857142855,0.027649769585253458,0.0,0.0358217755246388,0.08436634914903716,3.9631336405529956,0.0,0.0,0.15,0.07834101382488479,0,0.15744729276877986,0.25820718370928575,2.6973497398489763,0.8507630225817854,0.0,1.0,0.0,0.3,0.0,0.5603163154351172,0.3,0.08,0.02304147465437788,0.5,0.25
166,0.9748493335890215,0.5138510204176667,0.8728463553633318,0.5047789607638719,0.23380311223024616,0.5164495112884588,0.7129629629629629,0.40093803631773045,0.40085611007303457,0.09722222222222222,0.44,0.3789474695877359,0.38911979089604837,0.08,0.009259259259259259,0.005714285714285714,0.38285714285714284,16.411428571428573,0.027777777777777776,0.002857142857142857,0.03595532082095917,0.08436634914903715,3.8055555555555554,0.0,0.0,0.15,0.0787037037037037,0,0.15671719916207885,0.25691614779073935,2.649117030766283,0.8337477621301497,0.0,1.0,0.0,0.3,0.0,0.5603163154351172,0.3,0.08,0.009216589861751152,0.5,0.25
167,0.9747774015689818,0.513195580019092,0.8728019630309645,0.5046171822352566,0.23380311223024616,0.5167582849148112,0.6805555555555556,0.40093803631773045,0.40085611007303457,0.09722222222222222,0.42,0.3789474695877359,0.38911979089604837,0.08,0.018518518518518517,0.014285714285714285,0.38285714285714284,16.425714285714285,0.023148148148148147,0.0,0.035980546595831324,0.08436634914903715,3.8055555555555554,0.0,0.0,0.15,0.0787037037037037,0,0.15607618459483988,0.25563156705178564,2.6104204044366712,0.8170728068875467,0.0,1.0,0.0,0.3,0.0,0.5603163154351172,0.3,0.08,0.018518518518518517,0.5,0.25
168,0.9752616759672421,0.5126358144852176,0.873100829516748,0.5038085502177452,0.23380311223024616,0.5171636439468401,0.6620370370370371,0.40093803631773045,0.40085611007303457,0.09722222222222222,0.4085714285714286,0.3789474695877359,0.38911979089604837,0.08,0.018518518518518517,0.014285714285714285,0.38285714285714284,16.482857142857142,0.023148148148148147,0.0,0.035980546595831324,0.08436634914903715,3.8055555555555554,0.0,0.0,0.15,0.0787037037037037,0,0.15540994652900852,0.2543534092165267,2.5724977106336517,0.8007313507497957,0.0,1.0,0.0,0.3,0.0,0.5603163154351172,0.3,0.08,0.018518518518518517,0.5,0.25
169,0.9794826785067724,0.5123535621522735,0.8738622589531218,0.5035643316679453,0.23380311223024616,0.517588266137421,0.6651162790697674,0.40158677484524574,0.40124703775109627,0.09767441860465116,0.4085714285714286,0.3790046124448788,0.38916264803890566,0.08,0.023255813953488372,0.02,0.38571428571428573,16.54,0.018604651162790697,0.002857142857142857,0.036021059182740546,0.08436634914903719,3.7488372093023257,0.0,0.0,0.15,0.07906976744186046,0,0.15520418251064919,0.2618430265907964,2.541047756420979,0.7863181864362998,0.0,0.8571428571428571,0.0,0.3,0.0,0.5603163154351172,0.3,0.08,0.027777777777777776,0.5,0.25
170,0.9781697888515969,0.5110077869872112,0.873010634223525,0.5031398897122795,0.23380311223024616,0.518022039679897,0.6448598130841121,0.4029451217164361,0.40057675959064404,0.09813084112149532,0.3942857142857143,0.3790046124448788,0.38916264803890566,0.08,0.014018691588785047,0.014285714285714285,0.38857142857142857,16.591428571428573,0.02336448598130841,0.002857142857142857,0.0360566534875223,0.08436634914903718,3.7289719626168223,0.0,0.0,0.15,0.0794392523364486,0,0.15451387588381024,0.2605338114578424,2.5045125155782735,0.7705918227075738,0.0,1.0,0.0,0.3,0.0,0.5603163154351172,0.3,0.08,0.018604651162790697,0.5,0.25
171,0.9778450665659116,0.5121226217308219,0.8728120897402775,0.5033558309496597,0.23380311223024616,0.5182964182929891,0.6261682242990654,0.40303857966036133,0.400646853048588,0.09813084112149532,0.38285714285714284,0.3790617553020217,0.3892055051817627,0.08,0.018691588785046728,0.014285714285714285,0.38857142857142857,16.63142857142857,0.014018691588785047,0.0,0.03606678979018498,0.08436634914903718,3.7289719626168223,0.0,0.0,0.15,0.0794392523364486,0,0.15422702079010547,0.25923114240055317,2.468707979552422,0.7744018724799737,0.0,0.8,0.0,0.3,0.0,0.5603163154351172,0.3,0.08,0.018691588785046728,0.5,0.25
172,0.9778605446323045,0.5128217761575243,0.8728215534723006,0.5040619688714423,0.23380311223024616,0.5186237866573545,0.6728971962616822,0.4031320376042865,0.4007169465065319,0.09813084112149532,0.4114285714285714,0.37911889815916455,0.38924836232461985,0.08,0.014018691588785047,0.008571428571428572,0.38857142857142857,16.62,0.014018691588785047,0.0,0.03606678979018498,0.08436634914903718,3.7289719626168223,0.0,0.0,0.15,0.0794392523364486,0,0.1539130285432978,0.2579349866885504,2.4279052485328023,0.8130502489727309,0.0,0.6666666666666666,0.0,0.3,0.0,0.5603163154351172,0.3,0.08,0.014018691588785047,0.5,0.25
173,0.9798096633426592,0.5133219732950737,0.8740133003409174,0.5047344844492517,0.23380311223024616,0.5189264098513133,0.6542056074766355,0.4031320376042865,0.4007169465065319,0.09813084112149532,0.4,0.37911889815916455,0.38924836232461985,0.08,0.014018691588785047,0.011428571428571429,0.38857142857142857,16.62857142857143,0.014018691588785047,0.0,0.03606678979018498,0.08436634914903718,3.7289719626168223,0.0,0.0,0.15,0.0794392523364486,0,0.15322903482915276,0.2566453117551077,2.390775714990718,0.7967892439932763,0.0,1.0,0.0,0.3,0.0,0.5603163154351172,0.3,0.08,0.014018691588785047,0.5,0.25
174,0.9784739831430018,0.513926616694441,0.8731966273045556,0.5050571290129003,0.23380311223024616,0.5190727024199915,0.616822429906542,0.40331895349213703,0.40085713342241974,0.09813084112149532,0.37714285714285717,0.3792331838734502,0.38933407661033415,0.08,0.02336448598130841,0.017142857142857144,0.38857142857142857,16.69142857142857,0.014018691588785047,0.0,0.03606678979018498,0.08436634914903718,3.7289719626168223,0.0,0.0,0.15,0.0794392523364486,0,0.15337717536929268,0.25536208519633213,2.3601030578337605,0.8704714401110606,0.0,0.6666666666666666,0.0,0.3,0.0,0.5603163154351172,0.3,0.08,0.02336448598130841,0.5,0.25
175,0.9778936491158441,0.5145291637660472,0.872841794499379,0.5053772869770075,0.23380311223024616,0.5192647599456408,0.6261682242990654,0.40331895349213703,0.40085713342241974,0.09813084112149532,0.38285714285714284,0.3792331838734502,0.38933407661033415,0.08,0.009345794392523364,0.008571428571428572,0.38857142857142857,16.694285714285716,0.014018691588785047,0.0,0.03606678979018498,0.08436634914903718,3.7289719626168223,0.0,0.0,0.15,0.0794392523364486,0,0.1526674323495891,0.2540852747703505,2.3214724252485133,0.8530620113088393,0.0,1.0,0.0,0.3,0.0,0.5603163154351172,0.3,0.08,0.009345794392523364,0.5,0.25
176,0.9787060951466477,0.5143157267100764,0.8733385472153561,0.5058078049927162,0.23380311223024616,0.5194506391309857,0.6915887850467289,0.40331895349213703,0.40085713342241974,0.09813084112149532,0.4228571428571429,0.3792331838734502,0.38933407661033415,0.08,0.014018691588785047,0.011428571428571429,0.38857142857142857,16.67142857142857,0.014018691588785047,0.0,0.03606678979018498,0.08436634914903718,3.7289719626168223,0.0,0.0,0.15,0.0794392523364486,0,0.15196123804498401,0.2528148483964987,2.286471548172115,0.8360007710826626,0.0,1.0,0.0,0.3,0.0,0.5603163154351172,0.3,0.08,0.014018691588785047,0.5,0.25
177,0.9795575906971015,0.5132495694720609,0.8738591759233478,0.5049907848101888,0.23380311223024616,0.5196053415247621,0.6822429906542056,0.40350586937998745,0.4009973203383076,0.09813084112149532,0.41714285714285715,0.37934746958773596,0.38941979089604845,0.08,0.02336448598130841,0.017142857142857144,0.38857142857142857,16.71142857142857,0.018691588785046728,0.0,0.03606678979018498,0.08436634914903718,3.7289719626168223,0.0,0.0,0.15,0.0794392523364486,0,0.1521157175690448,0.2515507741545162,2.2578849743515295,0.8873055374499309,0.0,0.6666666666666666,0.0,0.3,0.0,0.5603163154351172,0.3,0.08,0.02336448598130841,0.5,0.25
178,0.9800034126510128,0.5128478448821819,0.8741317642037393,0.5047681282980272,0.23380311223024616,0.5197641627329169,0.6869158878504673,0.40369278526783803,0.40113750725419545,0.09813084112149532,0.42,0.37946175530202175,0.3895055051817628,0.08,0.02336448598130841,0.017142857142857144,0.38857142857142857,16.722857142857144,0.018691588785046728,0.0,0.03606678979018498,0.08436634914903718,3.7289719626168223,0.0,0.0,0.15,0.0794392523364486,0,0.1522694246954853,0.2502930202837437,2.229870132007356,0.8894949587776007,0.0,0.6666666666666666,0.0,0.3,0.0,0.5603163154351172,0.3,0.08,0.02336448598130841,0.5,0.25
179,0.9794554615505725,0.5139373688172224,0.8737967312451842,0.5051831963274042,0.23380311223024616,0.5198782535578427,0.6869158878504673,0.40369278526783803,0.40113750725419545,0.09813084112149532,0.42,0.37946175530202175,0.3895055051817628,0.08,0.014018691588785047,0.011428571428571429,0.38857142857142857,16.731428571428573,0.018691588785046728,0.0,0.03606678979018498,0.08436634914903718,3.7289719626168223,0.0,0.0,0.15,0.0794392523364486,0,0.15156522042915072,0.24904155518232493,2.1967013007957803,0.8717050596020486,0.0,1.0,0.0,0.3,0.0,0.5603163154351172,0.3,0.08,0.014018691588785047,0.5,0.25
180,0.9786660384786203,0.5139652300688395,0.8733140554240477,0.5051697728578015,0.23380311223024616,0.5201721199400652,0.6588785046728972,0.40378624321176315,0.40120760071213935,0.09813084112149532,0.40285714285714286,0.3795188981591645,0.3895483623246199,0.08,0.014018691588785047,0.008571428571428572,0.38857142857142857,16.754285714285714,0.018691588785046728,0.0,0.03606678979018498,0.08436634914903718,3.7289719626168223,0.0,0.0,0.15,0.0794392523364486,0,0.15126453718414778,0.2537873296841034,2.1613387033512934,0.8858423808639998,0.0,0.6666666666666666,0.0,0.3,0.0,0.5603163154351172,0.3,0.08,0.014018691588785047,0.5,0.25
181,0.9789100137238889,0.5142404481710567,0.8734632288597264,0.5053449015111869,0.23380311223024616,0.5202579107803507,0.602803738317757,0.40378624321176315,0.40120760071213935,0.09813084112149532,0.36857142857142855,0.3795188981591645,0.3895483623246199,0.08,0.009345794392523364,0.005714285714285714,0.38857142857142857,16.8,0.018691588785046728,0.0,0.03606678979018498,0.08436634914903718,3.7289719626168223,0.0,0.0,0.15,0.0794392523364486,0,0.15056521449822707,0.2525183930356829,2.123826214998553,0.8681255332467198,0.0,1.0,0.0,0.3,0.0,0.5603163154351172,0.3,0.08,0.009345794392523364,0.5,0.25
182,0.9775936173849429,0.5143943441103951,0.8726583465267709,0.505410167868851,0.23380311223024616,0.5202539871628403,0.6869158878504673,0.40387970115568844,0.4012776941700833,0.09813084112149532,0.42,0.3795760410163073,0.389591219467477,0.08,0.018691588785046728,0.014285714285714285,0.38857142857142857,16.742857142857144,0.018691588785046728,0.0,0.03606678979018498,0.08436634914903718,3.7289719626168223,0.0,0.0,0.15,0.0794392523364486,0,0.1503265312828788,0.2512558010705045,2.0956354049842965,0.8509098820016637,0.0,0.8,0.0,0.3,0.0,0.5603163154351172,0.3,0.08,0.018691588785046728,0.5,0.25
183,0.9774853336866332,0.515067580892868,0.8725921387798043,0.505745348818005,0.23380311223024616,0.5202961787205103,0.6214953271028038,0.4039731590996137,0.4013477876280272,0.09813084112149532,0.38,0.37963318387345024,0.3896340766103341,0.08,0.014018691588785047,0.008571428571428572,0.38857142857142857,16.791428571428572,0.018691588785046728,0.0,0.03606678979018498,0.08436634914903718,3.7289719626168223,0.0,0.0,0.15,0.0794392523364486,0,0.15003204148360724,0.25257108022897956,2.062294125456039,0.8338916843616305,0.0,0.6666666666666666,0.0,0.3,0.0,0.5603163154351172,0.3,0.08,0.014018691588785047,0.5,0.25
184,0.9753857789689567,0.5149670517207937,0.8713084110381393,0.5064055731734491,0.23380311223024616,0.5204486359552868,0.6214953271028038,0.40406661704353886,0.40141788108597115,0.09813084112149532,0.38,0.3796903267305931,0.3896769337531913,0.08,0.018691588785046728,0.014285714285714285,0.38857142857142857,16.81142857142857,0.014018691588785047,0.0,0.03606678979018498,0.08436634914903718,3.7289719626168223,0.0,0.0,0.15,0.0794392523364486,0,0.14979602413333207,0.25235633406889857,2.0353339572326323,0.8234474736051256,0.0,0.8,0.0,0.3,0.0,0.5603163154351172,0.3,0.08,0.018691588785046728,0.5,0.25
185,0.9736517212220316,0.5142371900516802,0.8702481585871624,0.5052377895191426,0.23380311223024616,0.5206800974864599,0.6355140186915887,0.40416007498746415,0.40148797454391505,0.09813084112149532,0.38857142857142857,0.3797474695877359,0.3897197908960484,0.08,0.018691588785046728,0.014285714285714285,0.38857142857142857,16.834285714285713,0.014018691588785047,0.0,0.03606678979018498,0.08436634914903718,3.7289719626168223,0.0,0.0,0.15,0.0794392523364486,0,0.14953275829837973,0.2636133937613242,2.008912992373694,0.8507630225817854,0.0,0.8,0.0,0.3,0.0,0.5603163154351172,0.3,0.08,0.018691588785046728,0.5,0.25
186,0.9754357997009006,0.514972422907125,0.8713389951428134,0.5056071208175373,0.23380311223024616,0.5207817660432885,0.6355140186915887,0.40416007498746415,0.40148797454391505,0.09813084112149532,0.38857142857142857,0.3797474695877359,0.3897197908960484,0.08,0.014018691588785047,0.011428571428571429,0.38857142857142857,16.82,0.014018691588785047,0.0,0.03606678979018498,0.08436634914903718,3.7289719626168223,0.0,0.0,0.15,0.0794392523364486,0,0.14884223736403066,0.26229532679251755,1.9801633039547915,0.8337477621301497,0.0,1.0,0.0,0.3,0.0,0.5603163154351172,0.3,0.08,0.014018691588785047,0.5,0.25
187,0.9777707709107477,0.5154095413754379,0.8727666632539772,0.50639000845226,0.23380311223024616,0.521002084651949,0.6214953271028038,0.40416007498746415,0.40148797454391505,0.09813084112149532,0.38,0.3797474695877359,0.3897197908960484,0.08,0.014018691588785047,0.011428571428571429,0.38857142857142857,16.771428571428572,0.014018691588785047,0.0,0.03606678979018498,0.08436634914903718,3.7289719626168223,0.0,0.0,0.15,0.0794392523364486,0,0.14815516903435336,0.26098385015855496,1.9519886093042673,0.8170728068875467,0.0,1.0,0.0,0.3,0.0,0.5603163154351172,0.3,0.08,0.014018691588785047,0.5,0.25
188,0.9763803114866852,0.5147323926330151,0.8719164966346934,0.5062364156593844,0.23380311223024616,0.5211988768336611,0.6542056074766355,0.40416007498746415,0.40148797454391505,0.09813084112149532,0.4,0.3797474695877359,0.3897197908960484,0.08,0.014018691588785047,0.011428571428571429,0.38857142857142857,16.731428571428573,0.014018691588785047,0.0,0.03606678979018498,0.08436634914903718,3.7289719626168223,0.0,0.0,0.15,0.0794392523364486,0,0.14747153604632446,0.25967893090776223,1.924377408546753,0.8007313507497957,0.0,1.0,0.0,0.3,0.0,0.5603163154351172,0.3,0.08,0.014018691588785047,0.5,0.25
189,0.9781536772330425,0.5146562311524758,0.8730007831196089,0.5058990404631882,0.23380311223024616,0.5214751390088164,0.6635514018691588,0.40416007498746415,0.40148797454391505,0.09813084112149532,0.4057142857142857,0.3797474695877359,0.3897197908960484,0.08,0.014018691588785047,0.011428571428571429,0.38857142857142857,16.7,0.014018691588785047,0.0,0.03606678979018498,0.08436634914903718,3.7289719626168223,0.0,0.0,0.15,0.0794392523364486,0,0.14679132122323568,0.2583805362532234,1.8973184318043894,0.7847167237347998,0.0,1.0,0.0,0.3,0.0,0.5603163154351172,0.3,0.08,0.014018691588785047,0.5,0.25
190,0.9787980397446219,0.5149427537808552,0.8730170866343523,0.5062256482150612,0.23380311223024616,0.5216427086651477,0.6901408450704225,0.4052886358746005,0.4012021178158902,0.09859154929577464,0.42,0.3797474695877359,0.3897197908960484,0.08,0.009389671361502348,0.008571428571428572,0.3914285714285714,16.64,0.009389671361502348,0.002857142857142857,0.036096927146976106,0.08436634914903716,3.699530516431925,0.0,0.0,0.15,0.07981220657276995,0,0.14611450747426236,0.25708863357195727,1.86794349173973,0.7690223892601038,0.0,1.0,0.0,0.3,0.0,0.5603163154351172,0.3,0.08,0.014018691588785047,0.5,0.25
191,0.9788193486696325,0.514372328612782,0.8730300546372872,0.506033400792466,0.23380311223024616,0.521836466154727,0.6431924882629108,0.4052886358746005,0.4012021178158902,0.09859154929577464,0.3914285714285714,0.3797474695877359,0.3897197908960484,0.08,0.009389671361502348,0.008571428571428572,0.3914285714285714,16.597142857142856,0.009389671361502348,0.0,0.036102494843765036,0.08436634914903716,3.699530516431925,0.0,0.0,0.15,0.07981220657276995,0,0.1454410777940339,0.25580319040409744,1.8391560504763642,0.7536419414749017,0.0,1.0,0.0,0.3,0.0,0.5603163154351172,0.3,0.08,0.009389671361502348,0.5,0.25
192,0.9782066956298674,0.5141690465534433,0.8726572115016588,0.5062546885145166,0.23380311223024616,0.5220095108100468,0.6431924882629108,0.4052886358746005,0.4012021178158902,0.09859154929577464,0.3914285714285714,0.3797474695877359,0.3897197908960484,0.08,0.009389671361502348,0.008571428571428572,0.3914285714285714,16.602857142857143,0.014084507042253521,0.0,0.036102494843765036,0.08436634914903716,3.699530516431925,0.0,0.0,0.15,0.07981220657276995,0,0.1447710152622066,0.254524174452077,1.8109443580382654,0.7385691026454037,0.0,1.0,0.0,0.3,0.0,0.5603163154351172,0.3,0.08,0.009389671361502348,0.5,0.25
193,0.9767600365575667,0.5137807577022685,0.8715656140032333,0.5064816264959127,0.23380311223024616,0.5223001820872142,0.7216981132075472,0.4024833935909901,0.398377599503701,0.09433962264150944,0.43714285714285717,0.3797474695877359,0.3897197908960484,0.08,0.0047169811320754715,0.008571428571428572,0.3942857142857143,16.617142857142856,0.018867924528301886,0.002857142857142857,0.036122178666108944,0.08436634914903718,3.707547169811321,0.0,0.0,0.15,0.07547169811320754,0,0.1441043030430384,0.2532515535798166,1.7832968994489287,0.7237977205924956,0.0,1.0,0.0,0.3,0.0,0.5603163154351172,0.3,0.08,0.009389671361502348,0.5,0.25
194,0.9771630335342721,0.5131870985853559,0.8718097150291234,0.5059470974357577,0.23380311223024616,0.5225760532864643,0.7358490566037735,0.4024833935909901,0.398377599503701,0.09433962264150944,0.44571428571428573,0.3797474695877359,0.3897197908960484,0.08,0.0047169811320754715,0.005714285714285714,0.3942857142857143,16.602857142857143,0.018867924528301886,0.0,0.036122178666108944,0.08436634914903718,3.707547169811321,0.0,0.0,0.15,0.08018867924528301,0,0.1434409243849661,0.25198529581191753,1.753345247174236,0.7093217661806457,0.0,1.0,0.0,0.3,0.0,0.5603163154351172,0.3,0.08,0.0047169811320754715,0.5,0.25
195,0.9771660769603505,0.5134981494141593,0.8718115584757765,0.5062549774178541,0.23380311223024616,0.5229509751919116,0.7264150943396226,0.4024833935909901,0.398377599503701,0.09433962264150944,0.44,0.3797474695877359,0.3897197908960484,0.08,0.0047169811320754715,0.005714285714285714,0.3942857142857143,16.62,0.018867924528301886,0.0,0.036122178666108944,0.08436634914903718,3.707547169811321,0.0,0.0,0.15,0.08018867924528301,0,0.1427808626201841,0.25072536933285794,1.7239926279450368,0.6951353308570327,0.0,1.0,0.0,0.3,0.0,0.5603163154351172,0.3,0.08,0.0047169811320754715,0.5,0.25
196,0.9763901842823732,0.514932929227821,0.8713415891965446,0.5075046821322252,0.23380311223024616,0.5233973712485188,0.7169811320754716,0.4025777332136316,0.39844835422068214,0.09433962264150944,0.4342857142857143,0.3798046124448788,0.3897626480389056,0.08,0.009433962264150943,0.008571428571428572,0.3942857142857143,16.677142857142858,0.009433962264150943,0.0,0.036122178666108944,0.08436634914903718,3.707547169811321,0.0,0.0,0.15,0.08018867924528301,0,0.14255267259279747,0.24947174248619364,1.6980842039575645,0.6826228949016064,0.0,0.6666666666666666,0.0,0.3,0.0,0.5603163154351172,0.3,0.08,0.009433962264150943,0.5,0.25
197,0.9724901665379979,0.5147292848574582,0.869054280861043,0.507845780317122,0.23380311223024616,0.5237574121909071,0.7440758293838863,0.40119224827285827,0.39824214542204356,0.0947867298578199,0.44857142857142857,0.3798046124448788,0.3897626480389056,0.08,0.004739336492890996,0.002857142857142857,0.39714285714285713,16.654285714285713,0.014218009478672985,0.002857142857142857,0.03617410111903576,0.08436634914903718,3.6587677725118484,0.0,0.0,0.15,0.08056872037914692,0,0.1418684806584049,0.24822438377376266,1.666979662735556,0.6689704370035743,0.0,1.0,0.0,0.3,0.0,0.5603163154351172,0.3,0.08,0.0047169811320754715,0.5,0.25
198,0.9732094099442377,0.5141910976371521,0.8695056746535242,0.5074238440685044,0.23380311223024616,0.5241411401147199,0.680952380952381,0.40082645565574543,0.3984340305645963,0.09523809523809523,0.4085714285714286,0.3798046124448788,0.3897626480389056,0.08,0.004761904761904762,0.005714285714285714,0.4,16.66,0.004761904761904762,0.002857142857142857,0.036204884199100465,0.08436634914903716,3.638095238095238,0.0,0.0,0.15,0.08095238095238096,0,0.14124470968368433,0.24698326185489386,1.6393543551951306,0.6555910282635028,0.0,1.0,0.0,0.3,0.0,0.5603163154351172,0.3,0.08,0.004739336492890996,0.5,0.25
199,0.9738466641069524,0.514635163500928,0.8698880271511533,0.5073689997960116,0.23380311223024616,0.5244853635355993,0.6952380952380952,0.4009216937509836,0.398505459136025,0.09523809523809523,0.41714285714285715,0.3798617553020217,0.38980550518176277,0.08,0.009523809523809525,0.005714285714285714,0.4,16.72,0.004761904761904762,0.0,0.036204884199100465,0.08436634914903716,3.638095238095238,0.0,0.0,0.15,0.08095238095238096,0,0.14099562899240875,0.2457483455456194,1.6122815538055137,0.6551029049290743,0.0,0.5,0.0,0.3,0.0,0.5603163154351172,0.3,0.08,0.009523809523809525,0.5,0.25
200,0.9760224793578447,0.5162925288297451,0.8711935163016886,0.5077075261335853,0.23380311223024616,0.5246229633425816,0.7333333333333333,0.4009216937509836,0.398505459136025,0.09523809523809523,0.44,0.3798617553020217,0.38980550518176277,0.08,0.004761904761904762,0.002857142857142857,0.4,16.765714285714285,0.004761904761904762,0.0,0.036204884199100465,0.08436634914903716,3.638095238095238,0.0,0.0,0.15,0.08095238095238096,0,0.1403476508474467,0.24451960381789128,1.5828930655865465,0.6420008468304929,0.0,1.0,0.0,0.3,0.0,0.5603163154351172,0.3,0.08,0.004761904761904762,0.5,0.25
201,0.9746556661059688,0.5176021981953807,0.8703734283505631,0.5086069415175255,0.23380311223024616,0.5247810087082355,0.7047619047619048,0.4009216937509836,0.398505459136025,0.09523809523809523,0.4228571428571429,0.3798617553020217,0.38980550518176277,0.08,0.004761904761904762,0.002857142857142857,0.4,16.751428571428573,0.004761904761904762,0.0,0.036204884199100465,0.08436634914903716,3.638095238095238,0.0,0.0,0.15,0.08095238095238096,0,0.13970291259320947,0.24329700579880184,1.554092347131958,0.6291608298938829,0.0,1.0,0.0,0.3,0.0,0.5603163154351172,0.3,0.08,0.004761904761904762,0.5,0.25
202,0.9757076579935564,0.5182497857116842,0.8710046234831157,0.5088656079566889,0.23380311223024616,0.5249438042424293,0.6571428571428571,0.4009216937509836,0.398505459136025,0.09523809523809523,0.3942857142857143,0.3798617553020217,0.38980550518176277,0.08,0.004761904761904762,0.005714285714285714,0.4,16.734285714285715,0.004761904761904762,0.0,0.036204884199100465,0.08436634914903716,3.638095238095238,0.0,0.0,0.15,0.08095238095238096,0,0.13908996945881485,0.24208052076980785,1.5287247859036048,0.6165776132960052,0.0,1.0,0.0,0.3,0.0,0.5603163154351172,0.3,0.08,0.004761904761904762,0.5,0.25
203,0.9749019688979997,0.5181193953696281,0.8705212100257816,0.5089773115104113,0.23380311223024616,0.525154969944478,0.6952380952380952,0.40101693184622167,0.3985768877074535,0.09523809523809523,0.41714285714285715,0.3799188981591645,0.3898483623246199,0.08,0.009523809523809525,0.008571428571428572,0.4,16.76,0.004761904761904762,0.0,0.036204884199100465,0.08436634914903716,3.638095238095238,0.0,0.0,0.15,0.08095238095238096,0,0.13888023389723506,0.2564845725557548,1.5067217187569608,0.6139520781532358,0.0,0.6666666666666666,0.0,0.3,0.0,0.5603163154351172,0.3,0.08,0.009523809523809525,0.5,0.25
204,0.9724898077872659,0.5174900399596359,0.8690739133593414,0.5091336942427398,0.23380311223024616,0.5253917819931443,0.680952380952381,0.4011121699414597,0.39864831627888214,0.09523809523809523,0.4085714285714286,0.3799760410163074,0.38989121946747707,0.08,0.009523809523809525,0.008571428571428572,0.4,16.797142857142855,0.004761904761904762,0.0,0.036204884199100465,0.08436634914903716,3.638095238095238,0.0,0.0,0.15,0.08095238095238096,0,0.13867154701346315,0.26195268989838927,1.4851587129532506,0.6252826717287402,0.0,0.6666666666666666,0.0,0.3,0.0,0.5603163154351172,0.3,0.08,0.009523809523809525,0.5,0.25
205,0.9741048130581099,0.5165658269220114,0.8700429165218478,0.5083434392598848,0.23380311223024616,0.5256988165247654,0.6952380952380952,0.4011121699414597,0.39864831627888214,0.09523809523809523,0.41714285714285715,0.3799760410163074,0.38989121946747707,0.08,0.004761904761904762,0.005714285714285714,0.4,16.802857142857142,0.004761904761904762,0.0,0.036204884199100465,0.08436634914903716,3.638095238095238,0.0,0.0,0.15,0.08095238095238096,0,0.1380353321355387,0.2606429264488973,1.4611698244084712,0.6127770182941654,0.0,1.0,0.0,0.3,0.0,0.5603163154351172,0.3,0.08,0.004761904761904762,0.5,0.25
206,0.9742127687002907,0.5174734857386892,0.8701076899071561,0.5090635220573889,0.23380311223024616,0.5261540076976211,0.680952380952381,0.4011121699414597,0.39864831627888214,0.09523809523809523,0.4085714285714286,0.3799760410163074,0.38989121946747707,0.08,0.004761904761904762,0.005714285714285714,0.4,16.78857142857143,0.004761904761904762,0.0,0.036204884199100465,0.08436634914903716,3.638095238095238,0.0,0.0,0.15,0.08095238095238096,0,0.13740229833200387,0.25933971181665283,1.4376607136345876,0.6005214779282821,0.0,1.0,0.0,0.3,0.0,0.5603163154351172,0.3,0.08,0.004761904761904762,0.5,0.25
207,0.9743945794581456,0.5170852749665532,0.8702167763618692,0.5092173632159462,0.23380311223024616,0.5266249040587213,0.7142857142857143,0.4011121699414597,0.39864831627888214,0.09523809523809523,0.42857142857142855,0.3799760410163074,0.38989121946747707,0.08,0.004761904761904762,0.002857142857142857,0.4,16.771428571428572,0.004761904761904762,0.0,0.036204884199100465,0.08436634914903716,3.638095238095238,0.0,0.0,0.15,0.08095238095238096,0,0.1367438582689153,0.25804301325756956,1.4117646422190384,0.5885110483697165,0.0,1.0,0.0,0.3,0.0,0.5603163154351172,0.3,0.08,0.004761904761904762,0.5,0.25
208,0.9755109336836056,0.51791930716635,0.8708865888971452,0.5099641305227074,0.23380311223024616,0.5270449888122493,0.7285714285714285,0.40120740803669785,0.39871974485031064,0.09523809523809523,0.43714285714285717,0.38003318387345025,0.38993407661033413,0.08,0.009523809523809525,0.008571428571428572,0.4,16.774285714285714,0.004761904761904762,0.0,0.036204884199100465,0.08436634914903716,3.638095238095238,0.0,0.0,0.15,0.08095238095238096,0,0.13657428183471357,0.2580281898412233,1.392100777946086,0.5767408274023221,0.0,0.6666666666666666,0.0,0.3,0.0,0.5603163154351172,0.3,0.08,0.009523809523809525,0.5,0.25
209,0.9769780190681461,0.5183961212851692,0.8717668401278693,0.5100401666647966,0.23380311223024616,0.5276394676113163,0.7,0.40139788422717404,0.39886260199316775,0.09523809523809523,0.42,0.3801474695877359,0.39001979089604843,0.08,0.014285714285714285,0.011428571428571429,0.4,16.78857142857143,0.004761904761904762,0.0,0.036204884199100465,0.08436634914903716,3.638095238095238,0.0,0.0,0.15,0.08095238095238096,0,0.1368056961398257,0.2567380488920172,1.375687333815736,0.594716519823588,0.0,0.5,0.0,0.3,0.0,0.5603163154351172,0.3,0.08,0.014285714285714285,0.5,0.25
210,0.9782369198553709,0.5186871894569212,0.8725221806002041,0.5097325271658303,0.23380311223024616,0.5279971263270513,0.719047619047619,0.4014931223224121,0.39893403056459636,0.09523809523809523,0.43142857142857144,0.38020461244487885,0.39006264803890556,0.08,0.009523809523809525,0.008571428571428572,0.4,16.80857142857143,0.004761904761904762,0.0,0.036204884199100465,0.08436634914903716,3.638095238095238,0.0,0.0,0.15,0.08095238095238096,0,0.13660738194484087,0.25545435864755706,1.3567450157108498,0.6163660675590086,0.0,0.6666666666666666,0.0,0.3,0.0,0.5603163154351172,0.3,0.08,0.009523809523809525,0.5,0.25
211,0.9821616615338915,0.5197729908993277,0.8748770256073166,0.5103447788956766,0.23380311223024616,0.5281974845935895,0.6857142857142857,0.4016835985128883,0.3990768877074535,0.09523809523809523,0.4114285714285714,0.3803188981591645,0.39014836232461986,0.08,0.009523809523809525,0.011428571428571429,0.4,16.791428571428572,0.004761904761904762,0.0,0.036204884199100465,0.08436634914903716,3.638095238095238,0.0,0.0,0.15,0.08095238095238096,0,0.1368386307494024,0.25638640168922167,1.3410386868252042,0.6779811460640347,0.0,0.5,0.0,0.3,0.0,0.5603163154351172,0.3,0.08,0.009523809523809525,0.5,0.25
212,0.9814437611163841,0.5191291400607088,0.8744462853568122,0.5104208998358711,0.23380311223024616,0.5287325232900729,0.7142857142857143,0.4016835985128883,0.3990768877074535,0.09523809523809523,0.42857142857142855,0.3803188981591645,0.39014836232461986,0.08,0.004761904761904762,0.005714285714285714,0.4,16.794285714285714,0.004761904761904762,0.0,0.036204884199100465,0.08436634914903716,3.638095238095238,0.0,0.0,0.15,0.08095238095238096,0,0.13621158045279824,0.25510446968077555,1.3199321988029857,0.6644215231427539,0.0,1.0,0.0,0.3,0.0,0.5603163154351172,0.3,0.08,0.004761904761904762,0.5,0.25
213,0.9794264842754401,0.5198136135256762,0.8732359192522459,0.5112597606237492,0.23380311223024616,0.5290667840042663,0.7571428571428571,0.4017788366081264,0.3991483162788821,0.09523809523809523,0.4542857142857143,0.38037604101630734,0.39019121946747704,0.08,0.009523809523809525,0.005714285714285714,0.4,16.805714285714284,0.004761904761904762,0.0,0.036204884199100465,0.08436634914903716,3.638095238095238,0.0,0.0,0.15,0.08095238095238096,0,0.1359876654076771,0.26497869758585063,1.2992478405412118,0.6750595480373356,0.0,0.5,0.0,0.3,0.0,0.5603163154351172,0.3,0.08,0.009523809523809525,0.5,0.25
214,0.978727815342724,0.5201346235377419,0.8728167178926161,0.5116236902616208,0.23380311223024616,0.52932920120187,0.7142857142857143,0.4017788366081264,0.3991483162788821,0.09523809523809523,0.42857142857142855,0.38037604101630734,0.39019121946747704,0.08,0.004761904761904762,0.002857142857142857,0.4,16.83142857142857,0.004761904761904762,0.0,0.036204884199100465,0.08436634914903716,3.638095238095238,0.0,0.0,0.15,0.08095238095238096,0,0.1353647270806387,0.2636538040979214,1.2761200265875305,0.6615583570765888,0.0,1.0,0.0,0.3,0.0,0.5603163154351172,0.3,0.08,0.004761904761904762,0.5,0.25
215,0.9771804093912682,0.5204783441826197,0.8718882743217425,0.5113273402611135,0.23380311223024616,0.5295934852017266,0.7,0.40187407470336445,0.39921974485031064,0.09523809523809523,0.42,0.3804331838734502,0.39023407661033416,0.08,0.009523809523809525,0.005714285714285714,0.4,16.825714285714287,0.009523809523809525,0.0,0.036204884199100465,0.08436634914903716,3.638095238095238,0.0,0.0,0.15,0.08095238095238096,0,0.13517347487380693,0.2623355350774318,1.2563119117700654,0.7031393079527185,0.0,0.5,0.0,0.3,0.0,0.5603163154351172,0.3,0.08,0.009523809523809525,0.5,0.25
216,0.9777142751444834,0.5210548830683072,0.8722085937736717,0.5118171232776649,0.23380311223024616,0.5299506937293527,0.6857142857142857,0.40187407470336445,0.39921974485031064,0.09523809523809523,0.4114285714285714,0.3804331838734502,0.39023407661033416,0.08,0.004761904761904762,0.005714285714285714,0.4,16.82,0.004761904761904762,0.0,0.036204884199100465,0.08436634914903716,3.638095238095238,0.0,0.0,0.15,0.08095238095238096,0,0.13458317892800933,0.2610238574020446,1.23689995924895,0.6890765217936641,0.0,1.0,0.0,0.3,0.0,0.5603163154351172,0.3,0.08,0.004761904761904762,0.5,0.25
217,0.9766972883939667,0.52211189805295,0.8715984017233616,0.5120166852237187,0.23380311223024616,0.5302876390204109,0.6523809523809524,0.40196931279860254,0.3992911734217392,0.09523809523809523,0.3914285714285714,0.38049032673059313,0.39027693375319134,0.08,0.009523809523809525,0.008571428571428572,0.4,16.782857142857143,0.009523809523809525,0.0,0.036204884199100465,0.08436634914903716,3.638095238095238,0.0,0.0,0.15,0.08095238095238096,0,0.1343959773190836,0.2597187381150344,1.2207333886353993,0.7395839259273135,0.0,0.6666666666666666,0.0,0.3,0.0,0.5603163154351172,0.3,0.08,0.009523809523809525,0.5,0.25
218,0.9755159519783572,0.5220125953236884,0.8708895998739961,0.5120912061945089,0.23380311223024616,0.5306607064921289,0.5952380952380952,0.40206455089384063,0.3993626019931678,0.09523809523809523,0.35714285714285715,0.380547469587736,0.3903197908960484,0.08,0.009523809523809525,0.008571428571428572,0.4,16.745714285714286,0.004761904761904762,0.0,0.036204884199100465,0.08436634914903716,3.638095238095238,0.0,0.0,0.15,0.08095238095238096,0,0.13420971171820242,0.2584201444244592,1.20489014943412,0.8337477621301497,0.0,0.6666666666666666,0.0,0.3,0.0,0.5603163154351172,0.3,0.08,0.009523809523809525,0.5,0.25
219,0.9761840868613354,0.5222170801185458,0.8712904808037829,0.5121869776299789,0.23380311223024616,0.5308646835124,0.6714285714285714,0.40206455089384063,0.3993626019931678,0.09523809523809523,0.40285714285714286,0.380547469587736,0.3903197908960484,0.08,0.004761904761904762,0.005714285714285714,0.4,16.768571428571427,0.004761904761904762,0.0,0.036204884199100465,0.08436634914903716,3.638095238095238,0.0,0.0,0.15,0.08095238095238096,0,0.13359580601675428,0.25712804370233694,1.1865066321597233,0.8170728068875467,0.0,1.0,0.0,0.3,0.0,0.5603163154351172,0.3,0.08,0.004761904761904762,0.5,0.25
220,0.9777010690021606,0.5223030159473083,0.8722006700882781,0.5123391353299236,0.23380311223024616,0.5311246308646527,0.6857142857142857,0.40206455089384063,0.3993626019931678,0.09523809523809523,0.4114285714285714,0.380547469587736,0.3903197908960484,0.08,0.004761904761904762,0.005714285714285714,0.4,16.765714285714285,0.004761904761904762,0.0,0.036204884199100465,0.08436634914903716,3.638095238095238,0.0,0.0,0.15,0.08095238095238096,0,0.13298496984381333,0.2558424034838252,1.1684907852308146,0.8007313507497957,0.0,1.0,0.0,0.3,0.0,0.5603163154351172,0.3,0.08,0.004761904761904762,0.5,0.25
221,0.976700564922123,0.5228151507733486,0.8716003676402556,0.5127209840872597,0.23380311223024616,0.531398860597931,0.6476190476190476,0.40206455089384063,0.3993626019931678,0.09523809523809523,0.38857142857142857,0.380547469587736,0.3903197908960484,0.08,0.004761904761904762,0.002857142857142857,0.4,16.757142857142856,0.004761904761904762,0.0,0.036204884199100465,0.08436634914903716,3.638095238095238,0.0,0.0,0.15,0.08095238095238096,0,0.13234861642316573,0.2545631914664061,1.147978112383341,0.7847167237347998,0.0,1.0,0.0,0.3,0.0,0.5603163154351172,0.3,0.08,0.004761904761904762,0.5,0.25
222,0.975714292849024,0.5229061306099627,0.8710086043963962,0.5125305264442876,0.23380311223024616,0.5317396145591275,0.7476190476190476,0.40206455089384063,0.3993626019931678,0.09523809523809523,0.44857142857142857,0.380547469587736,0.3903197908960484,0.08,0.004761904761904762,0.005714285714285714,0.4,16.757142857142856,0.004761904761904762,0.0,0.036204884199100465,0.08436634914903716,3.638095238095238,0.0,0.0,0.15,0.08095238095238096,0,0.13177244476962133,0.2532903755090741,1.13073283584996,0.7690223892601038,0.0,1.0,0.0,0.3,0.0,0.5603163154351172,0.3,0.08,0.004761904761904762,0.5,0.25
223,0.9759949780152225,0.5234990500939258,0.8711770154961153,0.5129938396047456,0.23380311223024616,0.5321876885298215,0.6857142857142857,0.4021597889890788,0.39943403056459637,0.09523809523809523,0.4114285714285714,0.3806046124448788,0.3903626480389056,0.08,0.009523809523809525,0.005714285714285714,0.4,16.765714285714285,0.004761904761904762,0.0,0.036204884199100465,0.08436634914903716,3.638095238095238,0.0,0.0,0.15,0.08095238095238096,0,0.1315707254029161,0.2520239236315287,1.1138324648472464,0.7551799862534223,0.0,0.5,0.0,0.3,0.0,0.5603163154351172,0.3,0.08,0.009523809523809525,0.5,0.25
224,0.9744489651752861,0.5236532790569371,0.8702494077921533,0.5131057070298097,0.23380311223024616,0.5324096222094171,0.6666666666666666,0.4022550270843168,0.3995054591360249,0.09523809523809523,0.4,0.3806617553020216,0.3904055051817628,0.08,0.009523809523809525,0.008571428571428572,0.4,16.797142857142855,0.004761904761904762,0.0,0.036204884199100465,0.08436634914903716,3.638095238095238,0.0,0.0,0.15,0.08095238095238096,0,0.13142701463304435,0.25076380401337106,1.10012724412173,0.755249857858141,0.0,0.6666666666666666,0.0,0.3,0.0,0.5603163154351172,0.3,0.08,0.009523809523809525,0.5,0.25
225,0.9742264451240181,0.522939271399967,0.8701158957613926,0.5127638280083662,0.23380311223024616,0.5327544283310324,0.6095238095238096,0.40244550327479306,0.39964831627888203,0.1,0.3657142857142857,0.3807760410163074,0.390491219467477,0.08285714285714285,0.014285714285714285,0.011428571428571429,0.4,16.85142857142857,0.004761904761904762,0.0,0.036204884199100465,0.08436634914903716,3.638095238095238,0.0,0.0,0.15,0.08095238095238096,0,0.13168416527416482,0.24950998499330423,1.089553270667867,0.8620031109355737,0.0,0.5,0.0,0.3,0.0,0.5603163154351172,0.3,0.08,0.014285714285714285,0.5,0.25
226,0.9758931768337937,0.5242762970847061,0.8711159347872581,0.5135167119914104,0.23380311223024616,0.5330381363454226,0.7142857142857143,0.40254074137003115,0.39971974485031064,0.1,0.42857142857142855,0.38083318387345017,0.3905340766103342,0.08285714285714285,0.009523809523809525,0.008571428571428572,0.4,16.8,0.004761904761904762,0.0,0.036204884199100465,0.08436634914903716,3.638095238095238,0.0,0.0,0.15,0.08095238095238096,0,0.1315114587335083,0.2482624350683377,1.0763336338259382,0.8504186216196199,0.0,0.6666666666666666,0.0,0.3,0.0,0.5603163154351172,0.3,0.08,0.009523809523809525,0.5,0.25
227,0.976583213031501,0.523954250613463,0.8715299565058823,0.51277439297228,0.23380311223024616,0.5335416727120463,0.6619047619047619,0.40254074137003115,0.39971974485031064,0.1,0.39714285714285713,0.38083318387345017,0.3905340766103342,0.08285714285714285,0.004761904761904762,0.002857142857142857,0.4,16.837142857142858,0.004761904761904762,0.0,0.036204884199100465,0.08436634914903716,3.638095238095238,0.0,0.0,0.15,0.08095238095238096,0,0.13088247286841218,0.24702112289299602,1.0576641040065622,0.8334102491872275,0.0,1.0,0.0,0.3,0.0,0.5603163154351172,0.3,0.08,0.004761904761904762,0.5,0.25
228,0.9763415917990225,0.525495965892349,0.8713849837663952,0.5141889925326135,0.23380311223024616,0.5338581807618782,0.6523809523809524,0.40254074137003115,0.39971974485031064,0.1,0.3914285714285714,0.38083318387345017,0.3905340766103342,0.08285714285714285,0.004761904761904762,0.005714285714285714,0.4,16.80857142857143,0.004761904761904762,0.0,0.036204884199100465,0.08436634914903716,3.638095238095238,0.0,0.0,0.15,0.08095238095238096,0,0.13031363193264156,0.24578601727853105,1.0422251076407165,0.8167420442034828,0.0,1.0,0.0,0.3,0.0,0.5603163154351172,0.3,0.08,0.004761904761904762,0.5,0.25
229,0.9768729729125628,0.5259269975375793,0.8717038124345193,0.513993995399464,0.23380311223024616,0.5342375073185748,0.7095238095238096,0.4026359794652692,0.39979117342173914,0.1,0.4257142857142857,0.3808903267305931,0.3905769337531913,0.08285714285714285,0.009523809523809525,0.008571428571428572,0.4,16.80857142857143,0.004761904761904762,0.0,0.036204884199100465,0.08436634914903716,3.638095238095238,0.0,0.0,0.15,0.08095238095238096,0,0.13014777805869263,0.2445570871921384,1.0299520340593307,0.82394367407809,0.0,0.6666666666666666,0.0,0.3,0.0,0.5603163154351172,0.3,0.08,0.009523809523809525,0.5,0.25
230,0.9777871098836859,0.5257313101001846,0.8722522946171932,0.5138840209665253,0.23380311223024616,0.5345520019401951,0.6761904761904762,0.40282645565574543,0.3999340305645963,0.1,0.4057142857142857,0.38100461244487877,0.3906626480389056,0.08285714285714285,0.014285714285714285,0.011428571428571429,0.4,16.797142857142855,0.004761904761904762,0.0,0.036204884199100465,0.08436634914903716,3.638095238095238,0.0,0.0,0.15,0.08095238095238096,0,0.1304113248826849,0.25496411809678377,1.0207815648067156,0.8451866507699413,0.0,0.5,0.0,0.3,0.0,0.5603163154351172,0.3,0.08,0.014285714285714285,0.5,0.25
231,0.9783774048181583,0.5258241713425746,0.8726064715778766,0.5136889201029131,0.23380311223024616,0.5348626796621402,0.7333333333333333,0.40301693184622167,0.4000768877074535,0.1,0.44,0.38111889815916455,0.39074836232461985,0.08285714285714285,0.014285714285714285,0.008571428571428572,0.4,16.805714285714284,0.009523809523809525,0.0,0.036204884199100465,0.08436634914903716,3.638095238095238,0.0,0.0,0.15,0.08095238095238096,0,0.13064498254398574,0.2850922257730792,1.00893736208201,0.8690250468392253,0.0,0.3333333333333333,0.0,0.3,0.0,0.5603163154351172,0.3,0.08,0.014285714285714285,0.5,0.25
232,0.9791359746840903,0.5266253050549656,0.8730616134974359,0.5142943447147614,0.23380311223024616,0.5352310526950733,0.7238095238095238,0.4031121699414597,0.4001483162788821,0.1,0.4342857142857143,0.38117604101630737,0.390791219467477,0.08285714285714285,0.009523809523809525,0.008571428571428572,0.4,16.83142857142857,0.004761904761904762,0.0,0.036204884199100465,0.08436634914903716,3.638095238095238,0.0,0.0,0.15,0.08095238095238096,0,0.13050590048840865,0.2836667646442138,0.9973300434117984,0.8604329835341757,0.0,0.6666666666666666,0.0,0.3,0.0,0.5603163154351172,0.3,0.08,0.009523809523809525,0.5,0.25
233,0.9791301588417771,0.5291176531567449,0.8730581239920479,0.5154769954711451,0.23380311223024616,0.5355966242019021,0.6857142857142857,0.4032074080366978,0.4002197448503106,0.1,0.4114285714285714,0.3812331838734501,0.39083407661033415,0.08285714285714285,0.009523809523809525,0.005714285714285714,0.4,16.81714285714286,0.009523809523809525,0.0,0.036204884199100465,0.08436634914903716,3.638095238095238,0.0,0.0,0.15,0.08095238095238096,0,0.1303105138431095,0.2822484308209927,0.9830977282578481,0.8513284479723319,0.0,0.5,0.0,0.3,0.0,0.5603163154351172,0.3,0.08,0.009523809523809525,0.5,0.25
234,0.9776852619319465,0.5280910528715643,0.8721911858461495,0.5149594302157283,0.23380311223024616,0.5361868111458321,0.6857142857142857,0.4032074080366978,0.4002197448503106,0.1,0.4114285714285714,0.3812331838734501,0.39083407661033415,0.08285714285714285,0.004761904761904762,0.005714285714285714,0.4,16.85142857142857,0.009523809523809525,0.0,0.036204884199100465,0.08436634914903716,3.638095238095238,0.0,0.0,0.15,0.08095238095238096,0,0.12974453270246536,0.2808371886668877,0.9691500594069767,0.8343018790128852,0.0,1.0,0.0,0.3,0.0,0.5603163154351172,0.3,0.08,0.004761904761904762,0.5,0.25
235,0.9757816377822707,0.5273050796506566,0.8710490113563442,0.5144366871469054,0.23380311223024616,0.5367258734728997,0.7333333333333333,0.40339788422717393,0.40036260199316775,0.1,0.44,0.3813474695877359,0.39091979089604834,0.08285714285714285,0.014285714285714285,0.011428571428571429,0.4,16.837142857142858,0.009523809523809525,0.0,0.036204884199100465,0.08436634914903716,3.638095238095238,0.0,0.0,0.15,0.08095238095238096,0,0.13001009575323877,0.2813026052022161,0.9611956296474085,0.8318560159511907,0.0,0.5,0.0,0.3,0.0,0.5603163154351172,0.3,0.08,0.014285714285714285,0.5,0.25
236,0.9757003289382337,0.526962867135922,0.871000226049922,0.5150983245977664,0.23380311223024616,0.5373040909413197,0.6571428571428571,0.4035883604176502,0.4005054591360249,0.1,0.3942857142857143,0.3814617553020216,0.39100550518176275,0.08285714285714285,0.009523809523809525,0.005714285714285714,0.4,16.865714285714287,0.009523809523809525,0.0,0.036204884199100465,0.08436634914903716,3.638095238095238,0.0,0.0,0.15,0.08095238095238096,0,0.13021718813161542,0.2798960921762051,0.947686002768746,0.8361347928625809,0.0,0.0,0.0,0.3,0.0,0.5603163154351172,0.3,0.08,0.009523809523809525,0.5,0.25
237,0.9768113321121997,0.5282189928505253,0.8716668279543015,0.5160414635547024,0.23380311223024616,0.5377340969773853,0.719047619047619,0.4035883604176502,0.4005054591360249,0.1,0.43142857142857144,0.3814617553020216,0.39100550518176275,0.08285714285714285,0.004761904761904762,0.005714285714285714,0.4,16.837142857142858,0.009523809523809525,0.0,0.036204884199100465,0.08436634914903716,3.638095238095238,0.0,0.0,0.15,0.08095238095238096,0,0.12968010219095735,0.2784966117153241,0.9344465684276568,0.8194120970053291,0.0,1.0,0.0,0.3,0.0,0.5603163154351172,0.3,0.08,0.004761904761904762,0.5,0.25
238,0.9780806493364399,0.5291219829916705,0.8724284182888457,0.516895462757145,0.23380311223024616,0.5382899494235697,0.719047619047619,0.4035883604176502,0.4005054591360249,0.1,0.43142857142857144,0.3814617553020216,0.39100550518176275,0.08285714285714285,0.004761904761904762,0.005714285714285714,0.4,16.84285714285714,0.009523809523809525,0.0,0.036204884199100465,0.08436634914903716,3.638095238095238,0.0,0.0,0.15,0.08095238095238096,0,0.12908884453714542,0.27710412865674744,0.9214719227733894,0.8030238550652226,0.0,1.0,0.0,0.3,0.0,0.5603163154351172,0.3,0.08,0.004761904761904762,0.5,0.25
239,0.97808727280707,0.5289700154072449,0.8724323923712235,0.5170055750678754,0.23380311223024616,0.5388253936377758,0.7,0.4035883604176502,0.4005054591360249,0.1,0.42,0.3814617553020216,0.39100550518176275,0.08285714285714285,0.004761904761904762,0.002857142857142857,0.4,16.822857142857142,0.004761904761904762,0.0,0.036204884199100465,0.08436634914903716,3.638095238095238,0.0,0.0,0.15,0.08095238095238096,0,0.1284719717430311,0.2757186080134637,0.9058996271750646,0.786963377963918,0.0,1.0,0.0,0.3,0.0,0.5603163154351172,0.3,0.08,0.004761904761904762,0.5,0.25
240,0.977927737333104,0.5296869128334092,0.8723366710868441,0.5176663391418945,0.23380311223024616,0.5392994214977774,0.6904761904761905,0.40368359851288826,0.40057688770745353,0.1,0.4142857142857143,0.3815188981591645,0.3910483623246198,0.08285714285714285,0.009523809523809525,0.008571428571428572,0.4,16.911428571428573,0.009523809523809525,0.0,0.036204884199100465,0.08436634914903716,3.638095238095238,0.0,0.0,0.15,0.08095238095238096,0,0.12834375474145882,0.28515376307069384,0.8963530632029917,0.8006396779785264,0.0,0.6666666666666666,0.0,0.3,0.0,0.5603163154351172,0.3,0.08,0.009523809523809525,0.5,0.25
241,0.9784432899991929,0.5307830081049058,0.8726460026864975,0.5183645497143038,0.23380311223024616,0.5398723086593337,0.6476190476190476,0.40368359851288826,0.40057688770745353,0.1,0.38857142857142857,0.3815188981591645,0.3910483623246198,0.08285714285714285,0.004761904761904762,0.005714285714285714,0.4,16.922857142857143,0.004761904761904762,0.0,0.036204884199100465,0.08436634914903716,3.638095238095238,0.0,0.0,0.15,0.08095238095238096,0,0.12775917882489438,0.28372799425534034,0.8841402876532176,0.7846268844189559,0.0,1.0,0.0,0.3,0.0,0.5603163154351172,0.3,0.08,0.004761904761904762,0.5,0.25
242,0.9764075836693937,0.5310867720849175,0.8714245788886179,0.51827158703475,0.23380311223024616,0.5404938579737111,0.6428571428571429,0.4037788366081264,0.40064831627888203,0.1,0.38571428571428573,0.3815760410163074,0.39109121946747705,0.08285714285714285,0.009523809523809525,0.008571428571428572,0.4,16.94,0.009523809523809525,0.0,0.036204884199100465,0.08436634914903716,3.638095238095238,0.0,0.0,0.15,0.08095238095238096,0,0.12760609721648417,0.2823093542840636,0.8750289104715817,0.7724740610168336,0.0,0.6666666666666666,0.0,0.3,0.0,0.5603163154351172,0.3,0.08,0.009523809523809525,0.5,0.25
243,0.9767351590363094,0.5306360426929676,0.8716211241087675,0.5182774560551853,0.23380311223024616,0.541031125208753,0.7095238095238096,0.4038740747033644,0.40071974485031064,0.1,0.4257142857142857,0.3816331838734502,0.3911340766103341,0.08285714285714285,0.009523809523809525,0.008571428571428572,0.4,16.98,0.009523809523809525,0.0,0.036204884199100465,0.08436634914903716,3.638095238095238,0.0,0.0,0.15,0.08095238095238096,0,0.12745378101611604,0.2808978075126433,0.8660997608335786,0.7898559978413199,0.0,0.6666666666666666,0.0,0.3,0.0,0.5603163154351172,0.3,0.08,0.009523809523809525,0.5,0.25
244,0.9771864298271954,0.5320568326281925,0.8718918865832987,0.5191586846827418,0.23380311223024616,0.5416548357794221,0.7,0.4038740747033644,0.40071974485031064,0.1,0.42,0.3816331838734502,0.3911340766103341,0.08285714285714285,0.004761904761904762,0.005714285714285714,0.4,16.957142857142856,0.009523809523809525,0.0,0.036204884199100465,0.08436634914903716,3.638095238095238,0.0,0.0,0.15,0.08095238095238096,0,0.12687365496817832,0.27949331847508013,0.8544920513311929,0.7740588778844935,0.0,1.0,0.0,0.3,0.0,0.5603163154351172,0.3,0.08,0.004761904761904762,0.5,0.25
245,0.9780878190209124,0.5318252027602417,0.8724327200995291,0.519548678429866,0.23380311223024616,0.5423450091948365,0.7285714285714285,0.4038740747033644,0.40071974485031064,0.1,0.43714285714285717,0.3816331838734502,0.3911340766103341,0.08285714285714285,0.004761904761904762,0.005714285714285714,0.4,16.945714285714285,0.004761904761904762,0.0,0.036204884199100465,0.08436634914903716,3.638095238095238,0.0,0.0,0.15,0.08095238095238096,0,0.1262964295504803,0.2780958518827047,0.8431164960188545,0.7585777003268035,0.0,1.0,0.0,0.3,0.0,0.5603163154351172,0.3,0.08,0.004761904761904762,0.5,0.25
246,0.9760447750939666,0.5316689386486292,0.8712068937433618,0.5195058765774583,0.23380311223024616,0.5429566165101631,0.7095238095238096,0.4038740747033644,0.40071974485031064,0.1,0.4257142857142857,0.3816331838734502,0.3911340766103341,0.08285714285714285,0.004761904761904762,0.005714285714285714,0.4,16.94,0.004761904761904762,0.0,0.036204884199100465,0.08436634914903716,3.638095238095238,0.0,0.0,0.15,0.08095238095238096,0,0.12572209025987072,0.2767053726232912,0.8319684518127634,0.7434061463202675,0.0,1.0,0.0,0.3,0.0,0.5603163154351172,0.3,0.08,0.004761904761904762,0.5,0.25
247,0.9757138577660683,0.5321899274159858,0.8710083433466226,0.519958038949748,0.23380311223024616,0.543448849449728,0.719047619047619,0.40396931279860254,0.4007911734217392,0.1,0.43142857142857144,0.38169032673059305,0.3911769337531913,0.08285714285714285,0.009523809523809525,0.005714285714285714,0.4,16.97142857142857,0.004761904761904762,0.0,0.036204884199100465,0.08436634914903716,3.638095238095238,0.0,0.0,0.15,0.08095238095238096,0,0.12555062266571423,0.27532184576017477,0.8210433684907936,0.7519946343208758,0.0,0.5,0.0,0.3,0.0,0.5603163154351172,0.3,0.08,0.009523809523809525,0.5,0.25
248,0.9773978688079017,0.5316508119035116,0.8720187499717227,0.5199492861679859,0.23380311223024616,0.5440461930200967,0.6952380952380952,0.40396931279860254,0.4007911734217392,0.1,0.41714285714285715,0.38169032673059305,0.3911769337531913,0.08285714285714285,0.004761904761904762,0.005714285714285714,0.4,16.97142857142857,0.004761904761904762,0.0,0.036204884199100465,0.08436634914903716,3.638095238095238,0.0,0.0,0.15,0.08095238095238096,0,0.1250084409809571,0.27394523653137387,0.8103367868352636,0.7369547416344583,0.0,1.0,0.0,0.3,0.0,0.5603163154351172,0.3,0.08,0.004761904761904762,0.5,0.25
249,0.9776816994888674,0.53144542105147,0.8721890483803022,0.5195437676387168,0.23380311223024616,0.544673047232535,0.6238095238095238,0.40396931279860254,0.4007911734217392,0.1,0.3742857142857143,0.38169032673059305,0.3911769337531913,0.08285714285714285,0.004761904761904762,0.005714285714285714,0.4,17.00857142857143,0.004761904761904762,0.0,0.036204884199100465,0.08436634914903716,3.638095238095238,0.0,0.0,0.15,0.08095238095238096,0,0.12444054163319516,0.27257551034871697,0.7998443368128438,0.7222156468017691,0.0,1.0,0.0,0.3,0.0,0.5603163154351172,0.3,0.08,0.004761904761904762,0.5,0.25
250,0.97682998238915,0.5326514073452546,0.8716780181204717,0.519589504708175,0.23380311223024616,0.5449302976862521,0.6142857142857143,0.4040645508938407,0.40086260199316776,0.1,0.36857142857142855,0.38174746958773587,0.3912197908960484,0.08285714285714285,0.009523809523809525,0.008571428571428572,0.4,17.002857142857142,0.004761904761904762,0.0,0.036204884199100465,0.08436634914903716,3.638095238095238,0.0,0.0,0.15,0.08095238095238096,0,0.12430405321074348,0.2712126327969734,0.7924188786480155,0.7400763865283538,0.0,0.6666666666666666,0.0,0.3,0.0,0.5603163154351172,0.3,0.08,0.009523809523809525,0.5,0.25
251,0.9776633991675757,0.5320573278107801,0.8721780681875272,0.5191539810920591,0.23380311223024616,0.5453727271369149,0.6333333333333333,0.4040645508938407,0.40086260199316776,0.1,0.38,0.38174746958773587,0.3912197908960484,0.08285714285714285,0.004761904761904762,0.002857142857142857,0.4,17.042857142857144,0.004761904761904762,0.0,0.036204884199100465,0.08436634914903716,3.638095238095238,0.0,0.0,0.15,0.08095238095238096,0,0.1237111043732612,0.26985656963298854,0.779427643932198,0.7252748587977867,0.0,1.0,0.0,0.3,0.0,0.5603163154351172,0.3,0.08,0.004761904761904762,0.5,0.25
252,0.9784850792353045,0.532006675275604,0.8726710762281644,0.5183250825555881,0.23380311223024616,0.5457336458967715,0.7095238095238096,0.4040645508938407,0.40086260199316776,0.1,0.4257142857142857,0.38174746958773587,0.3912197908960484,0.08285714285714285,0.004761904761904762,0.005714285714285714,0.4,17.014285714285716,0.009523809523809525,0.0,0.036204884199100465,0.08436634914903716,3.638095238095238,0.0,0.0,0.15,0.08095238095238096,0,0.1231781202799663,0.26850728678482355,0.7695533767678399,0.710769361621831,0.0,1.0,0.0,0.3,0.0,0.5603163154351172,0.3,0.08,0.004761904761904762,0.5,0.25
253,0.977003152755732,0.5316233046684283,0.8717819203404211,0.5181421939395747,0.23380311223024616,0.5460688841344541,0.6619047619047619,0.4040645508938407,0.40086260199316776,0.1,0.39714285714285713,0.38174746958773587,0.3912197908960484,0.08285714285714285,0.004761904761904762,0.005714285714285714,0.4,16.974285714285713,0.004761904761904762,0.0,0.036204884199100465,0.08436634914903716,3.638095238095238,0.0,0.0,0.15,0.08095238095238096,0,0.12261937253570933,0.2671647503508994,0.7598765949467687,0.6965539743893944,0.0,1.0,0.0,0.3,0.0,0.5603163154351172,0.3,0.08,0.004761904761904762,0.5,0.25
254,0.9745504314548101,0.53338432579466,0.8703102875598678,0.5191692041929062,0.23380311223024616,0.5463914557573035,0.7,0.4040645508938407,0.40086260199316776,0.1,0.42,0.38174746958773587,0.3912197908960484,0.08285714285714285,0.004761904761904762,0.005714285714285714,0.4,16.97714285714286,0.004761904761904762,0.0,0.036204884199100465,0.08436634914903716,3.638095238095238,0.0,0.0,0.15,0.08095238095238096,0,0.12206341853017363,0.2658289265991449,0.750393348762119,0.6826228949016064,0.0,1.0,0.0,0.3,0.0,0.5603163154351172,0.3,0.08,0.004761904761904762,0.5,0.25
255,0.9757397186018514,0.5346882040332642,0.8710238598480925,0.5198199447171458,0.23380311223024616,0.5468800405495111,0.6857142857142857,0.4040645508938407,0.40086260199316776,0.1,0.4114285714285714,0.38174746958773587,0.3912197908960484,0.08285714285714285,0.004761904761904762,0.002857142857142857,0.4,16.96,0.004761904761904762,0.0,0.036204884199100465,0.08436634914903716,3.638095238095238,0.0,0.0,0.15,0.08095238095238096,0,0.1214816728660942,0.2644997819661492,0.7382426246440196,0.6689704370035743,0.0,1.0,0.0,0.3,0.0,0.5603163154351172,0.3,0.08,0.004761904761904762,0.5,0.25
256,0.9765802080596434,0.534271990889322,0.8715281535227678,0.519888099422017,0.23380311223024616,0.5474596915124991,0.7142857142857143,0.4041597889890787,0.40093403056459637,0.10476190476190476,0.42857142857142855,0.3818046124448788,0.3912626480389056,0.08571428571428572,0.009523809523809525,0.005714285714285714,0.4,16.965714285714284,0.004761904761904762,0.0,0.036204884199100465,0.08436634914903716,3.638095238095238,0.0,0.0,0.15,0.08095238095238096,0,0.12133140735890659,0.2681191011135919,0.7291920578654248,0.6684408469715049,0.0,0.5,0.0,0.3,0.0,0.5603163154351172,0.3,0.08,0.009523809523809525,0.5,0.25
257,0.9774908013084167,0.5354329878673371,0.8720745094720318,0.5206076260813118,0.23380311223024616,0.5480425494814675,0.7,0.4041597889890787,0.40093403056459637,0.10476190476190476,0.42,0.3818046124448788,0.3912626480389056,0.08571428571428572,0.0,0.0,0.4,16.96857142857143,0.009523809523809525,0.0,0.036204884199100465,0.08436634914903716,3.638095238095238,0.0,0.0,0.15,0.08095238095238096,0,0.12072475032211205,0.26677850560802396,0.7146082167081164,0.6550720300320747,0.0,0.0,0.0,0.3,0.0,0.5603163154351172,0.3,0.08,0.0,0.5,0.25
258,0.9764042500766569,0.5356011865116839,0.871422578732976,0.5209018035976765,0.23380311223024616,0.5486015946166483,0.719047619047619,0.4042550270843168,0.4010054591360249,0.10476190476190476,0.43142857142857144,0.38186175530202165,0.3913055051817627,0.08571428571428572,0.009523809523809525,0.008571428571428572,0.4,16.945714285714285,0.004761904761904762,0.0,0.036204884199100465,0.08436634914903716,3.638095238095238,0.0,0.0,0.15,0.08095238095238096,0,0.12072012942407293,0.27158384709103506,0.7088874809453826,0.6535623474038117,0.0,0.6666666666666666,0.0,0.3,0.0,0.5603163154351172,0.3,0.08,0.009523809523809525,0.5,0.25
259,0.9758927142279817,0.5356786687125767,0.8711156572237707,0.5208175164593796,0.23380311223024616,0.5490074145128443,0.6857142857142857,0.40454074137003115,0.401255553508563,0.10476190476190476,0.4114285714285714,0.38203318387345025,0.3914555618052857,0.08571428571428572,0.01904761904761905,0.014285714285714285,0.4,16.934285714285714,0.004761904761904762,0.0,0.036204884199100465,0.08436634914903716,3.638095238095238,0.0,0.0,0.15,0.08095238095238096,0,0.1214593859198097,0.2834124296919465,0.7089954456121892,0.7053193084900812,0.0,0.4,0.0,0.3,0.0,0.5603163154351172,0.3,0.08,0.01904761904761905,0.5,0.25
260,0.9761682640518069,0.5358729962407452,0.8712809871180658,0.5207970894795453,0.23380311223024616,0.5493429824177503,0.6523809523809524,0.40454074137003115,0.401255553508563,0.10476190476190476,0.3914285714285714,0.38203318387345025,0.3914555618052857,0.08571428571428572,0.004761904761904762,0.005714285714285714,0.4,16.942857142857143,0.004761904761904762,0.0,0.036204884199100465,0.08436634914903716,3.638095238095238,0.0,0.0,0.15,0.08095238095238096,0,0.12090923184735351,0.2819953675434868,0.7005298224142312,0.6912129223202795,0.0,1.0,0.0,0.3,0.0,0.5603163154351172,0.3,0.08,0.004761904761904762,0.5,0.25
261,0.976086859280729,0.5370800141792129,0.8712321442554191,0.5222388339086854,0.23380311223024616,0.5495760812890393,0.6714285714285714,0.40454074137003115,0.401255553508563,0.10476190476190476,0.40285714285714286,0.38203318387345025,0.3914555618052857,0.08571428571428572,0.004761904761904762,0.002857142857142857,0.4,16.917142857142856,0.009523809523809525,0.0,0.036204884199100465,0.08436634914903716,3.638095238095238,0.0,0.0,0.15,0.08095238095238096,0,0.12033325711668817,0.2805853907057693,0.6893763688230894,0.677388663873874,0.0,1.0,0.0,0.3,0.0,0.5603163154351172,0.3,0.08,0.004761904761904762,0.5,0.25
262,0.9751627584155986,0.537191100059424,0.8706776837363408,0.5224364931869018,0.23380311223024616,0.5497535141011034,0.7,0.40454074137003115,0.401255553508563,0.10476190476190476,0.42,0.38203318387345025,0.3914555618052857,0.08571428571428572,0.004761904761904762,0.002857142857142857,0.4,16.902857142857144,0.004761904761904762,0.0,0.036204884199100465,0.08436634914903716,3.638095238095238,0.0,0.0,0.15,0.08095238095238096,0,0.11978859083110474,0.2791824637522405,0.6784459843037703,0.6638408905963964,0.0,1.0,0.0,0.3,0.0,0.5603163154351172,0.3,0.08,0.004761904761904762,0.5,0.25
263,0.9752047043483627,0.5379770293948621,0.8707028512959992,0.5232484891453034,0.23380311223024616,0.5499233102276763,0.7571428571428571,0.40454074137003115,0.401255553508563,0.10476190476190476,0.4542857142857143,0.38203318387345025,0.3914555618052857,0.08571428571428572,0.004761904761904762,0.005714285714285714,0.4,16.9,0.009523809523809525,0.0,0.036204884199100465,0.08436634914903716,3.638095238095238,0.0,0.0,0.15,0.08095238095238096,0,0.11927521930552062,0.2777865514334793,0.6705913503319807,0.6505640727844685,0.0,1.0,0.0,0.3,0.0,0.5603163154351172,0.3,0.08,0.004761904761904762,0.5,0.25
264,0.9762920898565638,0.538990690645449,0.8713552826009199,0.5233243714166675,0.23380311223024616,0.5498935700373755,0.7761904761904762,0.40454074137003115,0.401255553508563,0.10476190476190476,0.4657142857142857,0.38203318387345025,0.3914555618052857,0.08571428571428572,0.004761904761904762,0.002857142857142857,0.4,16.974285714285713,0.009523809523809525,0.0,0.036204884199100465,0.08436634914903716,3.638095238095238,0.0,0.0,0.15,0.08095238095238096,0,0.11870741463756446,0.2763976186763119,0.6600366661824839,0.6375527913287791,0.0,1.0,0.0,0.3,0.0,0.5603163154351172,0.3,0.08,0.004761904761904762,0.5,0.25
265,0.9776391867004488,0.538911402850609,0.8721635407072511,0.5231017636887536,0.23380311223024616,0.5499855676271869,0.6952380952380952,0.40463597946526925,0.4013269820799916,0.10476190476190476,0.41714285714285715,0.382090326730593,0.39149841894814275,0.08571428571428572,0.009523809523809525,0.008571428571428572,0.4,16.96,0.009523809523809525,0.0,0.036204884199100465,0.08436634914903716,3.638095238095238,0.0,0.0,0.15,0.08095238095238096,0,0.11862802042151949,0.2750156305829303,0.6554073614302628,0.6248017355022034,0.0,0.6666666666666666,0.0,0.3,0.0,0.5603163154351172,0.3,0.08,0.009523809523809525,0.5,0.25
266,0.9759275878269905,0.5391644151340904,0.871136581383176,0.5232963828451329,0.23380311223024616,0.5499746315865981,0.6714285714285714,0.40463597946526925,0.4013269820799916,0.10476190476190476,0.40285714285714286,0.382090326730593,0.39149841894814275,0.08571428571428572,0.004761904761904762,0.005714285714285714,0.4,16.951428571428572,0.009523809523809525,0.0,0.036204884199100465,0.08436634914903716,3.638095238095238,0.0,0.0,0.15,0.08095238095238096,0,0.11809202317655475,0.27364055243001567,0.6480134999159433,0.6123057007921594,0.0,1.0,0.0,0.3,0.0,0.5603163154351172,0.3,0.08,0.004761904761904762,0.5,0.25
267,0.9774289122986061,0.5402729319174364,0.8717316594745955,0.523467234677534,0.23380311223024616,0.5498242739758621,0.7464114832535885,0.40503762614959393,0.40181642828413855,0.10526315789473684,0.44571428571428573,0.382090326730593,0.39149841894814275,0.08571428571428572,0.0,0.005714285714285714,0.40285714285714286,16.957142857142856,0.004784688995215311,0.002857142857142857,0.0362650425048442,0.08436634914903715,3.4832535885167464,0.0,0.0,0.15,0.08133971291866028,0,0.11755870591781484,0.27227234966786557,0.64076751563191,0.6000595867763162,0.0,1.0,0.0,0.3,0.0,0.5603163154351172,0.3,0.08,0.004761904761904762,0.5,0.25
268,0.9772370422396633,0.5395980005383426,0.8716170856393983,0.522873137612555,0.23380311223024616,0.5497546876703385,0.7416267942583732,0.40503762614959393,0.40181642828413855,0.10526315789473684,0.44285714285714284,0.382090326730593,0.39149841894814275,0.08571428571428572,0.0,0.0,0.40285714285714286,16.908571428571427,0.004784688995215311,0.0,0.036381120988852225,0.08436634914903715,3.4832535885167464,0.0,0.0,0.15,0.08133971291866028,0,0.11697091238822578,0.2709109879195263,0.6279521653192718,0.5880583950407899,0.0,0.0,0.0,0.3,0.0,0.5603163154351172,0.3,0.08,0.0,0.5,0.25
269,0.9763800299713995,0.5401011256323337,0.8711053268849209,0.5226845981643274,0.23380311223024616,0.549570604121327,0.7655502392344498,0.40513331992949825,0.4018881986190668,0.10526315789473684,0.45714285714285713,0.3821474695877358,0.39154127609099987,0.08571428571428572,0.004784688995215311,0.002857142857142857,0.40285714285714286,16.951428571428572,0.004784688995215311,0.0,0.036381120988852225,0.08436634914903715,3.4832535885167464,0.0,0.0,0.15,0.08133971291866028,0,0.11681462925485607,0.2695564329799286,0.6182502648700292,0.6196090063205579,0.0,0.0,0.0,0.3,0.0,0.5603163154351172,0.3,0.08,0.004784688995215311,0.5,0.25
270,0.9779146341041978,0.540053483672076,0.8720217047813631,0.5227079825843415,0.23380311223024616,0.549465054145034,0.7129186602870813,0.40513331992949825,0.4018881986190668,0.10526315789473684,0.4257142857142857,0.3821474695877358,0.39154127609099987,0.08571428571428572,0.0,0.0,0.40285714285714286,16.937142857142856,0.0,0.0,0.036381120988852225,0.08436634914903715,3.4832535885167464,0.0,0.0,0.15,0.08133971291866028,0,0.11623055610858178,0.268208650815029,0.6058852595726286,0.6072168261941467,0.0,0.0,0.0,0.3,0.0,0.5603163154351172,0.3,0.08,0.0,0.5,0.25
271,0.97895055109691,0.5399221961783403,0.8726402952141542,0.5228089411398135,0.23380311223024616,0.5493613066921322,0.7320574162679426,0.40513331992949825,0.4018881986190668,0.10526315789473684,0.43714285714285717,0.3821474695877358,0.39154127609099987,0.08571428571428572,0.0,0.0,0.40285714285714286,17.005714285714287,0.0,0.0,0.036381120988852225,0.08436634914903715,3.4832535885167464,0.0,0.0,0.15,0.08133971291866028,0,0.11564940332803887,0.26686760756095385,0.593767554381176,0.5950724896702638,0.0,0.0,0.0,0.3,0.0,0.5603163154351172,0.3,0.08,0.0,0.5,0.25
272,0.9798202572634871,0.540084467990553,0.8731596340393389,0.522902925387946,0.23380311223024616,0.5494463481955704,0.7081339712918661,0.40513331992949825,0.4018881986190668,0.10526315789473684,0.4228571428571429,0.3821474695877358,0.39154127609099987,0.08571428571428572,0.0,0.0,0.40285714285714286,16.98857142857143,0.0,0.0,0.036381120988852225,0.08436634914903715,3.4832535885167464,0.0,0.0,0.15,0.08133971291866028,0,0.11507115631139868,0.26553326952314904,0.5818922032935525,0.5831710398768585,0.0,0.0,0.0,0.3,0.0,0.5603163154351172,0.3,0.08,0.0,0.5,0.25
273,0.9791127532200208,0.5412857013235622,0.8727371530533833,0.5236724444849085,0.23380311223024616,0.5493996742566324,0.6650717703349283,0.40513331992949825,0.4018881986190668,0.10526315789473684,0.39714285714285713,0.3821474695877358,0.39154127609099987,0.08571428571428572,0.0,0.0,0.40285714285714286,16.942857142857143,0.0,0.0,0.036381120988852225,0.08436634914903715,3.4832535885167464,0.0,0.0,0.15,0.08133971291866028,0,0.11449580052984167,0.2642056031755333,0.5702543592276814,0.5715076190793213,0.0,0.0,0.0,0.3,0.0,0.5603163154351172,0.3,0.08,0.0,0.5,0.25
274,0.9794275328268202,0.5413267226902686,0.8729251214471578,0.5238989138724623,0.23380311223024616,0.5495054628465752,0.6985645933014354,0.40522901370940256,0.40195996895399505,0.10526315789473684,0.41714285714285715,0.38220461244487874,0.391584133233857,0.08571428571428572,0.004784688995215311,0.002857142857142857,0.40285714285714286,16.92,0.0,0.0,0.036381120988852225,0.08436634914903715,3.4832535885167464,0.0,0.0,0.15,0.08133971291866028,0,0.11435189295576391,0.26288457515965563,0.5617064149002707,0.5831888074825957,0.0,0.0,0.0,0.3,0.0,0.5603163154351172,0.3,0.08,0.004784688995215311,0.5,0.25
275,0.9781171819049855,0.5413598347523394,0.8721426547538338,0.5244231071776437,0.23380311223024616,0.5495558504037881,0.7511961722488039,0.4053247074893069,0.4020317392889233,0.10526315789473684,0.44857142857142857,0.3822617553020216,0.39162699037671417,0.08571428571428572,0.004784688995215311,0.002857142857142857,0.40285714285714286,16.925714285714285,0.0,0.0,0.036381120988852225,0.08436634914903715,3.4832535885167464,0.0,0.0,0.15,0.08133971291866028,0,0.11420870491955652,0.2615701522838574,0.5533294294594081,0.6048601685618197,0.0,0.0,0.0,0.3,0.0,0.5603163154351172,0.3,0.08,0.004784688995215311,0.5,0.25
276,0.9776777128681154,0.542924931184295,0.8718802289575313,0.5257206143351196,0.23380311223024616,0.5495865055279707,0.7368421052631579,0.4053247074893069,0.4020317392889233,0.10526315789473684,0.44,0.3822617553020216,0.39162699037671417,0.08571428571428572,0.0,0.0,0.40285714285714286,16.954285714285714,0.0,0.0,0.036381120988852225,0.08436634914903715,3.4832535885167464,0.0,0.0,0.15,0.08133971291866028,0,0.11363766139495872,0.26026230152243807,0.5422628408702199,0.5927629651905832,0.0,0.0,0.0,0.3,0.0,0.5603163154351172,0.3,0.08,0.0,0.5,0.25
277,0.9792474022847006,0.5438419213503957,0.8728175577805778,0.52566803020078,0.23380311223024616,0.5495768881749592,0.7081339712918661,0.4053247074893069,0.4020317392889233,0.10526315789473684,0.4228571428571429,0.3822617553020216,0.39162699037671417,0.08571428571428572,0.0,0.0,0.40285714285714286,16.97714285714286,0.0,0.0,0.036381120988852225,0.08436634914903715,3.4832535885167464,0.0,0.0,0.15,0.08133971291866028,0,0.11306947308798393,0.25896099001482586,0.5314175840528155,0.5809077058867715,0.0,0.0,0.0,0.3,0.0,0.5603163154351172,0.3,0.08,0.0,0.5,0.25
278,0.9786384901478089,0.5447246339484862,0.8724539502474055,0.52676696326005,0.23380311223024616,0.5494257052005996,0.7129186602870813,0.4053247074893069,0.4020317392889233,0.10526315789473684,0.4257142857142857,0.3822617553020216,0.39162699037671417,0.08571428571428572,0.0,0.0,0.40285714285714286,16.96857142857143,0.0,0.0,0.036381120988852225,0.08436634914903715,3.4832535885167464,0.0,0.0,0.15,0.08133971291866028,0,0.11250412572254402,0.2576661850647517,0.5207892323717591,0.5692895517690362,0.0,0.0,0.0,0.3,0.0,0.5603163154351172,0.3,0.08,0.0,0.5,0.25
279,0.9785962647577312,0.5444823258071219,0.8724287356573304,0.5264622340305352,0.23380311223024616,0.5491836028032504,0.6889952153110048,0.4053247074893069,0.4020317392889233,0.10526315789473684,0.4114285714285714,0.3822617553020216,0.39162699037671417,0.08571428571428572,0.0,0.0,0.40285714285714286,16.962857142857143,0.0,0.0,0.036381120988852225,0.08436634914903715,3.4832535885167464,0.0,0.0,0.15,0.08133971291866028,0,0.11194160509393129,0.25637785413942793,0.510373447724324,0.5579037607336554,0.0,0.0,0.0,0.3,0.0,0.5603163154351172,0.3,0.08,0.0,0.5,0.25
280,0.9792165817741733,0.5437312067227799,0.8727991535328627,0.5265704850457282,0.23380311223024616,0.5488270780453043,0.7033492822966507,0.40542040126921114,0.40210350962385144,0.10526315789473684,0.42,0.3823188981591644,0.39166984751957135,0.08571428571428572,0.004784688995215311,0.002857142857142857,0.40285714285714286,17.0,0.0,0.0,0.036381120988852225,0.08436634914903715,3.4832535885167464,0.0,0.0,0.15,0.08133971291866028,0,0.11181046849703308,0.2550959648687308,0.5030231216269804,0.5598147869186035,0.0,0.0,0.0,0.3,0.0,0.5603163154351172,0.3,0.08,0.004784688995215311,0.5,0.25
281,0.9804930689547201,0.5444286789549647,0.8735613987349607,0.5272574044447991,0.23380311223024616,0.5484067831093807,0.6794258373205742,0.4056117888290197,0.4022470502937079,0.10526315789473684,0.4057142857142857,0.3824331838734502,0.39175556180528553,0.08571428571428572,0.009569377990430622,0.005714285714285714,0.40285714285714286,17.002857142857142,0.0,0.0,0.036381120988852225,0.08436634914903715,3.4832535885167464,0.0,0.0,0.15,0.08133971291866028,0,0.11210855901169074,0.2605191183831902,0.4986769449087265,0.5818980970479831,0.0,0.0,0.0,0.3,0.0,0.5603163154351172,0.3,0.08,0.009569377990430622,0.5,0.25
282,0.9809384082345063,0.5452977461917277,0.8738273299048904,0.5277575065692048,0.23380311223024616,0.5477726842994309,0.7129186602870813,0.4057074826089241,0.4023188206286361,0.10526315789473684,0.4257142857142857,0.382490326730593,0.3917984189481427,0.08571428571428572,0.004784688995215311,0.002857142857142857,0.40285714285714286,17.03142857142857,0.0,0.0,0.036381120988852225,0.08436634914903715,3.4832535885167464,0.0,0.0,0.15,0.08133971291866028,0,0.11197658764520371,0.28933038777002057,0.49156054886769485,0.5941778205953687,0.0,0.0,0.0,0.3,0.0,0.5603163154351172,0.3,0.08,0.004784688995215311,0.5,0.25
283,0.9824638145841819,0.5439398548676928,0.8747382154108394,0.5263599698400003,0.23380311223024616,0.5473285895981557,0.7511961722488039,0.40580317638882835,0.40239059096356433,0.10526315789473684,0.44857142857142857,0.3825474695877359,0.39184127609099995,0.08571428571428572,0.004784688995215311,0.002857142857142857,0.40285714285714286,17.071428571428573,0.0,0.0,0.036381120988852225,0.08436634914903715,3.4832535885167464,0.0,0.0,0.15,0.08133971291866028,0,0.11184527613554913,0.28850449096818653,0.4845864807474837,0.5822942641834613,0.0,0.0,0.0,0.3,0.0,0.5603163154351172,0.3,0.08,0.004784688995215311,0.5,0.25
284,0.9805243229479296,0.5444798860046822,0.8735800618337631,0.5266157971513817,0.23380311223024616,0.5468673199021994,0.7368421052631579,0.40580317638882835,0.40239059096356433,0.10526315789473684,0.44,0.3825474695877359,0.39184127609099995,0.08571428571428572,0.0,0.0,0.40285714285714286,17.114285714285714,0.0,0.0,0.036381120988852225,0.08436634914903715,3.4832535885167464,0.0,0.0,0.15,0.08133971291866028,0,0.11128604975487137,0.2870619685133456,0.47489475113253415,0.5706483788997921,0.0,0.0,0.0,0.3,0.0,0.5603163154351172,0.3,0.08,0.0,0.5,0.25
285,0.9817586872831688,0.5451936296658074,0.8743171536796632,0.5271584878471847,0.23380311223024616,0.5463886424325471,0.6985645933014354,0.40589887016873266,0.4024623612984926,0.10526315789473684,0.41714285714285715,0.38260461244487876,0.391884133233857,0.08571428571428572,0.004784688995215311,0.002857142857142857,0.40285714285714286,17.177142857142858,0.004784688995215311,0.0,0.036381120988852225,0.08436634914903715,3.4832535885167464,0.0,0.0,0.15,0.08133971291866028,0,0.11115819093466846,0.2856266586707789,0.4682539989670263,0.5916254691826611,0.0,0.0,0.0,0.3,0.0,0.5603163154351172,0.3,0.08,0.004784688995215311,0.5,0.25
286,0.9803060506751952,0.5438830297819688,0.8734497221051875,0.5261464058225922,0.23380311223024616,0.5459951460002831,0.7081339712918661,0.40589887016873266,0.4024623612984926,0.10526315789473684,0.4228571428571429,0.38260461244487876,0.391884133233857,0.08571428571428572,0.0,0.0,0.40285714285714286,17.225714285714286,0.0,0.0,0.036381120988852225,0.08436634914903715,3.4832535885167464,0.0,0.0,0.15,0.08133971291866028,0,0.1106023999799951,0.28419852537742496,0.45888891898768575,0.579792959799008,0.0,0.0,0.0,0.3,0.0,0.5603163154351172,0.3,0.08,0.0,0.5,0.25
287,0.9795095327949276,0.5446564326255973,0.872974087142399,0.5263672216443546,0.23380311223024616,0.5454889083071246,0.6985645933014354,0.40599456394863703,0.40253413163342083,0.10526315789473684,0.41714285714285715,0.38266175530202157,0.39192699037671413,0.08571428571428572,0.004784688995215311,0.002857142857142857,0.40285714285714286,17.234285714285715,0.0,0.0,0.036381120988852225,0.08436634914903715,3.4832535885167464,0.0,0.0,0.15,0.08133971291866028,0,0.11047795940866656,0.28277753275053785,0.4525682834650749,0.5711735572435263,0.0,0.0,0.0,0.3,0.0,0.5603163154351172,0.3,0.08,0.004784688995215311,0.5,0.25
288,0.9810024506624062,0.5453338224661322,0.873865572383265,0.5272512437642588,0.23380311223024616,0.5448933973383143,0.631578947368421,0.4060902577285413,0.40260590196834906,0.10526315789473684,0.37714285714285717,0.3827188981591645,0.3919698475195713,0.08571428571428572,0.004784688995215311,0.002857142857142857,0.40285714285714286,17.271428571428572,0.0,0.0,0.036381120988852225,0.08436634914903715,3.4832535885167464,0.0,0.0,0.15,0.08133971291866028,0,0.11035414104019466,0.28136364508678513,0.44637406065291624,0.5797421536676779,0.0,0.0,0.0,0.3,0.0,0.5603163154351172,0.3,0.08,0.004784688995215311,0.5,0.25
289,0.9817420365029593,0.5453813134591461,0.8743072107851951,0.5271209919415789,0.23380311223024616,0.544246265194602,0.6220095693779905,0.4060902577285413,0.40260590196834906,0.10526315789473684,0.37142857142857144,0.3827188981591645,0.3919698475195713,0.08571428571428572,0.0,0.0,0.40285714285714286,17.268571428571427,0.0,0.0,0.036381120988852225,0.08436634914903715,3.4832535885167464,0.0,0.0,0.15,0.08133971291866028,0,0.1098023703349937,0.2799568268613512,0.4374465794398579,0.5681473105943243,0.0,0.0,0.0,0.3,0.0,0.5603163154351172,0.3,0.08,0.0,0.5,0.25
290,0.9798709062927248,0.545622893497454,0.8731898787453694,0.5271403645464952,0.23380311223024616,0.5435324135359578,0.6650717703349283,0.4060902577285413,0.40260590196834906,0.10526315789473684,0.39714285714285713,0.3827188981591645,0.3919698475195713,0.08571428571428572,0.0,0.0,0.40285714285714286,17.3,0.0,0.0,0.036381120988852225,0.08436634914903715,3.4832535885167464,0.0,0.0,0.15,0.08133971291866028,0,0.10925335848331871,0.2785570427270444,0.42869764785106074,0.5567843643824378,0.0,0.0,0.0,0.3,0.0,0.5603163154351172,0.3,0.08,0.0,0.5,0.25
291,0.9786239303254045,0.5450665239187555,0.8724452559534552,0.5272369041216414,0.23380311223024616,0.5428926368949879,0.6889952153110048,0.4060902577285413,0.40260590196834906,0.10526315789473684,0.4114285714285714,0.3827188981591645,0.3919698475195713,0.08571428571428572,0.0,0.0,0.40285714285714286,17.242857142857144,0.0,0.0,0.036381120988852225,0.08436634914903715,3.4832535885167464,0.0,0.0,0.15,0.08133971291866028,0,0.10870709169090213,0.2771642575134092,0.42012369489403956,0.545648677094789,0.0,0.0,0.0,0.3,0.0,0.5603163154351172,0.3,0.08,0.0,0.5,0.25
292,0.9759962099646263,0.545034631690806,0.8708761315094478,0.5267187573822076,0.23380311223024616,0.5422443826209647,0.6124401913875598,0.4060902577285413,0.40260590196834906,0.10526315789473684,0.3657142857142857,0.3827188981591645,0.3919698475195713,0.08571428571428572,0.0,0.0,0.40285714285714286,17.265714285714285,0.0,0.0,0.036381120988852225,0.08436634914903715,3.4832535885167464,0.0,0.0,0.15,0.08133971291866028,0,0.10816355623244762,0.27577843622584214,0.41172122099615877,0.5347357035528932,0.0,0.0,0.0,0.3,0.0,0.5603163154351172,0.3,0.08,0.0,0.5,0.25
293,0.9759807407755661,0.5451277404795247,0.8708668941936945,0.5269155541595258,0.23380311223024616,0.5416515802589325,0.6555023923444976,0.4060902577285413,0.40260590196834906,0.10526315789473684,0.3914285714285714,0.3827188981591645,0.3919698475195713,0.08571428571428572,0.0,0.0,0.40285714285714286,17.251428571428573,0.0,0.0,0.036381120988852225,0.08436634914903715,3.4832535885167464,0.0,0.0,0.15,0.08133971291866028,0,0.10762273845128537,0.27439954404471295,0.40348679657623554,0.5240409894818353,0.0,0.0,0.0,0.3,0.0,0.5603163154351172,0.3,0.08,0.0,0.5,0.25
294,0.9755457306201785,0.5451360167353099,0.8706071309866203,0.5274455244486391,0.23380311223024616,0.5409571838209152,0.6507177033492823,0.4060902577285413,0.40260590196834906,0.10526315789473684,0.38857142857142857,0.3827188981591645,0.3919698475195713,0.08571428571428572,0.0,0.0,0.40285714285714286,17.257142857142856,0.0,0.0,0.036381120988852225,0.08436634914903715,3.4832535885167464,0.0,0.0,0.15,0.08133971291866028,0,0.10708462475902893,0.2730275463244894,0.3954170606447108,0.5135601696921986,0.0,0.0,0.0,0.3,0.0,0.5603163154351172,0.3,0.08,0.0,0.5,0.25
295,0.9745515340885023,0.5440601555020089,0.8700134536291336,0.5265563807917215,0.23380311223024616,0.540388909845777,0.5885167464114832,0.4061859515084456,0.4026776723032773,0.10526315789473684,0.3514285714285714,0.38277604101630736,0.3920127046624285,0.08571428571428572,0.004784688995215311,0.002857142857142857,0.40285714285714286,17.262857142857143,0.0,0.0,0.036381120988852225,0.08436634914903715,3.4832535885167464,0.0,0.0,0.15,0.08133971291866028,0,0.10697777306380522,0.2716624085928669,0.3903658622889595,0.5934708179637008,0.0,0.0,0.0,0.3,0.0,0.5603163154351172,0.3,0.08,0.004784688995215311,0.5,0.25
296,0.9762603041129605,0.5445188047608007,0.8710338334437387,0.5263766279019254,0.23380311223024616,0.5399811932024485,0.6220095693779905,0.4062816452883499,0.4027494426382055,0.10526315789473684,0.37142857142857144,0.38283318387345017,0.3920555618052856,0.08571428571428572,0.004784688995215311,0.002857142857142857,0.40285714285714286,17.22,0.0,0.0,0.036381120988852225,0.08436634914903715,3.4832535885167464,0.0,0.0,0.15,0.08133971291866028,0,0.10687145562705763,0.27030409654990256,0.38541568790032316,0.6000888361192521,0.0,0.0,0.0,0.3,0.0,0.5603163154351172,0.3,0.08,0.004784688995215311,0.5,0.25
297,0.9760119490741513,0.5448597610867469,0.8708855300062782,0.5258946060877095,0.23380311223024616,0.5395768488299334,0.6842105263157895,0.4062816452883499,0.4027494426382055,0.10526315789473684,0.4085714285714286,0.38283318387345017,0.3920555618052856,0.08571428571428572,0.0,0.0,0.40285714285714286,17.2,0.0,0.0,0.036381120988852225,0.08436634914903715,3.4832535885167464,0.0,0.0,0.15,0.08133971291866028,0,0.10633709834892235,0.26895257606715306,0.37770737414231664,0.5880870593968671,0.0,0.0,0.0,0.3,0.0,0.5603163154351172,0.3,0.08,0.0,0.5,0.25
298,0.9766353726403064,0.5436859782828645,0.8712578029357825,0.5253638605717273,0.23380311223024616,0.539242145905344,0.6746411483253588,0.40637733906825424,0.4028212129731338,0.10526315789473684,0.40285714285714286,0.38289032673059303,0.39209841894814274,0.08571428571428572,0.004784688995215311,0.002857142857142857,0.40285714285714286,17.122857142857143,0.0,0.0,0.036381120988852225,0.08436634914903715,3.4832535885167464,0.0,0.0,0.15,0.08133971291866028,0,0.10623398428574918,0.27051967966944584,0.37301036951661315,0.5763253182089297,0.0,0.0,0.0,0.3,0.0,0.5603163154351172,0.3,0.08,0.004784688995215311,0.5,0.25
299,0.97690483082549,0.5439262818056115,0.8714187079663634,0.5252654007005978,0.23380311223024616,0.5390442371135256,0.7129186602870813,0.4064730328481585,0.4028929833080619,0.10526315789473684,0.4257142857142857,0.3829474695877359,0.3921412760909999,0.08571428571428572,0.004784688995215311,0.002857142857142857,0.40285714285714286,17.125714285714285,0.004784688995215311,0.0,0.036381120988852225,0.08436634914903715,3.4832535885167464,0.0,0.0,0.15,0.08133971291866028,0,0.10613138579289184,0.27078271923774955,0.3684073049834238,0.5704515729855169,0.0,0.0,0.0,0.3,0.0,0.5603163154351172,0.3,0.08,0.004784688995215311,0.5,0.25
300,0.9763793049671641,0.5450264292196915,0.8711048939538203,0.5258439158886569,0.23380311223024616,0.5388125312799252,0.7320574162679426,0.4064730328481585,0.4028929833080619,0.10526315789473684,0.43714285714285717,0.3829474695877359,0.3921412760909999,0.08571428571428572,0.0,0.0,0.40285714285714286,17.082857142857144,0.0,0.0,0.036381120988852225,0.08436634914903715,3.4832535885167464,0.0,0.0,0.15,0.08133971291866028,0,0.10560072886392739,0.2694288056415608,0.36103915888375526,0.5590425415258065,0.0,0.0,0.0,0.3,0.0,0.5603163154351172,0.3,0.08,0.0,0.5,0.25
301,0.9770637163317883,0.5454320445026715,0.8715135853115531,0.5260201347323117,0.23380311223024616,0.5385679309350291,0.7177033492822966,0.4064730328481585,0.4028929833080619,0.10526315789473684,0.42857142857142855,0.3829474695877359,0.3921412760909999,0.08571428571428572,0.0,0.0,0.40285714285714286,17.102857142857143,0.004784688995215311,0.0,0.036381120988852225,0.08436634914903715,3.4832535885167464,0.0,0.0,0.15,0.08133971291866028,0,0.10507272521960775,0.26808166161335295,0.3538183757060802,0.5478616906952903,0.0,0.0,0.0,0.3,0.0,0.5603163154351172,0.3,0.08,0.0,0.5,0.25
302,0.9760973787412535,0.54484034325866,0.8709365437217765,0.5252876724148642,0.23380311223024616,0.538261734098192,0.7511961722488039,0.4064730328481585,0.4028929833080619,0.10526315789473684,0.44857142857142857,0.3829474695877359,0.3921412760909999,0.08571428571428572,0.0,0.0,0.40285714285714286,17.085714285714285,0.0,0.0,0.036381120988852225,0.08436634914903715,3.4832535885167464,0.0,0.0,0.15,0.08133971291866028,0,0.10454736159350972,0.2667412533052862,0.34674200819195855,0.5369044568813846,0.0,0.0,0.0,0.3,0.0,0.5603163154351172,0.3,0.08,0.0,0.5,0.25
303,0.9749979258282452,0.545665315951311,0.8702800132680087,0.5250443206781065,0.23380311223024616,0.5380328176605761,0.7320574162679426,0.4066644204079671,0.4030365239779184,0.10526315789473684,0.43714285714285717,0.38306175530202163,0.39222699037671416,0.08571428571428572,0.009569377990430622,0.005714285714285714,0.40285714285714286,17.048571428571428,0.0,0.0,0.036381120988852225,0.08436634914903715,3.4832535885167464,0.0,0.0,0.15,0.08133971291866028,0,0.10488176764268502,0.2882714701078719,0.34552145374240506,0.5739102624853166,0.0,0.0,0.0,0.3,0.0,0.5603163154351172,0.3,0.08,0.009569377990430622,0.5,0.25
304,0.976895013690929,0.5455277415530905,0.8714128457345828,0.5249124138579008,0.23380311223024616,0.5378831626476586,0.7511961722488039,0.40685580796777565,0.40318006464777484,0.10526315789473684,0.44857142857142857,0.3831760410163073,0.39231270466242846,0.08571428571428572,0.009569377990430622,0.005714285714285714,0.40285714285714286,17.045714285714286,0.0,0.0,0.036381120988852225,0.08436634914903715,3.4832535885167464,0.0,0.0,0.15,0.08133971291866028,0,0.10521450166161446,0.31555289183905666,0.3443253103818427,0.6170370310733827,0.0,0.0,0.0,0.3,0.0,0.5603163154351172,0.3,0.08,0.009569377990430622,0.5,0.25
305,0.9776785815931577,0.5464547034423829,0.8718807477104851,0.5250267059178455,0.23380311223024616,0.5377140532958062,0.7129186602870813,0.40685580796777565,0.40318006464777484,0.10526315789473684,0.4257142857142857,0.3831760410163073,0.39231270466242846,0.08571428571428572,0.0,0.0,0.40285714285714286,17.014285714285716,0.004784688995215311,0.0,0.036381120988852225,0.08436634914903715,3.4832535885167464,0.0,0.0,0.15,0.08133971291866028,0,0.10468842915330638,0.3139751273798614,0.3374388041742058,0.604696290451915,0.0,0.0,0.0,0.3,0.0,0.5603163154351172,0.3,0.08,0.0,0.5,0.25
306,0.9787844676516332,0.5461901476844683,0.8725411196711175,0.5247342938897943,0.23380311223024616,0.537619475837695,0.7320574162679426,0.40685580796777565,0.40318006464777484,0.10526315789473684,0.43714285714285717,0.3831760410163073,0.39231270466242846,0.08571428571428572,0.0,0.0,0.40285714285714286,17.005714285714287,0.0,0.0,0.036381120988852225,0.08436634914903715,3.4832535885167464,0.0,0.0,0.15,0.08133971291866028,0,0.10416498700753984,0.3124052517429621,0.3306900280907217,0.5926023646428766,0.0,0.0,0.0,0.3,0.0,0.5603163154351172,0.3,0.08,0.0,0.5,0.25
307,0.978547535392477,0.5452514267329123,0.8723996372649355,0.5243707557368028,0.23380311223024616,0.5374334519686702,0.7703349282296651,0.40695150174768,0.4032518349827032,0.10526315789473684,0.46,0.3832331838734502,0.39235556180528564,0.08571428571428572,0.004784688995215311,0.002857142857142857,0.40285714285714286,17.057142857142857,0.004784688995215311,0.0,0.036381120988852225,0.08436634914903715,3.4832535885167464,0.0,0.0,0.15,0.08133971291866028,0,0.10407273350107359,0.32324207084610657,0.32693337038605014,0.5916837157694202,0.0,0.0,0.0,0.3,0.0,0.5603163154351172,0.3,0.08,0.004784688995215311,0.5,0.25
308,0.9764966708722391,0.5461569657047635,0.8711749781657079,0.52464163955714,0.23380311223024616,0.5372922130136969,0.7416267942583732,0.40695150174768,0.4032518349827032,0.10526315789473684,0.44285714285714284,0.3832331838734502,0.39235556180528564,0.08571428571428572,0.0,0.0,0.40285714285714286,17.074285714285715,0.004784688995215311,0.0,0.036381120988852225,0.08436634914903715,3.4832535885167464,0.0,0.0,0.15,0.08133971291866028,0,0.1035523698335682,0.321625860491876,0.3203947029783291,0.5798500414540319,0.0,0.0,0.0,0.3,0.0,0.5603163154351172,0.3,0.08,0.0,0.5,0.25
309,0.9757025615850552,0.5454059862971665,0.8707007814770753,0.5246913844638184,0.23380311223024616,0.5372384984962811,0.7416267942583732,0.40695150174768,0.4032518349827032,0.10526315789473684,0.44285714285714284,0.3832331838734502,0.39235556180528564,0.08571428571428572,0.0,0.0,0.40285714285714286,17.154285714285713,0.004784688995215311,0.0,0.036381120988852225,0.08436634914903715,3.4832535885167464,0.0,0.0,0.15,0.08133971291866028,0,0.10303460798440037,0.3200177311894167,0.3139868089187625,0.5682530406249512,0.0,0.0,0.0,0.3,0.0,0.5603163154351172,0.3,0.08,0.0,0.5,0.25
310,0.9746345700417749,0.5451594604279972,0.8700630379555165,0.5247178923818198,0.23380311223024616,0.5373187885888389,0.7559808612440191,0.40695150174768,0.4032518349827032,0.10526315789473684,0.4514285714285714,0.3832331838734502,0.39235556180528564,0.08571428571428572,0.0,0.0,0.40285714285714286,17.185714285714287,0.009569377990430622,0.0,0.036381120988852225,0.08436634914903715,3.4832535885167464,0.0,0.0,0.15,0.08133971291866028,0,0.10251943494447838,0.3184176425334696,0.3077070727403873,0.5568879798124522,0.0,0.0,0.0,0.3,0.0,0.5603163154351172,0.3,0.08,0.0,0.5,0.25
311,0.9735750108924695,0.5451655822061148,0.8694303297777883,0.5246986310287233,0.23380311223024616,0.537599883194598,0.6889952153110048,0.40695150174768,0.4032518349827032,0.10526315789473684,0.4114285714285714,0.3832331838734502,0.39235556180528564,0.08571428571428572,0.0,0.0,0.40285714285714286,17.185714285714287,0.009569377990430622,0.0,0.036381120988852225,0.08436634914903715,3.4832535885167464,0.0,0.0,0.15,0.08133971291866028,0,0.10200683776975597,0.3168255543208022,0.3015529312855795,0.5457502202162032,0.0,0.0,0.0,0.3,0.0,0.5603163154351172,0.3,0.08,0.0,0.5,0.25
312,0.9726351677590541,0.5453714204683017,0.8688691091638349,0.5250964959475463,0.23380311223024616,0.5379383052864513,0.6650717703349283,0.40695150174768,0.4032518349827032,0.10526315789473684,0.39714285714285713,0.3832331838734502,0.39235556180528564,0.08571428571428572,0.0,0.0,0.40285714285714286,17.19142857142857,0.009569377990430622,0.0,0.036381120988852225,0.08436634914903715,3.4832535885167464,0.0,0.0,0.15,0.08133971291866028,0,0.10149680358090718,0.31524142654919823,0.2955218726598679,0.5348352158118791,0.0,0.0,0.0,0.3,0.0,0.5603163154351172,0.3,0.08,0.0,0.5,0.25
313,0.9724601229369767,0.5457591678508094,0.8687645823986512,0.5257984930496923,0.23380311223024616,0.5381626694087872,0.6602870813397129,0.4071428893074886,0.4033953756525596,0.10526315789473684,0.3942857142857143,0.3833474695877359,0.3924412760909999,0.08571428571428572,0.009569377990430622,0.005714285714285714,0.40285714285714286,17.19142857142857,0.0,0.0,0.036381120988852225,0.08436634914903715,3.4832535885167464,0.0,0.0,0.15,0.08133971291866028,0,0.10184646242014551,0.31366521941645226,0.29532572092095627,0.5305907843431517,0.0,0.0,0.0,0.3,0.0,0.5603163154351172,0.3,0.08,0.009569377990430622,0.5,0.25
314,0.9698020526490331,0.5458097113096609,0.8671773347124219,0.5255428507139421,0.23380311223024616,0.5382996349497269,0.6220095693779905,0.4073342768672973,0.403538916322416,0.10526315789473684,0.37142857142857144,0.3834617553020216,0.39252699037671424,0.08571428571428572,0.009569377990430622,0.005714285714285714,0.40285714285714286,17.21142857142857,0.0,0.0,0.036381120988852225,0.08436634914903715,3.4832535885167464,0.0,0.0,0.15,0.08133971291866028,0,0.10219437296518764,0.31209689331937,0.29513349221682283,0.5733112434587357,0.0,0.0,0.0,0.3,0.0,0.5603163154351172,0.3,0.08,0.009569377990430622,0.5,0.25
315,0.971577590236492,0.5453932147759613,0.8682375843003618,0.5252842933473452,0.23380311223024616,0.5384536486828675,0.6124401913875598,0.4073342768672973,0.403538916322416,0.10526315789473684,0.3657142857142857,0.3834617553020216,0.39252699037671424,0.08571428571428572,0.0,0.0,0.40285714285714286,17.174285714285713,0.0,0.0,0.036381120988852225,0.08436634914903715,3.4832535885167464,0.0,0.0,0.15,0.08133971291866028,0,0.10168340110036171,0.31053640885277317,0.28923082237248643,0.5618450185895609,0.0,0.0,0.0,0.3,0.0,0.5603163154351172,0.3,0.08,0.0,0.5,0.25
316,0.9737515655823015,0.5456380220554435,0.8695357581497166,0.525279083116669,0.23380311223024616,0.5385672857020704,0.6555023923444976,0.4073342768672973,0.403538916322416,0.10526315789473684,0.3914285714285714,0.3834617553020216,0.39252699037671424,0.08571428571428572,0.0,0.0,0.40285714285714286,17.111428571428572,0.004784688995215311,0.0,0.036381120988852225,0.08436634914903715,3.4832535885167464,0.0,0.0,0.15,0.08133971291866028,0,0.1011749840948599,0.3089837268085093,0.28344620592503667,0.5506081182177697,0.0,0.0,0.0,0.3,0.0,0.5603163154351172,0.3,0.08,0.0,0.5,0.25
317,0.9754955336099619,0.5459635343257457,0.8705771562005196,0.5250971327600346,0.23380311223024616,0.5387256993753504,0.6602870813397129,0.4073342768672973,0.403538916322416,0.10526315789473684,0.3942857142857143,0.3834617553020216,0.39252699037671424,0.08571428571428572,0.0,0.0,0.40285714285714286,17.102857142857143,0.004784688995215311,0.0,0.036381120988852225,0.08436634914903715,3.4832535885167464,0.0,0.0,0.15,0.08133971291866028,0,0.10066910917438561,0.3074388081744667,0.2777772818065359,0.5395959558534142,0.0,0.0,0.0,0.3,0.0,0.5603163154351172,0.3,0.08,0.0,0.5,0.25
318,0.975505793712311,0.5457431904723085,0.8705832829473509,0.52537029306982,0.23380311223024616,0.5390395506073282,0.6507177033492823,0.4073342768672973,0.403538916322416,0.10526315789473684,0.38857142857142857,0.3834617553020216,0.39252699037671424,0.08571428571428572,0.0,0.0,0.40285714285714286,17.13714285714286,0.009569377990430622,0.0,0.036381120988852225,0.08436634914903715,3.4832535885167464,0.0,0.0,0.15,0.08133971291866028,0,0.10016576362851368,0.3059016141335944,0.27222173617040524,0.5288040367363459,0.0,0.0,0.0,0.3,0.0,0.5603163154351172,0.3,0.08,0.0,0.5,0.25
319,0.9753475642895661,0.547036960631837,0.870488797377769,0.5258205306184508,0.23380311223024616,0.5393104202518733,0.6889952153110048,0.40742997064720154,0.40361068665734423,0.10526315789473684,0.4114285714285714,0.38351889815916446,0.39256984751957136,0.08571428571428572,0.004784688995215311,0.002857142857142857,0.40285714285714286,17.105714285714285,0.004784688995215311,0.0,0.036381120988852225,0.08436634914903715,3.4832535885167464,0.0,0.0,0.15,0.08133971291866028,0,0.10009350623894252,0.3043721060629264,0.2696344443041399,0.5242146838685987,0.0,0.0,0.0,0.3,0.0,0.5603163154351172,0.3,0.08,0.004784688995215311,0.5,0.25
320,0.9760013989621898,0.5478231681133806,0.8708792300822785,0.5264083271317002,0.23380311223024616,0.5395568745354653,0.6507177033492823,0.40742997064720154,0.40361068665734423,0.10526315789473684,0.38857142857142857,0.38351889815916446,0.39256984751957136,0.08571428571428572,0.0,0.0,0.40285714285714286,17.085714285714285,0.004784688995215311,0.0,0.036381120988852225,0.08436634914903715,3.4832535885167464,0.0,0.0,0.15,0.08133971291866028,0,0.09959303870774781,0.3028502455326118,0.26424175541805717,0.5137303901912268,0.0,0.0,0.0,0.3,0.0,0.5603163154351172,0.3,0.08,0.0,0.5,0.25
321,0.9779738610795871,0.5476467017195524,0.8720570717466671,0.525965572097822,0.23380311223024616,0.5397345602575646,0.7033492822966507,0.40752566442710586,0.40368245699227245,0.10526315789473684,0.42,0.3835760410163074,0.3926127046624284,0.08571428571428572,0.004784688995215311,0.002857142857142857,0.40285714285714286,17.05142857142857,0.004784688995215311,0.0,0.036381120988852225,0.08436634914903715,3.4832535885167464,0.0,0.0,0.15,0.08133971291866028,0,0.0995236449427805,0.3013359943049488,0.26181406316683886,0.5160358338457028,0.0,0.0,0.0,0.3,0.0,0.5603163154351172,0.3,0.08,0.004784688995215311,0.5,0.25
322,0.9786263435162831,0.54784874879583,0.8724466969731514,0.5255999492649194,0.23380311223024616,0.539889821643189,0.7416267942583732,0.40752566442710586,0.40368245699227245,0.10526315789473684,0.44285714285714284,0.3835760410163074,0.3926127046624284,0.08571428571428572,0.0,0.0,0.40285714285714286,17.074285714285715,0.004784688995215311,0.0,0.036381120988852225,0.08436634914903715,3.4832535885167464,0.0,0.0,0.15,0.08133971291866028,0,0.0990260267180666,0.299829314333424,0.25657778190350206,0.5057151171687887,0.0,0.0,0.0,0.3,0.0,0.5603163154351172,0.3,0.08,0.0,0.5,0.25
323,0.9791512432432766,0.5491587797137255,0.8727601370958418,0.5262104660402241,0.23380311223024616,0.5400180364756562,0.6794258373205742,0.40752566442710586,0.40368245699227245,0.10526315789473684,0.4057142857142857,0.3835760410163074,0.3926127046624284,0.08571428571428572,0.0,0.0,0.40285714285714286,17.054285714285715,0.004784688995215311,0.0,0.036381120988852225,0.08436634914903715,3.4832535885167464,0.0,0.0,0.15,0.08133971291866028,0,0.09853089658447625,0.2983301677617569,0.25144622626543206,0.4956008148254129,0.0,0.0,0.0,0.3,0.0,0.5603163154351172,0.3,0.08,0.0,0.5,0.25
324,0.9796752788050767,0.5485468342593061,0.8730730611884595,0.5258755672518459,0.23380311223024616,0.5402609126875026,0.6889952153110048,0.4078127457668188,0.4038977679970572,0.10526315789473684,0.4114285714285714,0.3837474695877359,0.3927412760909999,0.08571428571428572,0.014354066985645933,0.008571428571428572,0.40285714285714286,17.08,0.004784688995215311,0.0,0.036381120988852225,0.08436634914903715,3.4832535885167464,0.0,0.0,0.15,0.08133971291866028,0,0.09932395638726817,0.2968385169229481,0.254988730311552,0.5784586070209999,0.0,0.0,0.0,0.3,0.0,0.5603163154351172,0.3,0.08,0.014354066985645933,0.5,0.25
325,0.9786428401661343,0.5483911445820576,0.8724565478297768,0.5257704844090658,0.23380311223024616,0.5405488018967564,0.6842105263157895,0.4078127457668188,0.4038977679970572,0.10526315789473684,0.4085714285714286,0.3837474695877359,0.3927412760909999,0.08571428571428572,0.0,0.0,0.40285714285714286,17.077142857142857,0.0,0.0,0.036381120988852225,0.08436634914903715,3.4832535885167464,0.0,0.0,0.15,0.08133971291866028,0,0.09882733660533184,0.29535432433833336,0.2498889557053209,0.56688943488058,0.0,0.0,0.0,0.3,0.0,0.5603163154351172,0.3,0.08,0.0,0.5,0.25
326,0.9770920589885771,0.5473612236322477,0.871530509926607,0.5258974373479363,0.23380311223024616,0.5408734432889272,0.6602870813397129,0.4078127457668188,0.4038977679970572,0.10526315789473684,0.3942857142857143,0.3837474695877359,0.3927412760909999,0.08571428571428572,0.0,0.0,0.40285714285714286,17.045714285714286,0.0,0.0,0.036381120988852225,0.08436634914903715,3.4832535885167464,0.0,0.0,0.15,0.08133971291866028,0,0.09833319992230519,0.2938775527166417,0.24489117659121445,0.5555516461829683,0.0,0.0,0.0,0.3,0.0,0.5603163154351172,0.3,0.08,0.0,0.5,0.25
327,0.9767661222560083,0.5463778283289185,0.8713358791348729,0.5258779147799858,0.23380311223024616,0.5412461507587625,0.6698564593301436,0.4080041333266274,0.4040413086669136,0.10526315789473684,0.4,0.3838617553020216,0.3928269903767142,0.08571428571428572,0.009569377990430622,0.005714285714285714,0.40285714285714286,17.057142857142857,0.004784688995215311,0.0,0.036381120988852225,0.08436634914903715,3.4832535885167464,0.0,0.0,0.15,0.08133971291866028,0,0.09869867677983649,0.30802389954701714,0.24570763877367588,0.6188550118046324,0.0,0.0,0.0,0.3,0.0,0.5603163154351172,0.3,0.08,0.009569377990430622,0.5,0.25
328,0.9781931732417662,0.545646064651388,0.8721930087558818,0.525000136522362,0.23380311223024616,0.5417785460779306,0.6826923076923077,0.4089799078026305,0.4053618216451507,0.10576923076923077,0.4057142857142857,0.3838617553020216,0.3928269903767142,0.08571428571428572,0.0,0.0,0.4057142857142857,17.102857142857143,0.0,0.002857142857142857,0.03640343820500887,0.08436634914903716,3.4615384615384617,0.0,0.0,0.15,0.08173076923076923,0,0.0982051833959373,0.30648378004928206,0.2407934859982024,0.6064779115685397,0.0,0.0,0.0,0.3,0.0,0.5603163154351172,0.3,0.08,0.0,0.5,0.25
329,0.9784364773820479,0.5461822191029202,0.8723376009306779,0.5254512292159714,0.23380311223024616,0.5421928468787326,0.6778846153846154,0.4090760616487843,0.4054339370297661,0.10576923076923077,0.40285714285714286,0.3839188981591644,0.3928698475195714,0.08571428571428572,0.004807692307692308,0.002857142857142857,0.4057142857142857,17.085714285714285,0.004807692307692308,0.0,0.03640343820500887,0.08436634914903716,3.4615384615384617,0.0,0.0,0.15,0.08173076923076923,0,0.09814272890752908,0.30495136114903565,0.23883475913538116,0.6319958225995695,0.0,0.0,0.0,0.3,0.0,0.5603163154351172,0.3,0.08,0.004807692307692308,0.5,0.25
330,0.9770674237135104,0.545710077221911,0.8715239918933753,0.5253455067669389,0.23380311223024616,0.5424519564633571,0.6923076923076923,0.4090760616487843,0.4054339370297661,0.10576923076923077,0.4114285714285714,0.3839188981591644,0.3928698475195714,0.08571428571428572,0.0,0.0,0.4057142857142857,17.111428571428572,0.0,0.0,0.03640343820500887,0.08436634914903716,3.4615384615384617,0.0,0.0,0.15,0.08173076923076923,0,0.09765201526299142,0.3034266043432905,0.2340580639526735,0.6193559061475782,0.0,0.0,0.0,0.3,0.0,0.5603163154351172,0.3,0.08,0.0,0.5,0.25
331,0.9763576885631072,0.5464197711066867,0.8711022064325644,0.5257625868752304,0.23380311223024616,0.5426456717225732,0.6730769230769231,0.4090760616487843,0.4054339370297661,0.10576923076923077,0.4,0.3839188981591644,0.3928698475195714,0.08571428571428572,0.0,0.0,0.4057142857142857,17.10857142857143,0.0,0.0,0.03640343820500887,0.08436634914903716,3.4615384615384617,0.0,0.0,0.15,0.08173076923076923,0,0.09716375518667644,0.30190947132157403,0.22937690267362004,0.6069687880246266,0.0,0.0,0.0,0.3,0.0,0.5603163154351172,0.3,0.08,0.0,0.5,0.25
332,0.9770659889635736,0.5462270884710091,0.8715231392419844,0.5254510210895743,0.23380311223024616,0.5427875264599715,0.6490384615384616,0.4090760616487843,0.4054339370297661,0.10576923076923077,0.38571428571428573,0.3839188981591644,0.3928698475195714,0.08571428571428572,0.0,0.0,0.4057142857142857,17.065714285714286,0.0,0.0,0.03640343820500887,0.08436634914903716,3.4615384615384617,0.0,0.0,0.15,0.08173076923076923,0,0.09667793641074307,0.3003999239649662,0.22478936462014767,0.594829412264134,0.0,0.0,0.0,0.3,0.0,0.5603163154351172,0.3,0.08,0.0,0.5,0.25
333,0.9766862378827808,0.5473512947188494,0.8712974585996848,0.526833756144766,0.23380311223024616,0.5428701914030499,0.7019230769230769,0.4090760616487843,0.4054339370297661,0.10576923076923077,0.41714285714285715,0.3839188981591644,0.3928698475195714,0.08571428571428572,0.0,0.0,0.4057142857142857,17.068571428571428,0.0,0.0,0.03640343820500887,0.08436634914903716,3.4615384615384617,0.0,0.0,0.15,0.08173076923076923,0,0.09619454672868936,0.29889792434514134,0.22029357732774468,0.5829328240188514,0.0,0.0,0.0,0.3,0.0,0.5603163154351172,0.3,0.08,0.0,0.5,0.25
334,0.9772674999106022,0.5479406887750453,0.8716428943190756,0.5265007542265201,0.23380311223024616,0.5430687274525771,0.6634615384615384,0.4090760616487843,0.4054339370297661,0.10576923076923077,0.3942857142857143,0.3839188981591644,0.3928698475195714,0.08571428571428572,0.0,0.0,0.4057142857142857,17.06,0.0,0.0,0.03640343820500887,0.08436634914903716,3.4615384615384617,0.0,0.0,0.15,0.08173076923076923,0,0.09571357399504592,0.2974034347234156,0.2158877057811898,0.5712741675384744,0.0,0.0,0.0,0.3,0.0,0.5603163154351172,0.3,0.08,0.0,0.5,0.25
335,0.9777109527313812,0.5489043732736127,0.8719064319954243,0.5266818650614522,0.23380311223024616,0.5432626895157144,0.7355769230769231,0.4090760616487843,0.4054339370297661,0.10576923076923077,0.43714285714285717,0.3839188981591644,0.3928698475195714,0.08571428571428572,0.0,0.0,0.4057142857142857,17.071428571428573,0.0,0.0,0.03640343820500887,0.08436634914903716,3.4615384615384617,0.0,0.0,0.15,0.08173076923076923,0,0.09523500612507069,0.2959164175497985,0.21156995166556605,0.5598486841877048,0.0,0.0,0.0,0.3,0.0,0.5603163154351172,0.3,0.08,0.0,0.5,0.25
336,0.9777351610954944,0.5481661619891622,0.8719208186803831,0.526799508223893,0.23380311223024616,0.5435717953392041,0.7692307692307693,0.409268369341092,0.40557816779899686,0.10576923076923077,0.45714285714285713,0.3840331838734502,0.3929555618052856,0.08571428571428572,0.009615384615384616,0.005714285714285714,0.4057142857142857,17.048571428571428,0.004807692307692308,0.0,0.03640343820500887,0.08436634914903716,3.4615384615384617,0.0,0.0,0.15,0.08173076923076923,0,0.09561597395158819,0.2944368354620496,0.21305283834654037,0.648061790168955,0.0,0.0,0.0,0.3,0.0,0.5603163154351172,0.3,0.08,0.009615384615384616,0.5,0.25
337,0.9780499671728068,0.5473276154692786,0.8721079034349002,0.526288024185087,0.23380311223024616,0.5435808531632943,0.7163461538461539,0.409268369341092,0.40557816779899686,0.10576923076923077,0.4257142857142857,0.3840331838734502,0.3929555618052856,0.08571428571428572,0.0,0.0,0.4057142857142857,17.034285714285716,0.0,0.0,0.03640343820500887,0.08436634914903716,3.4615384615384617,0.0,0.0,0.15,0.08173076923076923,0,0.09513789408183024,0.2929646512847393,0.2087917815796096,0.6351005543655759,0.0,0.0,0.0,0.3,0.0,0.5603163154351172,0.3,0.08,0.0,0.5,0.25
338,0.9784197347007274,0.5482903571234721,0.8723276509943502,0.5263457588086531,0.23380311223024616,0.5435502334304054,0.6971153846153846,0.409268369341092,0.40557816779899686,0.10576923076923077,0.4142857142857143,0.3840331838734502,0.3929555618052856,0.08571428571428572,0.0,0.0,0.4057142857142857,16.99142857142857,0.004807692307692308,0.0,0.03640343820500887,0.08436634914903716,3.4615384615384617,0.0,0.0,0.15,0.08173076923076923,0,0.09466220461142111,0.2914998280283156,0.20461594594801738,0.6223985432782644,0.0,0.0,0.0,0.3,0.0,0.5603163154351172,0.3,0.08,0.0,0.5,0.25
339,0.9784331417926869,0.5478965695501883,0.8723356186375716,0.5263642441460414,0.23380311223024616,0.5436561967883664,0.6730769230769231,0.409268369341092,0.40557816779899686,0.10576923076923077,0.4,0.3840331838734502,0.3929555618052856,0.08571428571428572,0.0,0.0,0.4057142857142857,16.99142857142857,0.0,0.0,0.03640343820500887,0.08436634914903716,3.4615384615384617,0.0,0.0,0.15,0.08173076923076923,0,0.09418889358836399,0.290042328888174,0.20052362702905704,0.609950572412699,0.0,0.0,0.0,0.3,0.0,0.5603163154351172,0.3,0.08,0.0,0.5,0.25
340,0.9790562594856653,0.5475428377963428,0.8727059285808276,0.5255865175979254,0.23380311223024616,0.5436947170663053,0.6923076923076923,0.40946067703339967,0.4057223985682276,0.10576923076923077,0.4114285714285714,0.3841474695877359,0.393041276091,0.08571428571428572,0.009615384615384616,0.005714285714285714,0.4057142857142857,17.02857142857143,0.0,0.0,0.03640343820500887,0.08436634914903716,3.4615384615384617,0.0,0.0,0.15,0.08173076923076923,0,0.09457509197756502,0.2885921172437331,0.20222744020276162,0.60563502811963,0.0,0.0,0.0,0.3,0.0,0.5603163154351172,0.3,0.08,0.009615384615384616,0.5,0.25
341,0.9798035562203888,0.5471790438211911,0.8731500363546062,0.5255652117799418,0.23380311223024616,0.5438261596761852,0.6586538461538461,0.40946067703339967,0.4057223985682276,0.10576923076923077,0.3914285714285714,0.3841474695877359,0.393041276091,0.08571428571428572,0.0,0.0,0.4057142857142857,17.04,0.0,0.0,0.03640343820500887,0.08436634914903716,3.4615384615384617,0.0,0.0,0.15,0.08173076923076923,0,0.0941022165176772,0.28714915665751445,0.1981828913987064,0.5935223275572374,0.0,0.0,0.0,0.3,0.0,0.5603163154351172,0.3,0.08,0.0,0.5,0.25
342,0.9782236706691919,0.5467913769691557,0.8722111329413234,0.5255970459043798,0.23380311223024616,0.5439029091697631,0.6923076923076923,0.40946067703339967,0.4057223985682276,0.10576923076923077,0.4114285714285714,0.3841474695877359,0.393041276091,0.08571428571428572,0.0,0.0,0.4057142857142857,17.065714285714286,0.004807692307692308,0.0,0.03640343820500887,0.08436634914903716,3.4615384615384617,0.0,0.0,0.15,0.08173076923076923,0,0.09363170543508882,0.28571341087422686,0.19421923357073223,0.5816518810060927,0.0,0.0,0.0,0.3,0.0,0.5603163154351172,0.3,0.08,0.0,0.5,0.25
343,0.9791316355073053,0.5458931675071472,0.8727507234736878,0.524783213309286,0.23380311223024616,0.5440311651184431,0.6923076923076923,0.4095568308795535,0.40579451395284305,0.10576923076923077,0.4114285714285714,0.3842046124448788,0.39308413323385705,0.08571428571428572,0.004807692307692308,0.002857142857142857,0.4057142857142857,17.091428571428573,0.004807692307692308,0.0,0.03640343820500887,0.08436634914903716,3.4615384615384617,0.0,0.0,0.15,0.08173076923076923,0,0.09359211833648479,0.28428484381985575,0.19319199175646048,0.5953902429927135,0.0,0.0,0.0,0.3,0.0,0.5603163154351172,0.3,0.08,0.004807692307692308,0.5,0.25
344,0.9788510087241759,0.5460270426796859,0.8725839509854281,0.5248950596736899,0.23380311223024616,0.5440243914724042,0.6442307692307693,0.4096529847257073,0.40586662933745843,0.10576923076923077,0.38285714285714284,0.38426175530202156,0.39312699037671417,0.08571428571428572,0.004807692307692308,0.002857142857142857,0.4057142857142857,17.048571428571428,0.004807692307692308,0.0,0.03640343820500887,0.08436634914903716,3.4615384615384617,0.0,0.0,0.15,0.08173076923076923,0,0.09355272917337382,0.2828634196007565,0.1921852947784741,0.5996374305408628,0.0,0.0,0.0,0.3,0.0,0.5603163154351172,0.3,0.08,0.004807692307692308,0.5,0.25
345,0.9795982589149581,0.5461759982991311,0.8730280310988071,0.5245820075337185,0.23380311223024616,0.5439605262814495,0.6923076923076923,0.40974913857186124,0.4059387447220738,0.10576923076923077,0.4114285714285714,0.3843188981591645,0.39316984751957135,0.08571428571428572,0.004807692307692308,0.002857142857142857,0.4057142857142857,17.06,0.004807692307692308,0.0,0.03640343820500887,0.08436634914903716,3.4615384615384617,0.0,0.0,0.15,0.08173076923076923,0,0.09351353695607838,0.28144910250275273,0.19119873174004745,0.5920654000684353,0.0,0.0,0.0,0.3,0.0,0.5603163154351172,0.3,0.08,0.004807692307692308,0.5,0.25
346,0.9799053776798405,0.5457733699380929,0.8732105473933659,0.5244727374583825,0.23380311223024616,0.5438798208223616,0.7259615384615384,0.40974913857186124,0.4059387447220738,0.10576923076923077,0.43142857142857144,0.3843188981591645,0.39316984751957135,0.08571428571428572,0.0,0.0,0.4057142857142857,17.0,0.004807692307692308,0.0,0.03640343820500887,0.08436634914903716,3.4615384615384617,0.0,0.0,0.15,0.08173076923076923,0,0.09304596927129798,0.2800418569902389,0.18737475710524654,0.5802240920670666,0.0,0.0,0.0,0.3,0.0,0.5603163154351172,0.3,0.08,0.0,0.5,0.25
347,0.9786774095247293,0.5446712545406192,0.8724807834611855,0.5233848469781378,0.23380311223024616,0.5438967315555248,0.7115384615384616,0.40974913857186124,0.4059387447220738,0.10576923076923077,0.4228571428571429,0.3843188981591645,0.39316984751957135,0.08571428571428572,0.0,0.0,0.4057142857142857,17.034285714285716,0.004807692307692308,0.0,0.03640343820500887,0.08436634914903716,3.4615384615384617,0.0,0.0,0.15,0.08173076923076923,0,0.09258073942494148,0.27864164770528776,0.1836272619631416,0.5686196102257252,0.0,0.0,0.0,0.3,0.0,0.5603163154351172,0.3,0.08,0.0,0.5,0.25
348,0.9785868676849272,0.5459364343637448,0.8724269757392462,0.5236604707464825,0.23380311223024616,0.5436398164092049,0.6971153846153846,0.40984529241801515,0.4060108601066892,0.10576923076923077,0.4142857142857143,0.38437604101630735,0.3932127046624285,0.08571428571428572,0.004807692307692308,0.002857142857142857,0.4057142857142857,17.06,0.004807692307692308,0.0,0.03640343820500887,0.08436634914903716,3.4615384615384617,0.0,0.0,0.15,0.08173076923076923,0,0.0925464071563882,0.2863002840305548,0.1828118595810216,0.5572472180212107,0.0,0.0,0.0,0.3,0.0,0.5603163154351172,0.3,0.08,0.004807692307692308,0.5,0.25
349,0.978260704764847,0.5451338723023238,0.8722331417753126,0.5231499186621458,0.23380311223024616,0.5434582709420128,0.7259615384615384,0.4099414462641689,0.40608297549130457,0.10576923076923077,0.43142857142857144,0.38443318387345016,0.39325556180528565,0.08571428571428572,0.004807692307692308,0.002857142857142857,0.4057142857142857,17.037142857142857,0.0,0.0,0.03640343820500887,0.08436634914903716,3.4615384615384617,0.0,0.0,0.15,0.08173076923076923,0,0.09251224654917767,0.28486878261040205,0.18201276524654403,0.5546773685252795,0.0,0.0,0.0,0.3,0.0,0.5603163154351172,0.3,0.08,0.004807692307692308,0.5,0.25
350,0.9788082018963673,0.544741356757937,0.8725585114991876,0.5232292492796804,0.23380311223024616,0.5433234593710862,0.7115384615384616,0.4099414462641689,0.40608297549130457,0.10576923076923077,0.4228571428571429,0.38443318387345016,0.39325556180528565,0.08571428571428572,0.0,0.0,0.4057142857142857,17.085714285714285,0.0,0.0,0.03640343820500887,0.08436634914903716,3.4615384615384617,0.0,0.0,0.15,0.08173076923076923,0,0.09204968531643179,0.28344443869735,0.17837250994161313,0.5435838211547739,0.0,0.0,0.0,0.3,0.0,0.5603163154351172,0.3,0.08,0.0,0.5,0.25
351,0.9795943368480307,0.5443938095634191,0.8730257002704618,0.5239284685476517,0.23380311223024616,0.5431784632980503,0.6923076923076923,0.4099414462641689,0.40608297549130457,0.10576923076923077,0.4114285714285714,0.38443318387345016,0.39325556180528565,0.08571428571428572,0.0,0.0,0.4057142857142857,17.154285714285713,0.0,0.0,0.03640343820500887,0.08436634914903716,3.4615384615384617,0.0,0.0,0.15,0.08173076923076923,0,0.09158943688984965,0.28202721650386325,0.17480505974278088,0.5327121447316784,0.0,0.0,0.0,0.3,0.0,0.5603163154351172,0.3,0.08,0.0,0.5,0.25
352,0.9785741098447568,0.5454846776514628,0.8724193939370875,0.5250876616574511,0.23380311223024616,0.5429765648895567,0.6490384615384616,0.4100376001103228,0.40615509087591994,0.10576923076923077,0.38571428571428573,0.384490326730593,0.39329841894814277,0.08571428571428572,0.004807692307692308,0.002857142857142857,0.4057142857142857,17.12857142857143,0.0,0.0,0.03640343820500887,0.08436634914903716,3.4615384615384617,0.0,0.0,0.15,0.08173076923076923,0,0.09156006113397183,0.2806170804213439,0.17416610140506814,0.557405018134971,0.0,0.0,0.0,0.3,0.0,0.5603163154351172,0.3,0.08,0.004807692307692308,0.5,0.25
353,0.9788221636353569,0.5456286877669327,0.8725668087612156,0.5252850081909717,0.23380311223024616,0.5429222543217223,0.6634615384615384,0.41013375395647655,0.4062272062605353,0.10576923076923077,0.3942857142857143,0.38454746958773595,0.39334127609099984,0.08571428571428572,0.004807692307692308,0.002857142857142857,0.4057142857142857,17.145714285714284,0.0,0.0,0.03640343820500887,0.08436634914903716,3.4615384615384617,0.0,0.0,0.15,0.08173076923076923,0,0.09153083225687339,0.27921399501923716,0.1735399222341096,0.5621907638252244,0.0,0.0,0.0,0.3,0.0,0.5603163154351172,0.3,0.08,0.004807692307692308,0.5,0.25
354,0.9764003262917503,0.5447896795508184,0.8711275454255867,0.5247364903023689,0.23380311223024616,0.5430048479790358,0.6201923076923077,0.41022990780263047,0.40629932164515065,0.10576923076923077,0.36857142857142855,0.38460461244487876,0.39338413323385707,0.08571428571428572,0.004807692307692308,0.002857142857142857,0.4057142857142857,17.10857142857143,0.0,0.0,0.03640343820500887,0.08436634914903716,3.4615384615384617,0.0,0.0,0.15,0.08173076923076923,0,0.09150174952416043,0.277817925044141,0.17292626664657026,0.5685325982394004,0.0,0.0,0.0,0.3,0.0,0.5603163154351172,0.3,0.08,0.004807692307692308,0.5,0.25
355,0.9798479751445048,0.5447244107204303,0.8731764338866521,0.5250159506575705,0.23380311223024616,0.542966257319191,0.6730769230769231,0.41022990780263047,0.40629932164515065,0.10576923076923077,0.4,0.38460461244487876,0.39338413323385707,0.08571428571428572,0.0,0.0,0.4057142857142857,17.06,0.0,0.0,0.03640343820500887,0.08436634914903716,3.4615384615384617,0.0,0.0,0.15,0.08173076923076923,0,0.09104424077653964,0.27642883541892027,0.16946774131363884,0.5571619462746125,0.0,0.0,0.0,0.3,0.0,0.5603163154351172,0.3,0.08,0.0,0.5,0.25
356,0.9802578290515699,0.544655027826652,0.8734200042085649,0.5249424966464313,0.23380311223024616,0.5427824588225509,0.7355769230769231,0.41022990780263047,0.40629932164515065,0.10576923076923077,0.43714285714285717,0.38460461244487876,0.39338413323385707,0.08571428571428572,0.0,0.0,0.4057142857142857,17.02,0.0,0.0,0.03640343820500887,0.08436634914903716,3.4615384615384617,0.0,0.0,0.15,0.08173076923076923,0,0.09058901957265696,0.2750466912418257,0.1660783864873661,0.5460187073491202,0.0,0.0,0.0,0.3,0.0,0.5603163154351172,0.3,0.08,0.0,0.5,0.25
357,0.9804460418995973,0.5453495588556453,0.8735318564153928,0.5249677772044716,0.23380311223024616,0.5425469108234017,0.7692307692307693,0.41032606164878427,0.40637143702976614,0.10576923076923077,0.45714285714285713,0.3846617553020216,0.39342699037671414,0.08571428571428572,0.004807692307692308,0.002857142857142857,0.4057142857142857,17.057142857142857,0.0,0.0,0.03640343820500887,0.08436634914903716,3.4615384615384617,0.0,0.0,0.15,0.08173076923076923,0,0.09056464590336509,0.2803730124525331,0.1656139616147616,0.5400108048261042,0.0,0.0,0.0,0.3,0.0,0.5603163154351172,0.3,0.08,0.004807692307692308,0.5,0.25
358,0.9800405244020182,0.5451823246098078,0.8732908631596885,0.5246398732918206,0.23380311223024616,0.5423591170697648,0.7115384615384616,0.41042221549493807,0.40644355241438146,0.10576923076923077,0.4228571428571429,0.3847188981591645,0.3934698475195713,0.08571428571428572,0.004807692307692308,0.002857142857142857,0.4057142857142857,17.082857142857144,0.0,0.0,0.03640343820500887,0.08436634914903716,3.4615384615384617,0.0,0.0,0.15,0.08173076923076923,0,0.0905403941024197,0.2789711473902704,0.1651588252396092,0.5351847421142877,0.0,0.0,0.0,0.3,0.0,0.5603163154351172,0.3,0.08,0.004807692307692308,0.5,0.25
359,0.9818400393462868,0.544824350444758,0.8743602891837109,0.5245407406640361,0.23380311223024616,0.5418797474868956,0.7019230769230769,0.41042221549493807,0.40644355241438146,0.10576923076923077,0.41714285714285715,0.3847188981591645,0.3934698475195713,0.08571428571428572,0.0,0.0,0.4057142857142857,17.048571428571428,0.0,0.0,0.03640343820500887,0.08436634914903716,3.4615384615384617,0.0,0.0,0.15,0.08173076923076923,0,0.09008769213190759,0.2775762916533191,0.1618556487348171,0.5244810472720018,0.0,0.0,0.0,0.3,0.0,0.5603163154351172,0.3,0.08,0.0,0.5,0.25
360,0.9837623590817999,0.5444758104521191,0.875502696340816,0.5241494842533604,0.23380311223024616,0.5412537934680072,0.6875,0.41042221549493807,0.40644355241438146,0.10576923076923077,0.4085714285714286,0.3847188981591645,0.3934698475195713,0.08571428571428572,0.0,0.0,0.4057142857142857,17.054285714285715,0.0,0.0,0.03640343820500887,0.08436634914903716,3.4615384615384617,0.0,0.0,0.15,0.08173076923076923,0,0.08963725367124807,0.2761884101950525,0.1586185357601207,0.5139914263265619,0.0,0.0,0.0,0.3,0.0,0.5603163154351172,0.3,0.08,0.0,0.5,0.25
361,0.9846921891761126,0.5438532704713015,0.8760552810825789,0.5232670359167657,0.23380311223024616,0.5404959796943147,0.7019230769230769,0.41042221549493807,0.40644355241438146,0.10576923076923077,0.41714285714285715,0.3847188981591645,0.3934698475195713,0.08571428571428572,0.0,0.0,0.4057142857142857,17.045714285714286,0.0,0.0,0.03640343820500887,0.08436634914903716,3.4615384615384617,0.0,0.0,0.15,0.08173076923076923,0,0.08918906740289181,0.27480746814407725,0.1554461650449183,0.5037115978000306,0.0,0.0,0.0,0.3,0.0,0.5603163154351172,0.3,0.08,0.0,0.5,0.25
362,0.9835964231202526,0.5446043508744103,0.8754040829693822,0.5242266095664385,0.23380311223024616,0.5395327625362187,0.7211538461538461,0.41042221549493807,0.40644355241438146,0.10576923076923077,0.42857142857142855,0.3847188981591645,0.3934698475195713,0.08571428571428572,0.0,0.0,0.4057142857142857,17.045714285714286,0.0,0.0,0.03640343820500887,0.08436634914903716,3.4615384615384617,0.0,0.0,0.15,0.08173076923076923,0,0.08874312206587735,0.2734334308033568,0.1523372417440199,0.49363736584402995,0.0,0.0,0.0,0.3,0.0,0.5603163154351172,0.3,0.08,0.0,0.5,0.25
363,0.9830516374253961,0.5423473107165927,0.8750803246135817,0.5230888585096424,0.23380311223024616,0.5386204187929072,0.7355769230769231,0.41080683087955355,0.406732013952843,0.10576923076923077,0.43714285714285717,0.3849474695877359,0.3936412760909999,0.08571428571428572,0.019230769230769232,0.011428571428571429,0.4057142857142857,17.14,0.0,0.0,0.03640343820500887,0.08436634914903716,3.4615384615384617,0.0,0.0,0.15,0.08173076923076923,0,0.0900136921698337,0.2778460949767882,0.16071906833771096,0.5819974539727378,0.0,0.0,0.0,0.3,0.0,0.5603163154351172,0.3,0.08,0.019230769230769232,0.5,0.25
364,0.9833834903337085,0.542705201389662,0.8752775400562363,0.5228367872260444,0.23380311223024616,0.5377474570932708,0.7451923076923077,0.41090298472570735,0.40680412933745835,0.10576923076923077,0.44285714285714284,0.38500461244487877,0.39368413323385704,0.08571428571428572,0.004807692307692308,0.002857142857142857,0.4057142857142857,17.18285714285714,0.0,0.0,0.03640343820500887,0.08436634914903716,3.4615384615384617,0.0,0.0,0.15,0.08173076923076923,0,0.08999219513755595,0.2764568645019043,0.16036182982809957,0.5950929501986055,0.0,0.0,0.0,0.3,0.0,0.5603163154351172,0.3,0.08,0.004807692307692308,0.5,0.25
365,0.9836769919535769,0.5426011748752333,0.8754519638760436,0.5220089780291723,0.23380311223024616,0.5367820592974637,0.6826923076923077,0.41090298472570735,0.40680412933745835,0.10576923076923077,0.4057142857142857,0.38500461244487877,0.39368413323385704,0.08571428571428572,0.0,0.0,0.4057142857142857,17.194285714285716,0.0,0.0,0.03640343820500887,0.08436634914903716,3.4615384615384617,0.0,0.0,0.15,0.08173076923076923,0,0.08954223416186817,0.2750745801793948,0.15715459323153758,0.5831910911946335,0.0,0.0,0.0,0.3,0.0,0.5603163154351172,0.3,0.08,0.0,0.5,0.25
366,0.9824507311587884,0.5421564111560657,0.874723214603712,0.5218838115135048,0.23380311223024616,0.535883537444884,0.6442307692307693,0.4109991385718612,0.4068762447220738,0.10576923076923077,0.38285714285714284,0.3850617553020216,0.3937269903767142,0.08571428571428572,0.004807692307692308,0.002857142857142857,0.4057142857142857,17.18857142857143,0.0,0.0,0.03640343820500887,0.08436634914903716,3.4615384615384617,0.0,0.0,0.15,0.08173076923076923,0,0.08952309441963024,0.2736992072784978,0.1568686442240497,0.5781216385569402,0.0,0.0,0.0,0.3,0.0,0.5603163154351172,0.3,0.08,0.004807692307692308,0.5,0.25
367,0.9831779956095562,0.5421437430323911,0.8751554174773112,0.5217784641583082,0.23380311223024616,0.5350837998153624,0.6586538461538461,0.4109991385718612,0.4068762447220738,0.10576923076923077,0.3914285714285714,0.3850617553020216,0.3937269903767142,0.08571428571428572,0.0,0.0,0.4057142857142857,17.228571428571428,0.0,0.0,0.03640343820500887,0.08436634914903716,3.4615384615384617,0.0,0.0,0.15,0.08173076923076923,0,0.0890754789475321,0.2723307112421053,0.15373127133956865,0.5665592057858014,0.0,0.0,0.0,0.3,0.0,0.5603163154351172,0.3,0.08,0.0,0.5,0.25
368,0.9837252723625846,0.5428858732960334,0.8754806562333965,0.5224244324594417,0.23380311223024616,0.5343367311107199,0.6346153846153846,0.4109991385718612,0.4068762447220738,0.10576923076923077,0.37714285714285717,0.3850617553020216,0.3937269903767142,0.08571428571428572,0.0,0.0,0.4057142857142857,17.197142857142858,0.0,0.0,0.03640343820500887,0.08436634914903716,3.4615384615384617,0.0,0.0,0.15,0.08173076923076923,0,0.08863010155279444,0.27096905768589474,0.1506566459127773,0.5552280216700853,0.0,0.0,0.0,0.3,0.0,0.5603163154351172,0.3,0.08,0.0,0.5,0.25
369,0.9838117866960292,0.5429283231986914,0.8755320704658438,0.5227107220062441,0.23380311223024616,0.5336407321348827,0.6586538461538461,0.411191446264169,0.40702047549130455,0.10576923076923077,0.3914285714285714,0.38517604101630737,0.3938127046624285,0.08571428571428572,0.009615384615384616,0.005714285714285714,0.4057142857142857,17.174285714285713,0.0,0.0,0.03640343820500887,0.08436634914903716,3.4615384615384617,0.0,0.0,0.15,0.08173076923076923,0,0.08904409390217333,0.2957508248184358,0.15335779870880747,0.5687049019446088,0.0,0.0,0.0,0.3,0.0,0.5603163154351172,0.3,0.08,0.009615384615384616,0.5,0.25
370,0.982904514646764,0.5428766314714704,0.8749928916479948,0.5228301260824729,0.23380311223024616,0.5329317435554295,0.7019230769230769,0.4112876001103227,0.40709259087591987,0.10576923076923077,0.41714285714285715,0.38523318387345024,0.3938555618052856,0.08571428571428572,0.004807692307692308,0.002857142857142857,0.4057142857142857,17.174285714285713,0.0,0.0,0.03640343820500887,0.08436634914903716,3.4615384615384617,0.0,0.0,0.15,0.08173076923076923,0,0.08902744486123387,0.29427207069434363,0.1531477855917742,0.5680410811910803,0.0,0.0,0.0,0.3,0.0,0.5603163154351172,0.3,0.08,0.004807692307692308,0.5,0.25
371,0.9827392892783327,0.541135681216707,0.8748947005718983,0.522248098168254,0.23380311223024616,0.5323294076746461,0.625,0.4114799078026304,0.4072368216451506,0.10576923076923077,0.37142857142857144,0.38534746958773586,0.3939412760909999,0.08571428571428572,0.009615384615384616,0.005714285714285714,0.4057142857142857,17.165714285714287,0.0,0.0,0.03640343820500887,0.08436634914903716,3.4615384615384617,0.0,0.0,0.15,0.08173076923076923,0,0.08943945049407057,0.296684442562605,0.1557991155942244,0.579993219458508,0.0,0.0,0.0,0.3,0.0,0.5603163154351172,0.3,0.08,0.009615384615384616,0.5,0.25
372,0.9805272313095519,0.5417032518222507,0.87358010612188,0.5227925980126747,0.23380311223024616,0.5317921927035261,0.6201923076923077,0.4114799078026304,0.4072368216451506,0.10576923076923077,0.36857142857142855,0.38534746958773586,0.3939412760909999,0.08571428571428572,0.0,0.0,0.4057142857142857,17.14,0.0,0.0,0.03640343820500887,0.08436634914903716,3.4615384615384617,0.0,0.0,0.15,0.08173076923076923,0,0.08899225324160023,0.29520102034979195,0.15268313328233993,0.5683933550693379,0.0,0.0,0.0,0.3,0.0,0.5603163154351172,0.3,0.08,0.0,0.5,0.25
373,0.980876390878228,0.5418813856882854,0.8737876066655504,0.5230174981283928,0.23380311223024616,0.5314066329305553,0.6923076923076923,0.4114799078026304,0.4072368216451506,0.10576923076923077,0.4114285714285714,0.38534746958773586,0.3939412760909999,0.08571428571428572,0.0,0.0,0.4057142857142857,17.154285714285713,0.0,0.0,0.03640343820500887,0.08436634914903716,3.4615384615384617,0.0,0.0,0.15,0.08173076923076923,0,0.08854729197539223,0.293725015248043,0.1496294706166931,0.5570254879679511,0.0,0.0,0.0,0.3,0.0,0.5603163154351172,0.3,0.08,0.0,0.5,0.25
374,0.9795708555522474,0.5416634829583205,0.8730117456718249,0.5227640773567415,0.23380311223024616,0.5309090296464835,0.6490384615384616,0.4115760616487843,0.4073089370297661,0.10576923076923077,0.38571428571428573,0.3854046124448787,0.393984133233857,0.08571428571428572,0.004807692307692308,0.002857142857142857,0.4057142857142857,17.145714285714284,0.004807692307692308,0.0,0.03640343820500887,0.08436634914903716,3.4615384615384617,0.0,0.0,0.15,0.08173076923076923,0,0.08853312694408669,0.2976800911300571,0.1494940240615021,0.5458849782085922,0.0,0.0,0.0,0.3,0.0,0.5603163154351172,0.3,0.08,0.004807692307692308,0.5,0.25
375,0.9810186599801665,0.5419331999527538,0.8738721551604167,0.5234785807785686,0.23380311223024616,0.5305518108811232,0.6682692307692307,0.4116722154949382,0.4073810524143814,0.10576923076923077,0.39714285714285713,0.38546175530202165,0.3940269903767142,0.08571428571428572,0.004807692307692308,0.002857142857142857,0.4057142857142857,17.091428571428573,0.0,0.0,0.03640343820500887,0.08436634914903716,3.4615384615384617,0.0,0.0,0.15,0.08173076923076923,0,0.0885190327379377,0.2961916906744068,0.14936128643741495,0.5415640804569976,0.0,0.0,0.0,0.3,0.0,0.5603163154351172,0.3,0.08,0.004807692307692308,0.5,0.25
376,0.9813060062011151,0.5423353375566689,0.8740429209145805,0.5239987262010334,0.23380311223024616,0.5301855076348659,0.6682692307692307,0.4116722154949382,0.4073810524143814,0.10576923076923077,0.39714285714285713,0.38546175530202165,0.3940269903767142,0.08571428571428572,0.0,0.0,0.4057142857142857,17.08,0.0,0.0,0.03640343820500887,0.08436634914903716,3.4615384615384617,0.0,0.0,0.15,0.08173076923076923,0,0.08807643757424799,0.2947107322210348,0.14637406070866663,0.5307327988478576,0.0,0.0,0.0,0.3,0.0,0.5603163154351172,0.3,0.08,0.0,0.5,0.25
377,0.9815365848618337,0.5424486215307884,0.8741799505186649,0.5244541228594913,0.23380311223024616,0.5298479940815503,0.7259615384615384,0.41186452318724587,0.4075252831836122,0.10576923076923077,0.43142857142857144,0.3855760410163073,0.3941127046624285,0.08571428571428572,0.009615384615384616,0.005714285714285714,0.4057142857142857,17.065714285714286,0.004807692307692308,0.0,0.03640343820500887,0.08436634914903716,3.4615384615384617,0.0,0.0,0.15,0.08173076923076923,0,0.08849319824351962,0.29323717855992965,0.149160865208779,0.551468296687208,0.0,0.0,0.0,0.3,0.0,0.5603163154351172,0.3,0.08,0.009615384615384616,0.5,0.25
378,0.9850831192722261,0.5419753530414133,0.8762876052539836,0.5238414932377558,0.23380311223024616,0.5296976748388125,0.6634615384615384,0.41186452318724587,0.4075252831836122,0.10576923076923077,0.3942857142857143,0.3855760410163073,0.3941127046624285,0.08571428571428572,0.0,0.0,0.4057142857142857,17.045714285714286,0.004807692307692308,0.0,0.03640343820500887,0.08436634914903716,3.4615384615384617,0.0,0.0,0.15,0.08173076923076923,0,0.088050732252302,0.29177099266712997,0.1461776479046034,0.5404389307534638,0.0,0.0,0.0,0.3,0.0,0.5603163154351172,0.3,0.08,0.0,0.5,0.25
379,0.9834808357163775,0.5406646805734869,0.8753353910265079,0.5233598796455253,0.23380311223024616,0.5295401972615323,0.7451923076923077,0.41186452318724587,0.4075252831836122,0.10576923076923077,0.44285714285714284,0.3855760410163073,0.3941127046624285,0.08571428571428572,0.0,0.0,0.4057142857142857,17.034285714285716,0.004807692307692308,0.0,0.03640343820500887,0.08436634914903716,3.4615384615384617,0.0,0.0,0.15,0.08173076923076923,0,0.08761047859104051,0.2903121377037944,0.14325409494651137,0.5296301521383946,0.0,0.0,0.0,0.3,0.0,0.5603163154351172,0.3,0.08,0.0,0.5,0.25
380,0.9839335787006719,0.5398509361132293,0.8756044497143171,0.5228169376836178,0.23380311223024616,0.5293813374753233,0.6971153846153846,0.41186452318724587,0.4075252831836122,0.10576923076923077,0.4142857142857143,0.3855760410163073,0.3941127046624285,0.08571428571428572,0.0,0.0,0.4057142857142857,17.002857142857142,0.0,0.0,0.03640343820500887,0.08436634914903716,3.4615384615384617,0.0,0.0,0.15,0.08173076923076923,0,0.0871724261980853,0.2888605770152754,0.1403890130475811,0.5190375490956267,0.0,0.0,0.0,0.3,0.0,0.5603163154351172,0.3,0.08,0.0,0.5,0.25
381,0.9831026488138941,0.5403561180431813,0.8751106399530323,0.5231280292197872,0.23380311223024616,0.5292903041611847,0.6778846153846154,0.41186452318724587,0.4075252831836122,0.10576923076923077,0.40285714285714286,0.3855760410163073,0.3941127046624285,0.08571428571428572,0.0,0.0,0.4057142857142857,16.994285714285713,0.0,0.0,0.03640343820500887,0.08436634914903716,3.4615384615384617,0.0,0.0,0.15,0.08173076923076923,0,0.08673656406709487,0.287416274130199,0.13758123278662948,0.5086567981137142,0.0,0.0,0.0,0.3,0.0,0.5603163154351172,0.3,0.08,0.0,0.5,0.25
382,0.9836429449738225,0.5387454338834023,0.8754317302423611,0.5220570157635115,0.23380311223024616,0.5292166184416687,0.6778846153846154,0.4119606770333997,0.40759739856822763,0.10576923076923077,0.40285714285714286,0.3856331838734502,0.39415556180528566,0.08571428571428572,0.004807692307692308,0.002857142857142857,0.4057142857142857,16.96,0.0,0.0,0.03640343820500887,0.08436634914903716,3.4615384615384617,0.0,0.0,0.15,0.08173076923076923,0,0.08673145267533083,0.28597919275954803,0.13768675098803973,0.5083083420217357,0.0,0.0,0.0,0.3,0.0,0.5603163154351172,0.3,0.08,0.004807692307692308,0.5,0.25
383,0.9849547365160382,0.5379472518513158,0.8762113092160205,0.5211177882151283,0.23380311223024616,0.5291024751010462,0.7211538461538461,0.41205683087955347,0.40766951395284295,0.10576923076923077,0.42857142857142855,0.385690326730593,0.3941984189481427,0.08571428571428572,0.004807692307692308,0.002857142857142857,0.4057142857142857,16.954285714285714,0.0,0.0,0.03640343820500887,0.08436634914903716,3.4615384615384617,0.0,0.0,0.15,0.08173076923076923,0,0.08672636684052559,0.28454929679575025,0.13779015882542184,0.5014089526872323,0.0,0.0,0.0,0.3,0.0,0.5603163154351172,0.3,0.08,0.004807692307692308,0.5,0.25
384,0.9844382130844745,0.5384633221759316,0.8759043467195483,0.5219227808089723,0.23380311223024616,0.5289504413142883,0.7163461538461539,0.41205683087955347,0.40766951395284295,0.10576923076923077,0.4257142857142857,0.385690326730593,0.3941984189481427,0.08571428571428572,0.0,0.0,0.4057142857142857,16.974285714285713,0.0,0.0,0.03640343820500887,0.08436634914903716,3.4615384615384617,0.0,0.0,0.15,0.08173076923076923,0,0.08629273500632297,0.2831265503117715,0.13503435564891336,0.49138077363348764,0.0,0.0,0.0,0.3,0.0,0.5603163154351172,0.3,0.08,0.0,0.5,0.25
385,0.9840495729420843,0.5399946175936093,0.875673383434928,0.5226466911783731,0.23380311223024616,0.5288787246796186,0.7019230769230769,0.41205683087955347,0.40766951395284295,0.10576923076923077,0.41714285714285715,0.385690326730593,0.3941984189481427,0.08571428571428572,0.0,0.0,0.4057142857142857,17.02285714285714,0.0,0.0,0.03640343820500887,0.08436634914903716,3.4615384615384617,0.0,0.0,0.15,0.08173076923076923,0,0.08586127133129134,0.28171091756021266,0.1323336685359351,0.48155315816081784,0.0,0.0,0.0,0.3,0.0,0.5603163154351172,0.3,0.08,0.0,0.5,0.25
386,0.9823818101166858,0.5399538231166635,0.8746822558129769,0.5226412844258315,0.23380311223024616,0.5289200869586534,0.6875,0.41205683087955347,0.40766951395284295,0.10576923076923077,0.4085714285714286,0.385690326730593,0.3941984189481427,0.08571428571428572,0.0,0.0,0.4057142857142857,17.05142857142857,0.009615384615384616,0.0,0.03640343820500887,0.08436634914903716,3.4615384615384617,0.0,0.0,0.15,0.08173076923076923,0,0.0854319649746349,0.28030236297241157,0.1296869951652164,0.47192209499760146,0.0,0.0,0.0,0.3,0.0,0.5603163154351172,0.3,0.08,0.0,0.5,0.25
387,0.9815104005469009,0.5392055445330949,0.8741643895543617,0.5220147894460868,0.23380311223024616,0.5289680315314397,0.7355769230769231,0.4122491385718613,0.4078137447220737,0.10576923076923077,0.43714285714285717,0.3858046124448787,0.394284133233857,0.08571428571428572,0.009615384615384616,0.005714285714285714,0.4057142857142857,17.05142857142857,0.009615384615384616,0.0,0.03640343820500887,0.08436634914903716,3.4615384615384617,0.0,0.0,0.15,0.08173076923076923,0,0.08586194800690458,0.27890085115754953,0.1328075409761978,0.4940808953540335,0.0,0.0,0.0,0.3,0.0,0.5603163154351172,0.3,0.08,0.009615384615384616,0.5,0.25
388,0.9799740716944493,0.5383096217948602,0.8732513712649048,0.5214846669063664,0.23380311223024616,0.528835111612754,0.625,0.41234529241801504,0.4078858601066892,0.10576923076923077,0.37142857142857144,0.3858617553020216,0.39432699037671415,0.08571428571428572,0.004807692307692308,0.002857142857142857,0.4057142857142857,17.04,0.009615384615384616,0.0,0.03640343820500887,0.08436634914903716,3.4615384615384617,0.0,0.0,0.15,0.08173076923076923,0,0.08586120969544149,0.2775063469017618,0.13300853301381668,0.4841992774469528,0.0,0.0,0.0,0.3,0.0,0.5603163154351172,0.3,0.08,0.004807692307692308,0.5,0.25
389,0.9808421472883986,0.5368657119301237,0.8737672561893091,0.5208252241943931,0.23380311223024616,0.5288083674055611,0.6971153846153846,0.41234529241801504,0.4078858601066892,0.10576923076923077,0.4142857142857143,0.3858617553020216,0.39432699037671415,0.08571428571428572,0.0,0.0,0.4057142857142857,17.05142857142857,0.0,0.0,0.03640343820500887,0.08436634914903716,3.4615384615384617,0.0,0.0,0.15,0.08173076923076923,0,0.08543190364696429,0.276118815167253,0.13034836235354033,0.4745152918980137,0.0,0.0,0.0,0.3,0.0,0.5603163154351172,0.3,0.08,0.0,0.5,0.25
390,0.9808532641170203,0.5359119462005345,0.8737738627617471,0.520295965433686,0.23380311223024616,0.5288266650033203,0.6442307692307693,0.41234529241801504,0.4078858601066892,0.10576923076923077,0.38285714285714284,0.3858617553020216,0.39432699037671415,0.08571428571428572,0.0,0.0,0.4057142857142857,17.06,0.0,0.0,0.03640343820500887,0.08436634914903716,3.4615384615384617,0.0,0.0,0.15,0.08173076923076923,0,0.08500474412872946,0.2747382210914167,0.12774139510646954,0.4650249860600535,0.0,0.0,0.0,0.3,0.0,0.5603163154351172,0.3,0.08,0.0,0.5,0.25
391,0.9814946606251784,0.5347648864189836,0.8741550355437382,0.5195997824831144,0.23380311223024616,0.5287560038563139,0.6394230769230769,0.41244144626416895,0.4079579754913045,0.10576923076923077,0.38,0.38591889815916447,0.3943698475195713,0.08571428571428572,0.004807692307692308,0.002857142857142857,0.4057142857142857,17.068571428571428,0.0,0.0,0.03640343820500887,0.08436634914903716,3.4615384615384617,0.0,0.0,0.15,0.08173076923076923,0,0.08500829183665723,0.27336452998595967,0.12804371006148302,0.4650249860600535,0.0,0.0,0.0,0.3,0.0,0.5603163154351172,0.3,0.08,0.004807692307692308,0.5,0.25
392,0.9820553710645346,0.5343152676064734,0.8744882577476983,0.5193813671195701,0.23380311223024616,0.5286643144742891,0.6778846153846154,0.41244144626416895,0.4079579754913045,0.10576923076923077,0.40285714285714286,0.38591889815916447,0.3943698475195713,0.08571428571428572,0.0,0.0,0.4057142857142857,17.062857142857144,0.0,0.0,0.03640343820500887,0.08436634914903716,3.4615384615384617,0.0,0.0,0.15,0.08173076923076923,0,0.08458325037747394,0.27199770733602985,0.12548283586025336,0.45572448633885243,0.0,0.0,0.0,0.3,0.0,0.5603163154351172,0.3,0.08,0.0,0.5,0.25
393,0.9817047112467633,0.5338805824087637,0.874279865627423,0.5190839710491129,0.23380311223024616,0.5286819704485429,0.7644230769230769,0.41244144626416895,0.4079579754913045,0.10576923076923077,0.4542857142857143,0.38591889815916447,0.3943698475195713,0.08571428571428572,0.0,0.0,0.4057142857142857,17.054285714285715,0.0,0.0,0.03640343820500887,0.08436634914903716,3.4615384615384617,0.0,0.0,0.15,0.08173076923076923,0,0.08416033412558657,0.2706377187993497,0.12297317914304827,0.44660999661207534,0.0,0.0,0.0,0.3,0.0,0.5603163154351172,0.3,0.08,0.0,0.5,0.25
394,0.982105182034095,0.5341984073275321,0.8745178596953229,0.5189098988041687,0.23380311223024616,0.5287176292515693,0.7019230769230769,0.41244144626416895,0.4079579754913045,0.10576923076923077,0.41714285714285715,0.38591889815916447,0.3943698475195713,0.08571428571428572,0.0,0.0,0.4057142857142857,17.077142857142857,0.0,0.0,0.03640343820500887,0.08436634914903716,3.4615384615384617,0.0,0.0,0.15,0.08173076923076923,0,0.08373953245495865,0.269284530205353,0.1205137155601873,0.4376777966798338,0.0,0.0,0.0,0.3,0.0,0.5603163154351172,0.3,0.08,0.0,0.5,0.25
395,0.9811049611504477,0.5338444935192805,0.8739234427130409,0.5192375026406205,0.23380311223024616,0.5288596942362762,0.6971153846153846,0.41244144626416895,0.4079579754913045,0.10576923076923077,0.4142857142857143,0.38591889815916447,0.3943698475195713,0.08571428571428572,0.0,0.0,0.4057142857142857,17.054285714285715,0.0,0.0,0.03640343820500887,0.08436634914903716,3.4615384615384617,0.0,0.0,0.15,0.08173076923076923,0,0.08332083479268385,0.26793810755432623,0.11810344124898356,0.4289242407462371,0.0,0.0,0.0,0.3,0.0,0.5603163154351172,0.3,0.08,0.0,0.5,0.25
396,0.9827348577576451,0.533783851600834,0.8748920669824612,0.5191874237229153,0.23380311223024616,0.5290287151661223,0.7259615384615384,0.41253760011032276,0.40803009087591996,0.10576923076923077,0.43142857142857144,0.38597604101630734,0.39441270466242845,0.08571428571428572,0.004807692307692308,0.002857142857142857,0.4057142857142857,17.042857142857144,0.0,0.0,0.03640343820500887,0.08436634914903716,3.4615384615384617,0.0,0.0,0.15,0.08173076923076923,0,0.08333280204729186,0.2665984170165546,0.11859851528114675,0.428126777437977,0.0,0.0,0.0,0.3,0.0,0.5603163154351172,0.3,0.08,0.004807692307692308,0.5,0.25
397,0.9819821710891946,0.5327365984393903,0.8744447560480678,0.5185984701198517,0.23380311223024616,0.5293866798683665,0.6778846153846154,0.41253760011032276,0.40803009087591996,0.10576923076923077,0.40285714285714286,0.38597604101630734,0.39441270466242845,0.08571428571428572,0.0,0.0,0.4057142857142857,17.057142857142857,0.0,0.0,0.03640343820500887,0.08436634914903716,3.4615384615384617,0.0,0.0,0.15,0.08173076923076923,0,0.0829161380370554,0.2652654249314718,0.11622654497552382,0.4195642418892174,0.0,0.0,0.0,0.3,0.0,0.5603163154351172,0.3,0.08,0.0,0.5,0.25
398,0.979678458936436,0.5331398673800744,0.873075692825857,0.5189566573224816,0.23380311223024616,0.5297570059774492,0.6875,0.41272990780263047,0.4081743216451507,0.10576923076923077,0.4085714285714286,0.38609032673059296,0.3944984189481427,0.08571428571428572,0.004807692307692308,0.002857142857142857,0.4057142857142857,17.08,0.0,0.0,0.03640343820500887,0.08436634914903716,3.4615384615384617,0.0,0.0,0.15,0.08173076923076923,0,0.08293012877544156,0.2639390978068144,0.11675915693315618,0.4143912863363415,0.0,0.0,0.0,0.3,0.0,0.5603163154351172,0.3,0.08,0.004807692307692308,0.5,0.25
399,0.9801659699825186,0.5327340731734849,0.8733654136761002,0.5189191006912436,0.23380311223024616,0.5302770755503511,0.7019230769230769,0.41282606164878427,0.40824643702976604,0.10576923076923077,0.41714285714285715,0.3861474695877359,0.3945412760909999,0.08571428571428572,0.004807692307692308,0.002857142857142857,0.4057142857142857,17.091428571428573,0.004807692307692308,0.0,0.03640343820500887,0.08436634914903716,3.4615384615384617,0.0,0.0,0.15,0.08173076923076923,0,0.08294404956013578,0.26261940231778036,0.11728111665163592,0.430203089228664,0.0,0.0,0.0,0.3,0.0,0.5603163154351172,0.3,0.08,0.004807692307692308,0.5,0.25
400,0.9812314935003651,0.532715016581058,0.8739986390809917,0.51878146271953,0.23380311223024616,0.5307754540058063,0.6682692307692307,0.4129222154949381,0.4083185524143814,0.10576923076923077,0.39714285714285713,0.38620461244487875,0.394584133233857,0.08571428571428572,0.004807692307692308,0.002857142857142857,0.4057142857142857,17.145714285714284,0.004807692307692308,0.0,0.03640343820500887,0.08436634914903716,3.4615384615384617,0.0,0.0,0.15,0.08173076923076923,0,0.08295790074090652,0.2613063053061915,0.11779263717574603,0.4215990274440907,0.0,0.0,0.0,0.3,0.0,0.5603163154351172,0.3,0.08,0.004807692307692308,0.5,0.25
401,0.9807939685971695,0.5323071565905388,0.8737386242813786,0.5179621138489027,0.23380311223024616,0.5312115439704658,0.7115384615384616,0.4129222154949381,0.4083185524143814,0.10576923076923077,0.4228571428571429,0.38620461244487875,0.394584133233857,0.08571428571428572,0.0,0.0,0.4057142857142857,17.088571428571427,0.004807692307692308,0.0,0.03640343820500887,0.08436634914903716,3.4615384615384617,0.0,0.0,0.15,0.08173076923076923,0,0.08254311123720198,0.2599997737796605,0.11543678443223111,0.4131670468952089,0.0,0.0,0.0,0.3,0.0,0.5603163154351172,0.3,0.08,0.0,0.5,0.25
402,0.9806734910520889,0.5320714145126252,0.873667026197445,0.5183993411140827,0.23380311223024616,0.5315149937949215,0.7163461538461539,0.4129222154949381,0.4083185524143814,0.10576923076923077,0.4257142857142857,0.38620461244487875,0.394584133233857,0.08571428571428572,0.0,0.0,0.4057142857142857,17.088571428571427,0.0,0.0,0.03640343820500887,0.08436634914903716,3.4615384615384617,0.0,0.0,0.15,0.08173076923076923,0,0.08213039568101597,0.2586997749107622,0.11312804874358649,0.4049037059573047,0.0,0.0,0.0,0.3,0.0,0.5603163154351172,0.3,0.08,0.0,0.5,0.25
403,0.9820311127808835,0.5330684881605878,0.8744738413962715,0.5184694091659827,0.23380311223024616,0.5318764212087946,0.7451923076923077,0.4129222154949381,0.4083185524143814,0.10576923076923077,0.44285714285714284,0.38620461244487875,0.394584133233857,0.08571428571428572,0.0,0.0,0.4057142857142857,17.114285714285714,0.014423076923076924,0.0,0.03640343820500887,0.08436634914903716,3.4615384615384617,0.0,0.0,0.15,0.08173076923076923,0,0.0817197437026109,0.25740627603620836,0.11086548776871476,0.3968056318381586,0.0,0.0,0.0,0.3,0.0,0.5603163154351172,0.3,0.08,0.0,0.5,0.25
404,0.9807784053204253,0.531140879893071,0.873729375248342,0.5177260923665871,0.23380311223024616,0.5322722208756703,0.6826923076923077,0.41301836934109204,0.40839066779899685,0.10576923076923077,0.4057142857142857,0.3862617553020216,0.3946269903767141,0.08571428571428572,0.004807692307692308,0.002857142857142857,0.4057142857142857,17.13714285714286,0.014423076923076924,0.0,0.03640343820500887,0.08436634914903716,3.4615384615384617,0.0,0.0,0.15,0.08173076923076923,0,0.08173971641266926,0.26978818416759837,0.11150532087048333,0.4028098648661076,0.0,0.0,0.0,0.3,0.0,0.5603163154351172,0.3,0.08,0.004807692307692308,0.5,0.25
405,0.9804026442962457,0.5305474753918394,0.8735060658396867,0.5168596158495194,0.23380311223024616,0.5326966391372898,0.7163461538461539,0.41301836934109204,0.40839066779899685,0.10576923076923077,0.4257142857142857,0.3862617553020216,0.3946269903767141,0.08571428571428572,0.0,0.0,0.4057142857142857,17.18857142857143,0.009615384615384616,0.0,0.03640343820500887,0.08436634914903716,3.4615384615384617,0.0,0.0,0.15,0.08173076923076923,0,0.08133101783060592,0.26843924324676033,0.10927521445307366,0.39475366756878544,0.0,0.0,0.0,0.3,0.0,0.5603163154351172,0.3,0.08,0.0,0.5,0.25
406,0.9793322583576729,0.5301017773444912,0.8728699507676205,0.5166599031574572,0.23380311223024616,0.5329721915583187,0.6586538461538461,0.41311452318724584,0.40846278318361223,0.10576923076923077,0.3914285714285714,0.38631889815916454,0.3946698475195714,0.08571428571428572,0.004807692307692308,0.002857142857142857,0.4057142857142857,17.16857142857143,0.009615384615384616,0.0,0.03640343820500887,0.08436634914903716,3.4615384615384617,0.0,0.0,0.15,0.08173076923076923,0,0.08135293417002433,0.26709704703052656,0.10994685302115506,0.4026066013952104,0.0,0.0,0.0,0.3,0.0,0.5603163154351172,0.3,0.08,0.004807692307692308,0.5,0.25
407,0.9803037302717239,0.5303305680976597,0.8734472826479709,0.5164936999218525,0.23380311223024616,0.5331937326777123,0.6442307692307693,0.4132106770333997,0.4085348985682276,0.10576923076923077,0.38285714285714284,0.38637604101630735,0.39471270466242847,0.08571428571428572,0.004807692307692308,0.002857142857142857,0.4057142857142857,17.13142857142857,0.009615384615384616,0.0,0.03640343820500887,0.08436634914903716,3.4615384615384617,0.0,0.0,0.15,0.08173076923076923,0,0.08137474092774563,0.26576156179537397,0.1106050588178748,0.41171517578820305,0.0,0.0,0.0,0.3,0.0,0.5603163154351172,0.3,0.08,0.004807692307692308,0.5,0.25
408,0.9808704634648195,0.5301969610976633,0.8737840840884392,0.5161798938063028,0.23380311223024616,0.5336277865215618,0.6442307692307693,0.4132106770333997,0.4085348985682276,0.10576923076923077,0.38285714285714284,0.38637604101630735,0.39471270466242847,0.08571428571428572,0.0,0.0,0.4057142857142857,17.12,0.004807692307692308,0.0,0.03640343820500887,0.08436634914903716,3.4615384615384617,0.0,0.0,0.15,0.08173076923076923,0,0.0809678672231069,0.2644327539863971,0.10839295764151728,0.403480872272439,0.0,0.0,0.0,0.3,0.0,0.5603163154351172,0.3,0.08,0.0,0.5,0.25
409,0.9815644180163502,0.5302938706483645,0.8741964913647774,0.5164872970273364,0.23380311223024616,0.5339401241980977,0.6538461538461539,0.4132106770333997,0.4085348985682276,0.10576923076923077,0.38857142857142857,0.38637604101630735,0.39471270466242847,0.08571428571428572,0.0,0.0,0.4057142857142857,17.13142857142857,0.004807692307692308,0.0,0.03640343820500887,0.08436634914903716,3.4615384615384617,0.0,0.0,0.15,0.08173076923076923,0,0.08056302788699136,0.2631105902164651,0.10622509848868694,0.3954112548269902,0.0,0.0,0.0,0.3,0.0,0.5603163154351172,0.3,0.08,0.0,0.5,0.25
410,0.9803096876090917,0.5304105111390961,0.8734508230084639,0.5171649973487059,0.23380311223024616,0.534329334335137,0.6778846153846154,0.4132106770333997,0.4085348985682276,0.10576923076923077,0.40285714285714286,0.38637604101630735,0.39471270466242847,0.08571428571428572,0.0,0.0,0.4057142857142857,17.145714285714284,0.004807692307692308,0.0,0.03640343820500887,0.08436634914903716,3.4615384615384617,0.0,0.0,0.15,0.08173076923076923,0,0.08016021274755641,0.2617950372653828,0.10410059651891321,0.3875030297304504,0.0,0.0,0.0,0.3,0.0,0.5603163154351172,0.3,0.08,0.0,0.5,0.25
411,0.980220072207673,0.5298119837705144,0.8733975658556207,0.5174314810700588,0.23380311223024616,0.5347271963578489,0.6634615384615384,0.4132106770333997,0.4085348985682276,0.10576923076923077,0.3942857142857143,0.38637604101630735,0.39471270466242847,0.08571428571428572,0.0,0.0,0.4057142857142857,17.105714285714285,0.004807692307692308,0.0,0.03640343820500887,0.08436634914903716,3.4615384615384617,0.0,0.0,0.15,0.08173076923076923,0,0.07975941168381863,0.26048606207905584,0.10201858458853494,0.3797529691358414,0.0,0.0,0.0,0.3,0.0,0.5603163154351172,0.3,0.08,0.0,0.5,0.25
412,0.980835044415614,0.5299397859255379,0.8737630350534826,0.5183956589108804,0.23380311223024616,0.5350363423534362,0.6634615384615384,0.4132106770333997,0.4085348985682276,0.10576923076923077,0.3942857142857143,0.38637604101630735,0.39471270466242847,0.08571428571428572,0.0,0.0,0.4057142857142857,17.111428571428572,0.004807692307692308,0.0,0.03640343820500887,0.08436634914903716,3.4615384615384617,0.0,0.0,0.15,0.08173076923076923,0,0.07936061462539953,0.25918363176866055,0.09997821289676426,0.3721579097531245,0.0,0.0,0.0,0.3,0.0,0.5603163154351172,0.3,0.08,0.0,0.5,0.25
413,0.9791580133086699,0.5300168955534127,0.8727663994242132,0.5180730137147305,0.23380311223024616,0.5353120117196063,0.7211538461538461,0.4133068308795536,0.408607013952843,0.11057692307692307,0.42857142857142855,0.3864331838734502,0.3947555618052856,0.08857142857142856,0.004807692307692308,0.002857142857142857,0.4057142857142857,17.01142857142857,0.004807692307692308,0.0,0.03640343820500887,0.08436634914903716,3.4615384615384617,0.0,0.0,0.15,0.08173076923076923,0,0.07939238298084397,0.25788771360981727,0.10083579149597181,0.369818526754373,0.0,0.0,0.0,0.3,0.0,0.5603163154351172,0.3,0.08,0.004807692307692308,0.5,0.25
414,0.9776903503686308,0.5301328852621072,0.8718941883055611,0.5181453273542015,0.23380311223024616,0.5355099839693995,0.7403846153846154,0.4133068308795536,0.408607013952843,0.11057692307692307,0.44,0.3864331838734502,0.3947555618052856,0.08857142857142856,0.0,0.0,0.4057142857142857,16.99142857142857,0.004807692307692308,0.0,0.03640343820500887,0.08436634914903716,3.4615384615384617,0.0,0.0,0.15,0.08173076923076923,0,0.07899542106593974,0.2565982750417682,0.09881907566605237,0.36242215621928553,0.0,0.0,0.0,0.3,0.0,0.5603163154351172,0.3,0.08,0.0,0.5,0.25
415,0.9803221691633023,0.530200461985835,0.8734582406178233,0.5182380029352743,0.23380311223024616,0.535834366746062,0.7596153846153846,0.4133068308795536,0.408607013952843,0.11057692307692307,0.4514285714285714,0.3864331838734502,0.3947555618052856,0.08857142857142856,0.0,0.0,0.4057142857142857,16.974285714285713,0.004807692307692308,0.0,0.03640343820500887,0.08436634914903716,3.4615384615384617,0.0,0.0,0.15,0.08173076923076923,0,0.07860044396061006,0.25531528366655937,0.09684269415273133,0.3551737130948998,0.0,0.0,0.0,0.3,0.0,0.5603163154351172,0.3,0.08,0.0,0.5,0.25
416,0.9792081233882473,0.5295459589049574,0.8727961791286475,0.5175558278775899,0.23380311223024616,0.5361010854809207,0.6923076923076923,0.41340298472570736,0.40867912933745837,0.11057692307692307,0.4114285714285714,0.3864903267305931,0.3947984189481427,0.08857142857142856,0.004807692307692308,0.002857142857142857,0.4057142857142857,16.98857142857143,0.0,0.0,0.03640343820500887,0.08436634914903716,3.4615384615384617,0.0,0.0,0.15,0.08173076923076923,0,0.07863601316937842,0.2540387072482266,0.09776298312681955,0.3498815267745147,0.0,0.0,0.0,0.3,0.0,0.5603163154351172,0.3,0.08,0.004807692307692308,0.5,0.25
417,0.9797251923550824,0.5305886919526739,0.8731034658289382,0.5183556071488099,0.23380311223024616,0.5364754381938681,0.6538461538461539,0.41349913857186127,0.40875124472207375,0.11057692307692307,0.38857142857142857,0.3865474695877359,0.39484127609099995,0.08857142857142856,0.004807692307692308,0.002857142857142857,0.4057142857142857,16.97142857142857,0.0,0.0,0.03640343820500887,0.08436634914903716,3.4615384615384617,0.0,0.0,0.15,0.08173076923076923,0,0.07867140453210296,0.2527685137119854,0.09866486632142603,0.3449481614439524,0.0,0.0,0.0,0.3,0.0,0.5603163154351172,0.3,0.08,0.004807692307692308,0.5,0.25
418,0.9802115237446452,0.5302799468744509,0.8733924856261641,0.517552465067541,0.23380311223024616,0.5368060131165658,0.6971153846153846,0.41349913857186127,0.40875124472207375,0.11057692307692307,0.4142857142857143,0.3865474695877359,0.39484127609099995,0.08857142857142856,0.0,0.0,0.4057142857142857,17.00857142857143,0.0,0.0,0.03640343820500887,0.08436634914903716,3.4615384615384617,0.0,0.0,0.15,0.08173076923076923,0,0.07827804750944245,0.25150467114342545,0.09669156899499752,0.33804919821507334,0.0,0.0,0.0,0.3,0.0,0.5603163154351172,0.3,0.08,0.0,0.5,0.25
419,0.9788336154835071,0.5290714979585577,0.8725736144309735,0.5166104873984315,0.23380311223024616,0.5371686956236217,0.7307692307692307,0.41359529241801507,0.4088233601066892,0.11057692307692307,0.4342857142857143,0.3866046124448787,0.39488413323385707,0.08857142857142856,0.004807692307692308,0.002857142857142857,0.4057142857142857,17.037142857142857,0.0,0.0,0.03640343820500887,0.08436634914903716,3.4615384615384617,0.0,0.0,0.15,0.08173076923076923,0,0.07831522870046667,0.25125334994407506,0.0976148804722404,0.3312882142507719,0.0,0.0,0.0,0.3,0.0,0.5603163154351172,0.3,0.08,0.004807692307692308,0.5,0.25
420,0.9800925025121534,0.530428725861893,0.8733217530079975,0.5176016559564186,0.23380311223024616,0.5374952902857472,0.7115384615384616,0.41359529241801507,0.4088233601066892,0.11057692307692307,0.4228571428571429,0.3866046124448787,0.39488413323385707,0.08857142857142856,0.0,0.0,0.4057142857142857,17.045714285714286,0.0,0.0,0.03640343820500887,0.08436634914903716,3.4615384615384617,0.0,0.0,0.15,0.08173076923076923,0,0.07792365255696433,0.24999708319435468,0.09566258286279561,0.32466244996575644,0.0,0.0,0.0,0.3,0.0,0.5603163154351172,0.3,0.08,0.0,0.5,0.25
421,0.9799800203012874,0.5316573187496547,0.8732549064369687,0.5181446254550298,0.23380311223024616,0.5380093437308601,0.6875,0.41359529241801507,0.4088233601066892,0.11057692307692307,0.4085714285714286,0.3866046124448787,0.39488413323385707,0.08857142857142856,0.0,0.0,0.4057142857142857,17.088571428571427,0.0,0.0,0.03640343820500887,0.08436634914903716,3.4615384615384617,0.0,0.0,0.15,0.08173076923076923,0,0.0775340342941795,0.24874709777838291,0.09374933120553967,0.3181692009664413,0.0,0.0,0.0,0.3,0.0,0.5603163154351172,0.3,0.08,0.0,0.5,0.25
422,0.9786244540899232,0.5305804782885744,0.8724493128027864,0.5176603644634423,0.23380311223024616,0.5386869289293303,0.6298076923076923,0.41359529241801507,0.4088233601066892,0.11057692307692307,0.3742857142857143,0.3866046124448787,0.39488413323385707,0.08857142857142856,0.0,0.0,0.4057142857142857,17.102857142857143,0.0,0.0,0.03640343820500887,0.08436634914903716,3.4615384615384617,0.0,0.0,0.15,0.08173076923076923,0,0.07714636412270862,0.247503362289491,0.09187434458142889,0.31180581694711246,0.0,0.0,0.0,0.3,0.0,0.5603163154351172,0.3,0.08,0.0,0.5,0.25
423,0.9789784545477527,0.531133017837928,0.872659690217725,0.5179427361437547,0.23380311223024616,0.5393262608555552,0.6682692307692307,0.41359529241801507,0.4088233601066892,0.11057692307692307,0.39714285714285713,0.3866046124448787,0.39488413323385707,0.08857142857142856,0.0,0.0,0.4057142857142857,17.111428571428572,0.004807692307692308,0.0,0.03640343820500887,0.08436634914903716,3.4615384615384617,0.0,0.0,0.15,0.08173076923076923,0,0.07676063230209508,0.24626584547804353,0.0900368576898003,0.30556970060817024,0.0,0.0,0.0,0.3,0.0,0.5603163154351172,0.3,0.08,0.0,0.5,0.25
424,0.9781502377960734,0.5306978267689141,0.8721674928338702,0.518115546593513,0.23380311223024616,0.5398181710870982,0.6442307692307693,0.41359529241801507,0.4088233601066892,0.11057692307692307,0.38285714285714284,0.3866046124448787,0.39488413323385707,0.08857142857142856,0.0,0.0,0.4057142857142857,17.154285714285713,0.0,0.0,0.03640343820500887,0.08436634914903716,3.4615384615384617,0.0,0.0,0.15,0.08173076923076923,0,0.07637682914058459,0.2450345162506533,0.0882361205360043,0.2994583065960068,0.0,0.0,0.0,0.3,0.0,0.5603163154351172,0.3,0.08,0.0,0.5,0.25
425,0.9784881926438688,0.5292461561889015,0.8723683345719885,0.5172308946859717,0.23380311223024616,0.5401835262142275,0.6826923076923077,0.41388375395647664,0.4090397062605353,0.11057692307692307,0.4057142857142857,0.3867760410163073,0.39501270466242844,0.08857142857142856,0.014423076923076924,0.008571428571428572,0.4057142857142857,17.13142857142857,0.004807692307692308,0.0,0.03640343820500887,0.08436634914903716,3.4615384615384617,0.0,0.0,0.15,0.08173076923076923,0,0.07728065928059595,0.24380934366940005,0.09504282669671278,0.30409638067028166,0.0,0.0,0.0,0.3,0.0,0.5603163154351172,0.3,0.08,0.014423076923076924,0.5,0.25
426,0.9787737205966364,0.5279712417106469,0.8725380197553474,0.5167651800616547,0.23380311223024616,0.5404309432830586,0.6490384615384616,0.41397990780263044,0.4091118216451507,0.11057692307692307,0.38571428571428573,0.38683318387345017,0.3950555618052856,0.08857142857142856,0.004807692307692308,0.002857142857142857,0.4057142857142857,17.12,0.0,0.0,0.03640343820500887,0.08436634914903716,3.4615384615384617,0.0,0.0,0.15,0.08173076923076923,0,0.07732282741276439,0.24259029695105305,0.09599911301992138,0.30616337288503104,0.0,0.0,0.0,0.3,0.0,0.5603163154351172,0.3,0.08,0.004807692307692308,0.5,0.25
427,0.980085982189327,0.5288169158080294,0.8733178780732893,0.5174681801978704,0.23380311223024616,0.5406378666847784,0.6394230769230769,0.4140760616487843,0.4091839370297661,0.11057692307692307,0.38,0.38689032673059304,0.39509841894814274,0.08857142857142856,0.004807692307692308,0.002857142857142857,0.4057142857142857,17.057142857142857,0.0,0.0,0.03640343820500887,0.08436634914903716,3.4615384615384617,0.0,0.0,0.15,0.08173076923076923,0,0.077364784704272,0.24769270294447393,0.09693627361666582,0.30004010542733045,0.0,0.0,0.0,0.3,0.0,0.5603163154351172,0.3,0.08,0.004807692307692308,0.5,0.25
428,0.9807050989695819,0.5283330639043986,0.8736858103312692,0.5177842864287329,0.23380311223024616,0.5406974055466331,0.6923076923076923,0.4140760616487843,0.4091839370297661,0.11057692307692307,0.4114285714285714,0.38689032673059304,0.39509841894814274,0.08857142857142856,0.0,0.0,0.4057142857142857,17.05142857142857,0.004807692307692308,0.0,0.03640343820500887,0.08436634914903716,3.4615384615384617,0.0,0.0,0.15,0.08173076923076923,0,0.07697796078075064,0.2464542394297516,0.09499754814433248,0.2940393033187838,0.0,0.0,0.0,0.3,0.0,0.5603163154351172,0.3,0.08,0.0,0.5,0.25
429,0.9803099058843275,0.5272392785516892,0.8734509527263182,0.5167893771341739,0.23380311223024616,0.5408707510008008,0.6538461538461539,0.4140760616487843,0.4091839370297661,0.11057692307692307,0.38857142857142857,0.38689032673059304,0.39509841894814274,0.08857142857142856,0.0,0.0,0.4057142857142857,17.048571428571428,0.0,0.0,0.03640343820500887,0.08436634914903716,3.4615384615384617,0.0,0.0,0.15,0.08173076923076923,0,0.0765930709768469,0.2452219682326028,0.09309759718144585,0.28815851725240815,0.0,0.0,0.0,0.3,0.0,0.5603163154351172,0.3,0.08,0.0,0.5,0.25
430,0.9812356204329968,0.5268372730652442,0.8740010916580988,0.5167257357797699,0.23380311223024616,0.5410937489283971,0.6923076923076923,0.4140760616487843,0.4091839370297661,0.11057692307692307,0.4114285714285714,0.38689032673059304,0.39509841894814274,0.08857142857142856,0.0,0.0,0.4057142857142857,17.077142857142857,0.004807692307692308,0.0,0.03640343820500887,0.08436634914903716,3.4615384615384617,0.0,0.0,0.15,0.08173076923076923,0,0.07621010562196265,0.24399585839143978,0.09123564523781694,0.28239534690735996,0.0,0.0,0.0,0.3,0.0,0.5603163154351172,0.3,0.08,0.0,0.5,0.25
431,0.9808487040788993,0.5271163661172443,0.8737711527962352,0.5167882516721983,0.23380311223024616,0.5414198897272835,0.6923076923076923,0.4140760616487843,0.4091839370297661,0.11057692307692307,0.4114285714285714,0.38689032673059304,0.39509841894814274,0.08857142857142856,0.0,0.0,0.4057142857142857,17.105714285714285,0.0,0.0,0.03640343820500887,0.08436634914903716,3.4615384615384617,0.0,0.0,0.15,0.08173076923076923,0,0.07582905509385285,0.2427758790994826,0.08941093233306056,0.2767474399692128,0.0,0.0,0.0,0.3,0.0,0.5603163154351172,0.3,0.08,0.0,0.5,0.25
432,0.982092783833979,0.5284822194773227,0.874510491622111,0.5178710370072753,0.23380311223024616,0.5416795767751448,0.7067307692307693,0.4140760616487843,0.4091839370297661,0.11057692307692307,0.42,0.38689032673059304,0.39509841894814274,0.08857142857142856,0.0,0.0,0.4057142857142857,17.071428571428573,0.0,0.0,0.03640343820500887,0.08436634914903716,3.4615384615384617,0.0,0.0,0.15,0.08173076923076923,0,0.07544990981838358,0.24156199970398518,0.08762271368639937,0.27121249116982854,0.0,0.0,0.0,0.3,0.0,0.5603163154351172,0.3,0.08,0.0,0.5,0.25
433,0.9808499432880081,0.5295855827949668,0.8737718892405054,0.5190200647056771,0.23380311223024616,0.5421319441225716,0.6682692307692307,0.4140760616487843,0.4091839370297661,0.11057692307692307,0.39714285714285713,0.38689032673059304,0.39509841894814274,0.08857142857142856,0.0,0.0,0.4057142857142857,17.065714285714286,0.0,0.0,0.03640343820500887,0.08436634914903716,3.4615384615384617,0.0,0.0,0.15,0.08173076923076923,0,0.07507266026929166,0.24035418970546524,0.08587025941267137,0.265788241346432,0.0,0.0,0.0,0.3,0.0,0.5603163154351172,0.3,0.08,0.0,0.5,0.25
434,0.9818047012218668,0.529335847303614,0.8743392882411987,0.5190634841649585,0.23380311223024616,0.5425158840748294,0.7163461538461539,0.4140760616487843,0.4091839370297661,0.11057692307692307,0.4257142857142857,0.38689032673059304,0.39509841894814274,0.08857142857142856,0.0,0.0,0.4057142857142857,17.054285714285715,0.004807692307692308,0.0,0.03640343820500887,0.08436634914903716,3.4615384615384617,0.0,0.0,0.15,0.08173076923076923,0,0.0746972969679452,0.23915241875693793,0.08415285422441794,0.2604724765195033,0.0,0.0,0.0,0.3,0.0,0.5603163154351172,0.3,0.08,0.0,0.5,0.25
435,0.9824705608214827,0.5288983461590553,0.8747349990889703,0.5184892678186663,0.23380311223024616,0.5431131475331612,0.7548076923076923,0.4140760616487843,0.4091839370297661,0.11057692307692307,0.44857142857142857,0.38689032673059304,0.39509841894814274,0.08857142857142856,0.0,0.0,0.4057142857142857,17.088571428571427,0.0,0.0,0.03640343820500887,0.08436634914903716,3.4615384615384617,0.0,0.0,0.15,0.08173076923076923,0,0.07432381048310548,0.23795665666315324,0.0824697971399296,0.25526302698911324,0.0,0.0,0.0,0.3,0.0,0.5603163154351172,0.3,0.08,0.0,0.5,0.25
436,0.9813784008174233,0.5299564729170159,0.8740859440008437,0.5191894439933243,0.23380311223024616,0.5434764298165494,0.7115384615384616,0.414268369341092,0.4093281677989969,0.11057692307692307,0.4228571428571429,0.38700461244487877,0.39518413323385704,0.08857142857142856,0.009615384615384616,0.005714285714285714,0.4057142857142857,17.091428571428573,0.009615384615384616,0.0,0.03640343820500887,0.08436634914903716,3.4615384615384617,0.0,0.0,0.15,0.08173076923076923,0,0.0748093342878328,0.24354968437925376,0.0865346869114167,0.25015776644933096,0.0,0.0,0.0,0.3,0.0,0.5603163154351172,0.3,0.08,0.009615384615384616,0.5,0.25
437,0.9800671737982847,0.5310284097510867,0.8733067005151841,0.5198627830319518,0.23380311223024616,0.543903153437645,0.6826923076923077,0.414268369341092,0.4093281677989969,0.11057692307692307,0.4057142857142857,0.38700461244487877,0.39518413323385704,0.08857142857142856,0.0,0.0,0.4057142857142857,17.125714285714285,0.004807692307692308,0.0,0.03640343820500887,0.08436634914903716,3.4615384615384617,0.0,0.0,0.15,0.08173076923076923,0,0.07443528761639363,0.2423319359573575,0.08480399317318836,0.24515461112034434,0.0,0.0,0.0,0.3,0.0,0.5603163154351172,0.3,0.08,0.0,0.5,0.25
438,0.9789150325534663,0.5323247471054473,0.8726219994325493,0.521041378281883,0.23380311223024616,0.5443403725743158,0.7067307692307693,0.4143645231872458,0.40940028318361227,0.11057692307692307,0.42,0.38706175530202164,0.3952269903767142,0.08857142857142856,0.004807692307692308,0.002857142857142857,0.4057142857142857,17.15714285714286,0.009615384615384616,0.0,0.03640343820500887,0.08436634914903716,3.4615384615384617,0.0,0.0,0.15,0.08173076923076923,0,0.0744916826068831,0.24112027627757068,0.08596505616686746,0.24106271935579543,0.0,0.0,0.0,0.3,0.0,0.5603163154351172,0.3,0.08,0.004807692307692308,0.5,0.25
439,0.9799649361929794,0.5333995858907598,0.8732459421668884,0.5215184617603806,0.23380311223024616,0.5446285252436345,0.7163461538461539,0.4143645231872458,0.40940028318361227,0.11057692307692307,0.4257142857142857,0.38706175530202164,0.3952269903767142,0.08857142857142856,0.0,0.0,0.4057142857142857,17.15714285714286,0.004807692307692308,0.0,0.03640343820500887,0.08436634914903716,3.4615384615384617,0.0,0.0,0.15,0.08173076923076923,0,0.07411922419384867,0.23991467489618284,0.08424575504353012,0.23624146496867954,0.0,0.0,0.0,0.3,0.0,0.5603163154351172,0.3,0.08,0.0,0.5,0.25
440,0.9795779631705686,0.5333187249628458,0.8730159696278555,0.5213882107357509,0.23380311223024616,0.5450063019682829,0.7163461538461539,0.4143645231872458,0.40940028318361227,0.11057692307692307,0.4257142857142857,0.38706175530202164,0.3952269903767142,0.08857142857142856,0.0,0.0,0.4057142857142857,17.145714285714284,0.004807692307692308,0.0,0.03640343820500887,0.08436634914903716,3.4615384615384617,0.0,0.0,0.15,0.08173076923076923,0,0.07374862807287944,0.23871510152170192,0.0825608399426595,0.23151663566930594,0.0,0.0,0.0,0.3,0.0,0.5603163154351172,0.3,0.08,0.0,0.5,0.25
441,0.9793517181938024,0.5342447739858028,0.8728815154702345,0.522153840957489,0.23380311223024616,0.5452511410754443,0.6442307692307693,0.41446067703339967,0.40947239856822765,0.11057692307692307,0.38285714285714284,0.38711889815916445,0.39526984751957134,0.08857142857142856,0.004807692307692308,0.002857142857142857,0.4057142857142857,17.122857142857143,0.0,0.0,0.03640343820500887,0.08436634914903716,3.4615384615384617,0.0,0.0,0.15,0.08173076923076923,0,0.07380845636108647,0.24320202411907335,0.08376676600094916,0.22834182056383126,0.0,0.0,0.0,0.3,0.0,0.5603163154351172,0.3,0.08,0.004807692307692308,0.5,0.25
442,0.9787739454443349,0.5348577894388094,0.8725381533791227,0.5224265309919701,0.23380311223024616,0.5454488576697496,0.6875,0.41455683087955353,0.409544513952843,0.11057692307692307,0.4085714285714286,0.3871760410163073,0.3953127046624284,0.08857142857142856,0.004807692307692308,0.002857142857142857,0.4057142857142857,17.13714285714286,0.0,0.0,0.03640343820500887,0.08436634914903716,3.4615384615384617,0.0,0.0,0.15,0.08173076923076923,0,0.07386798550785247,0.24926125265483148,0.08494857353807304,0.23447482736665193,0.0,0.0,0.0,0.3,0.0,0.5603163154351172,0.3,0.08,0.004807692307692308,0.5,0.25
443,0.9769395446314285,0.5346323321607973,0.8714479951817381,0.5219684852744002,0.23380311223024616,0.5456835590948445,0.7451923076923077,0.41455683087955353,0.409544513952843,0.11057692307692307,0.44285714285714284,0.3871760410163073,0.3953127046624284,0.08857142857142856,0.0,0.0,0.4057142857142857,17.15714285714286,0.004807692307692308,0.0,0.03640343820500887,0.08436634914903716,3.4615384615384617,0.0,0.0,0.15,0.08173076923076923,0,0.0734986455803132,0.24801494639155733,0.08324960206731159,0.22978533081931887,0.0,0.0,0.0,0.3,0.0,0.5603163154351172,0.3,0.08,0.0,0.5,0.25
444,0.9775227487167231,0.5355559120289096,0.8717945850381419,0.5223343482791684,0.23380311223024616,0.5458027978808087,0.7403846153846154,0.41455683087955353,0.409544513952843,0.11057692307692307,0.44,0.3871760410163073,0.3953127046624284,0.08857142857142856,0.0,0.0,0.4057142857142857,17.15714285714286,0.004807692307692308,0.0,0.03640343820500887,0.08436634914903716,3.4615384615384617,0.0,0.0,0.15,0.08173076923076923,0,0.07313115235241165,0.24677487165959952,0.08158461002596534,0.2251896242029325,0.0,0.0,0.0,0.3,0.0,0.5603163154351172,0.3,0.08,0.0,0.5,0.25
445,0.9765383462516758,0.5367881369604162,0.8712095687160565,0.5232880525066971,0.23380311223024616,0.5460552356388303,0.7211538461538461,0.41455683087955353,0.409544513952843,0.11057692307692307,0.42857142857142855,0.3871760410163073,0.3953127046624284,0.08857142857142856,0.0,0.0,0.4057142857142857,17.17142857142857,0.004807692307692308,0.0,0.03640343820500887,0.08436634914903716,3.4615384615384617,0.0,0.0,0.15,0.08173076923076923,0,0.07276549659064958,0.24554099730130152,0.07995291782544606,0.22068583171887385,0.0,0.0,0.0,0.3,0.0,0.5603163154351172,0.3,0.08,0.0,0.5,0.25
446,0.9763789857173535,0.5367316453651723,0.871114863027088,0.523211763461607,0.23380311223024616,0.5462724544573156,0.6826923076923077,0.4147491385718612,0.4096887447220738,0.11057692307692307,0.4057142857142857,0.387290326730593,0.3953984189481428,0.08857142857142856,0.009615384615384616,0.005714285714285714,0.4057142857142857,17.208571428571428,0.0,0.0,0.03640343820500887,0.08436634914903716,3.4615384615384617,0.0,0.0,0.15,0.08173076923076923,0,0.07325881196483917,0.2555810852980491,0.08406814518322284,0.2315272717271006,0.0,0.0,0.0,0.3,0.0,0.5603163154351172,0.3,0.08,0.009615384615384616,0.5,0.25
447,0.9781338328925291,0.5358399970933511,0.8721577436340494,0.5224476506400944,0.23380311223024616,0.5464329937868048,0.6634615384615384,0.4147491385718612,0.4096887447220738,0.11057692307692307,0.3942857142857143,0.387290326730593,0.3953984189481428,0.08857142857142856,0.0,0.0,0.4057142857142857,17.18857142857143,0.0,0.0,0.03640343820500887,0.08436634914903716,3.4615384615384617,0.0,0.0,0.15,0.08173076923076923,0,0.072892517905015,0.25430317987155887,0.08238678227955837,0.22689672629255858,0.0,0.0,0.0,0.3,0.0,0.5603163154351172,0.3,0.08,0.0,0.5,0.25
448,0.9776887877480411,0.5356568322059344,0.871893259662468,0.5228427569748483,0.23380311223024616,0.5465350010352142,0.6682692307692307,0.4149414462641689,0.4098329754913046,0.11057692307692307,0.39714285714285713,0.3874046124448788,0.395484133233857,0.08857142857142856,0.009615384615384616,0.005714285714285714,0.4057142857142857,17.15142857142857,0.0,0.0,0.03640343820500887,0.08436634914903716,3.4615384615384617,0.0,0.0,0.15,0.08173076923076923,0,0.07338519817263277,0.2530316639722011,0.08645333234825292,0.22903423547092477,0.0,0.0,0.0,0.3,0.0,0.5603163154351172,0.3,0.08,0.009615384615384616,0.5,0.25
449,0.976543379299878,0.5350901657302084,0.8712125597847025,0.5229261140816883,0.23380311223024616,0.5466092439897021,0.6730769230769231,0.41503760011032276,0.40990509087592,0.11057692307692307,0.4,0.3874617553020216,0.3955269903767142,0.08857142857142856,0.004807692307692308,0.002857142857142857,0.4057142857142857,17.177142857142858,0.0,0.0,0.03640343820500887,0.08436634914903716,3.4615384615384617,0.0,0.0,0.15,0.08173076923076923,0,0.07344684361034104,0.2517665056523401,0.08758140855843073,0.2264831287721545,0.0,0.0,0.0,0.3,0.0,0.5603163154351172,0.3,0.08,0.004807692307692308,0.5,0.25
