t,mean_x,mean_y,mean_x_all,mean_y_all,mean_L,y0,mean_epc,mean_r,mean_b,fund_prevalence,mean_epc_all,mean_r_all,mean_b_all,fund_prevalence_all,punish_rate,mean_punished,exit_rate,mean_exit_intent,exit_attempt_rate,exit_success_rate,p_opp_mean,stay_value,mean_degree_active,threat,A,budget,enforcer_frac,n_cadre_fallback,cap_mean,cap_p90,service_mean,service_p90,monopoly_on,enforcer_punish_share_step,alpha_punish_revalue,delta_outside_degrade,mu_membership_reward,current_delta,eta_delta_drift,punish_floor,punish_intensity_step,pi_reward,lam_punish
0,0.3372765214062478,0.4946238113112225,0.3372765214062478,0.4946238113112225,0.24899929058488912,0.5,0.0,0.32571491917163187,0.33885848004507796,0.005714285714285714,0.0,0.32571491917163187,0.33885848004507796,0.005714285714285714,0.0,0.0,0.0,0.0,0.0,0.0,0.5,0.0,11.794285714285714,0.0,0.0,0.0,0.0,0,0.0,0.0,0.0,0.0,0.0,0.0,0.0,0.3,0.0,0.3,0.3,0.08,0.0,0.05,0.25
1,0.3465977636274229,0.4944118665712613,0.3465977636274229,0.4944118665712613,0.24899929058488912,0.49607974450900505,0.5971428571428572,0.3268006334573462,0.33967276575936367,0.008571428571428572,0.5971428571428572,0.3268006334573462,0.33967276575936367,0.008571428571428572,0.03428571428571429,0.03428571428571429,0.0,0.04,0.0,0.0,0.022533885051333066,0.11836634914903713,11.794285714285714,0.0,0.0,0.15,0.08,28,0.005142857142857143,0.0,0.03428571428571429,0.0,0.0,0.9166666666666666,0.0,0.3,0.0,0.3,0.3,0.08,0.03428571428571429,0.05,0.25
2,0.3542605449472741,0.49403289836017805,0.3542605449472741,0.49403289836017805,0.24899929058488912,0.49052648978997737,0.8514285714285714,0.32805777631448907,0.34061562290222086,0.008571428571428572,0.8514285714285714,0.32805777631448907,0.34061562290222086,0.008571428571428572,0.037142857142857144,0.037142857142857144,0.0,0.03142857142857143,0.0,0.0,0.022533885051333066,0.11836634914903713,11.794285714285714,0.0,0.0,0.15,0.08,24,0.01068857142857143,0.0,0.07074285714285714,0.0,0.0,1.0,0.0,0.3,0.0,0.3,0.3,0.08,0.037142857142857144,0.05,0.25
3,0.3643753775794057,0.494423945584019,0.3643753775794057,0.494423945584019,0.24899929058488912,0.48489023254641933,0.9057142857142857,0.3293149191716319,0.341558480045078,0.008571428571428572,0.9057142857142857,0.3293149191716319,0.341558480045078,0.008571428571428572,0.03142857142857143,0.03142857142857143,0.0,0.03142857142857143,0.0,0.0,0.022533885051333066,0.11836634914903713,11.794285714285714,0.0,0.0,0.15,0.08,20,0.015349414285714284,0.0,0.10075657142857142,0.0,0.0,1.0,0.0,0.3,0.0,0.3,0.3,0.08,0.03142857142857143,0.05,0.25
4,0.3747074244888733,0.49404556152190643,0.3747074244888733,0.49404556152190643,0.24899929058488912,0.47977146316707364,0.9257142857142857,0.32977206202877474,0.34190133718793514,0.011428571428571429,0.9257142857142857,0.32977206202877474,0.34190133718793514,0.011428571428571429,0.011428571428571429,0.011428571428571429,0.0,0.02,0.0,0.0,0.022533885051333066,0.11836634914903713,11.794285714285714,0.0,0.0,0.15,0.08,18,0.01698695292857143,0.0,0.11017001142857144,0.0,0.0,1.0,0.0,0.3,0.0,0.3,0.3,0.08,0.011428571428571429,0.05,0.25
5,0.3833651740451835,0.4934271415009783,0.3833651740451835,0.4934271415009783,0.24899929058488912,0.47538662637524504,0.9028571428571428,0.33142920488591765,0.3431441943307923,0.014285714285714285,0.9028571428571428,0.33142920488591765,0.3431441943307923,0.014285714285714285,0.04285714285714286,0.04285714285714286,0.0,0.02,0.0,0.0,0.022533885051333066,0.11836634914903713,11.794285714285714,0.0,0.0,0.15,0.08,17,0.023330589592500003,0.0,0.15082375405714285,0.0,0.0,1.0,0.0,0.3,0.0,0.3,0.3,0.08,0.04285714285714286,0.05,0.25
6,0.39183197023576977,0.4931311073808713,0.39183197023576977,0.4931311073808713,0.24899929058488912,0.473652724330031,0.8971428571428571,0.3322863477430605,0.3437870514736494,0.014285714285714285,0.8971428571428571,0.3322863477430605,0.3437870514736494,0.014285714285714285,0.025714285714285714,0.025714285714285714,0.0,0.03428571428571429,0.0,0.0,0.022533885051333066,0.11836634914903713,11.794285714285714,0.0,0.0,0.15,0.08,14,0.02707107950168036,0.0,0.1735215646902857,0.0,0.0,0.8888888888888888,0.0,0.3,0.0,0.3,0.3,0.08,0.025714285714285714,0.05,0.25
7,0.40034947224490786,0.4927888147969036,0.40034947224490786,0.4927888147969036,0.24899929058488912,0.4720375965831734,0.8942857142857142,0.3334292048859176,0.3446441943307923,0.014285714285714285,0.8942857142857142,0.3334292048859176,0.3446441943307923,0.014285714285714285,0.025714285714285714,0.02857142857142857,0.0,0.03142857142857143,0.0,0.0,0.022533885051333066,0.11836634914903713,11.794285714285714,0.0,0.0,0.15,0.08,14,0.031221438389886242,0.0,0.19862256196790853,0.0,0.0,1.0,0.0,0.3,0.0,0.3,0.3,0.08,0.025714285714285714,0.05,0.25
8,0.40931418839498407,0.49208669971339664,0.40931418839498407,0.49208669971339664,0.24899929058488912,0.4706142960845275,0.8942857142857142,0.334057776314489,0.34511562290222086,0.014285714285714285,0.8942857142857142,0.334057776314489,0.34511562290222086,0.014285714285714285,0.03142857142857143,0.03142857142857143,0.0,0.04,0.0,0.0,0.022533885051333066,0.11836634914903713,11.794285714285714,0.0,0.0,0.15,0.08,13,0.03577961691222253,0.0,0.2260786821571218,0.0,0.0,0.8181818181818182,0.0,0.3,0.0,0.3,0.3,0.08,0.03142857142857143,0.05,0.25
9,0.4178673271345286,0.4923245668604673,0.4178673271345286,0.4923245668604673,0.24899929058488912,0.46958353608603626,0.8657142857142858,0.3360006334573462,0.34647160850270364,0.011428571428571429,0.8657142857142858,0.3360006334573462,0.34647160850270364,0.011428571428571429,0.05714285714285714,0.06285714285714286,0.0,0.05142857142857143,0.0,0.0,0.022533885051333066,0.11836634914903713,11.794285714285714,0.0,0.0,0.15,0.08,13,0.04502929025623284,0.0,0.28441425137112225,0.0,0.0,0.9090909090909091,0.0,0.3,0.0,0.3,0.3,0.08,0.05714285714285714,0.05,0.25
10,0.42765630846587716,0.4923503395943348,0.42765630846587716,0.4923503395943348,0.24899929058488912,0.46885779767234925,0.8742857142857143,0.33696997064683626,0.34724303707413223,0.017142857142857144,0.8742857142857143,0.33696997064683626,0.34724303707413223,0.017142857142857144,0.03142857142857143,0.03428571428571429,0.0,0.05142857142857143,0.0,0.0,0.022533885051333066,0.11836634914903713,11.794285714285714,0.0,0.0,0.15,0.08,10,0.049777709095926416,0.0,0.31301168062941404,0.0,0.0,0.9166666666666666,0.0,0.3,0.0,0.3,0.3,0.08,0.03142857142857143,0.05,0.25
11,0.4366959145302769,0.49255585129336527,0.4366959145302769,0.49255585129336527,0.24899929058488912,0.46913241635947256,0.9028571428571428,0.3383323979195866,0.34822875135984654,0.02,0.9028571428571428,0.3383323979195866,0.34822875135984654,0.02,0.05142857142857143,0.05142857142857143,0.0,0.05142857142857143,0.0,0.0,0.022533885051333066,0.11836634914903713,11.794285714285714,0.0,0.0,0.15,0.08,9,0.056678410711787634,0.0,0.35818001844539726,0.0,0.0,0.9444444444444444,0.0,0.3,0.0,0.3,0.3,0.08,0.05142857142857143,0.05,0.25
12,0.44445374240817387,0.4922963942893609,0.44445374240817387,0.4922963942893609,0.24899929058488912,0.46927554489060375,0.9057142857142857,0.3395055650877195,0.3494107860915269,0.02,0.9057142857142857,0.3395055650877195,0.3494107860915269,0.02,0.05714285714285714,0.06,0.0,0.06571428571428571,0.0,0.0,0.022533885051333066,0.11836634914903713,11.794285714285714,0.0,0.0,0.15,0.08,6,0.06419487580108584,0.0,0.4110164180764892,0.0,0.0,0.9047619047619048,0.0,0.3,0.0,0.3,0.3,0.08,0.05714285714285714,0.05,0.25
13,0.4523689864766424,0.49170999483729155,0.4523689864766424,0.49170999483729155,0.24899929058488912,0.46944167151023897,0.9114285714285715,0.3404551090439558,0.35026792894866976,0.02,0.9114285714285715,0.3404551090439558,0.35026792894866976,0.02,0.03142857142857143,0.03142857142857143,0.0,0.08857142857142856,0.0,0.0,0.022533885051333066,0.11836634914903713,11.794285714285714,0.0,0.0,0.15,0.08,6,0.06742329033236127,0.0,0.43422466114353075,0.0,0.0,1.0,0.0,0.3,0.0,0.3,0.3,0.08,0.03142857142857143,0.05,0.25
14,0.4627390901478402,0.49064618951975897,0.4627390901478402,0.49064618951975897,0.24899929058488912,0.4693910342770252,0.9114285714285715,0.3410354777125804,0.3511679289486697,0.02,0.9114285714285715,0.3410354777125804,0.3511679289486697,0.02,0.05142857142857143,0.05142857142857143,0.0,0.08857142857142856,0.0,0.0,0.022533885051333066,0.11836634914903713,11.794285714285714,0.0,0.0,0.15,0.08,5,0.07234317388069948,0.01405372039320025,0.4769687393492317,0.07690223892602786,0.0,0.8888888888888888,0.0,0.3,0.0,0.3,0.3,0.08,0.05142857142857143,0.05,0.25
15,0.4715909268348062,0.49018919884581885,0.4715909268348062,0.49018919884581885,0.24899929058488912,0.4690470556725056,0.8971428571428571,0.34206404914115185,0.35220843019752024,0.025714285714285714,0.8971428571428571,0.34206404914115185,0.35220843019752024,0.025714285714285714,0.05142857142857143,0.054285714285714284,0.0,0.09714285714285714,0.0,0.0,0.022533885051333066,0.11836634914903713,11.794285714285714,0.0,0.0,0.15,0.08,5,0.07712120784766993,0.14011771807806625,0.5217150788479613,0.7599850280161676,0.0,0.9473684210526315,0.0,0.3,0.0,0.3,0.3,0.08,0.05142857142857143,0.05,0.25
16,0.481812853214846,0.4898867930269421,0.481812853214846,0.4898867930269421,0.24899929058488912,0.4694589553258043,0.9085714285714286,0.34314115340515333,0.35306557305466313,0.025714285714285714,0.9085714285714286,0.34314115340515333,0.35306557305466313,0.025714285714285714,0.04857142857142857,0.05142857142857143,0.0,0.09142857142857143,0.0,0.0,0.022533885051333066,0.11836634914903713,11.794285714285714,0.0,0.0,0.15,0.08,5,0.08036374537986013,0.14202452023180137,0.5627093486995735,0.8023654963635712,0.0,1.0,0.0,0.3,0.0,0.3,0.3,0.08,0.04857142857142857,0.05,0.25
17,0.49275044572941007,0.4888658462418743,0.49275044572941007,0.4888658462418743,0.24899929058488912,0.4697781426736198,0.92,0.34370043044368964,0.35396557305466314,0.025714285714285714,0.92,0.34370043044368964,0.35396557305466314,0.025714285714285714,0.045714285714285714,0.05142857142857143,0.0,0.1,0.0,0.0,0.022533885051333066,0.11836634914903713,11.794285714285714,0.0,0.0,0.15,0.08,5,0.08350478379581798,0.14209621195017821,0.6028837331541534,0.8040329918878318,0.0,0.9444444444444444,0.0,0.3,0.0,0.3,0.3,0.08,0.045714285714285714,0.05,0.25
18,0.5020252877642817,0.48938487061415387,0.5020252877642817,0.48938487061415387,0.24899929058488912,0.47010597927273706,0.92,0.34455757330083253,0.35486557305466315,0.025714285714285714,0.92,0.34455757330083253,0.35486557305466315,0.025714285714285714,0.05142857142857143,0.054285714285714284,0.0,0.10857142857142857,0.002857142857142857,0.0,0.022533885051333066,0.11836634914903713,11.794285714285714,0.0,0.0,0.15,0.08,5,0.08948159167980224,0.14417637058482624,0.6451117727767846,0.8524992736482793,0.0,0.8421052631578947,0.0,0.3,0.0,0.3,0.3,0.08,0.05142857142857143,0.05,0.25
19,0.510843645489239,0.48870627980907516,0.510843645489239,0.48870627980907516,0.24899929058488912,0.470109005332073,0.8771428571428571,0.34564499017814704,0.35593700162609176,0.03142857142857143,0.8771428571428571,0.34564499017814704,0.35593700162609176,0.03142857142857143,0.06,0.06,0.0,0.13428571428571429,0.002857142857142857,0.0,0.022533885051333066,0.11836634914903713,11.794285714285714,0.0,0.0,0.15,0.08,4,0.09473623538426519,0.14417637058482624,0.6922095373212489,0.8524992736482793,0.0,0.9523809523809523,0.0,0.3,0.0,0.3,0.3,0.08,0.06,0.05,0.25
20,0.519263297465195,0.48817682033597815,0.519263297465195,0.48817682033597815,0.24899929058488912,0.47028180602127867,0.9171428571428571,0.346444990178147,0.3573577748010864,0.037142857142857144,0.9171428571428571,0.346444990178147,0.3573577748010864,0.037142857142857144,0.05714285714285714,0.05714285714285714,0.0,0.12857142857142856,0.002857142857142857,0.0,0.022533885051333066,0.11836634914903713,11.794285714285714,0.0,0.0,0.15,0.08,4,0.09856246588393572,0.14345548873190211,0.735508203717681,0.8354492881753136,0.0,1.0,0.0,0.3,0.0,0.3,0.3,0.08,0.05714285714285714,0.05,0.25
21,0.528334296850089,0.48731125209652887,0.528334296850089,0.48731125209652887,0.24899929058488912,0.4707834740633235,0.9028571428571428,0.34718784732100416,0.3585534888621297,0.037142857142857144,0.9028571428571428,0.34718784732100416,0.3585534888621297,0.037142857142857144,0.06285714285714286,0.06571428571428571,0.0,0.16285714285714287,0.002857142857142857,0.0,0.022533885051333066,0.11836634914903713,11.794285714285714,0.0,0.0,0.15,0.08,4,0.10218365355451602,0.1427382112882426,0.7865123253576133,0.8187403024118074,0.0,1.0,0.0,0.3,0.0,0.3,0.3,0.08,0.06285714285714286,0.05,0.25
22,0.5359963907316394,0.4869874098863435,0.5359963907316394,0.4869874098863435,0.24899929058488912,0.4712715733215468,0.9257142857142857,0.3471518153498803,0.3589820602907011,0.04,0.9257142857142857,0.3471518153498803,0.3589820602907011,0.04,0.045714285714285714,0.045714285714285714,0.0,0.2,0.002857142857142857,0.0,0.022533885051333066,0.11836634914903713,11.794285714285714,0.0,0.0,0.15,0.08,4,0.10398702100102915,0.14266651956986576,0.8164963645647466,0.8170728068875467,0.0,0.9375,0.0,0.3,0.0,0.3,0.3,0.08,0.045714285714285714,0.05,0.25
23,0.5447669004655913,0.48664702700034224,0.5447669004655913,0.48664702700034224,0.24899929058488912,0.4717742045438755,0.8885714285714286,0.34811145601474397,0.360139203147844,0.04285714285714286,0.8885714285714286,0.34811145601474397,0.360139203147844,0.04285714285714286,0.08,0.08285714285714285,0.0,0.25142857142857145,0.005714285714285714,0.0,0.014714425345416506,0.11836634914903713,11.794285714285714,0.0,0.0,0.15,0.08,4,0.10771252621936075,0.14345548873190211,0.8830235801305946,0.8354492881753136,0.0,0.9310344827586207,0.0,0.3,0.0,0.51,0.3,0.08,0.08,0.05,0.25
24,0.5527649706180628,0.4873271047936925,0.5527649706180628,0.4873271047936925,0.24899929058488912,0.4721868798367449,0.8971428571428571,0.34887563604273897,0.36125094308203937,0.045714285714285714,0.8971428571428571,0.34887563604273897,0.36125094308203937,0.045714285714285714,0.06857142857142857,0.06857142857142857,0.0,0.26,0.005714285714285714,0.0,0.014714425345416506,0.11836634914903713,11.794285714285714,0.0,0.0,0.15,0.08,3,0.10956442376644646,0.14345548873190211,0.9339345370994111,0.8354492881753136,0.0,0.9583333333333334,0.0,0.3,0.0,0.51,0.3,0.08,0.06857142857142857,0.05,0.25
25,0.5614273265738384,0.48785931124854515,0.5614273265738384,0.48785931124854515,0.24899929058488912,0.4724842765696059,0.9228571428571428,0.35045049522856603,0.36290746503478805,0.045714285714285714,0.9228571428571428,0.35045049522856603,0.36290746503478805,0.045714285714285714,0.09142857142857143,0.09714285714285714,0.0,0.2857142857142857,0.005714285714285714,0.0,0.00985037766009259,0.11836634914903713,11.794285714285714,0.0,0.0,0.15,0.08,2,0.11567331873482568,0.14281026326651078,1.0123987035002802,0.8204418284569713,0.0,1.0,0.0,0.3,0.0,0.657,0.3,0.08,0.09142857142857143,0.05,0.25
26,0.5714883928135083,0.48792162351403523,0.5714883928135083,0.48792162351403523,0.24899929058488912,0.47250576490610574,0.9085714285714286,0.3507649562827451,0.36393603646335954,0.04857142857142857,0.9085714285714286,0.3507649562827451,0.36393603646335954,0.04857142857142857,0.07714285714285714,0.08285714285714285,0.0,0.32,0.008571428571428572,0.0,0.00985037766009259,0.11836634914903713,11.794285714285714,0.0,0.0,0.15,0.08,0,0.11675195214115157,0.14345548873190211,1.0750078722874172,0.8354492881753136,0.0,0.9655172413793104,0.0,0.3,0.0,0.657,0.3,0.08,0.07714285714285714,0.05,0.25
27,0.5789793626122738,0.48777908128110176,0.5789793626122738,0.48777908128110176,0.24899929058488912,0.47292786354462246,0.8771428571428571,0.35115213156115077,0.3650503221776452,0.04857142857142857,0.8771428571428571,0.35115213156115077,0.3650503221776452,0.04857142857142857,0.05714285714285714,0.06285714285714286,0.0,0.38285714285714284,0.008571428571428572,0.0,0.00985037766009259,0.11836634914903713,11.794285714285714,0.0,0.0,0.15,0.08,0,0.11745290809473151,0.1427382112882426,1.1163648576988119,0.8187403024118074,0.0,1.0,0.0,0.3,0.0,0.657,0.3,0.08,0.05714285714285714,0.05,0.25
28,0.5876688948507175,0.48765176187923226,0.5876688948507175,0.48765176187923226,0.24899929058488912,0.473352839898958,0.8914285714285715,0.35183784584686506,0.3661908827875386,0.05142857142857143,0.8914285714285715,0.35183784584686506,0.3661908827875386,0.05142857142857143,0.06,0.06,0.0,0.37142857142857144,0.008571428571428572,0.0,0.00985037766009259,0.11836634914903713,11.794285714285714,0.0,0.0,0.15,0.08,0,0.12066521498282928,0.1427382112882426,1.1540375605448356,0.8187403024118074,0.0,0.9523809523809523,0.0,0.3,0.0,0.657,0.3,0.08,0.06,0.05,0.25
29,0.5966487266590534,0.48685825933641697,0.5966487266590534,0.48685825933641697,0.24899929058488912,0.47374261649363636,0.8742857142857143,0.3524092744182936,0.36776956834176366,0.05142857142857143,0.8742857142857143,0.3524092744182936,0.36776956834176366,0.05142857142857143,0.07428571428571429,0.08857142857142856,0.0,0.44,0.011428571428571429,0.0,0.00985037766009259,0.11836634914903713,11.794285714285714,0.0,0.0,0.15,0.08,0,0.12271817533648659,0.14202452023180137,1.2195282379053674,0.8023654963635712,0.0,1.0,0.0,0.3,0.0,0.657,0.3,0.08,0.07428571428571429,0.05,0.25
30,0.6033891629879505,0.4864984883686321,0.6033891629879505,0.4864984883686321,0.24899929058488912,0.4740151437631678,0.8714285714285714,0.3524092744182936,0.3682838540560494,0.05142857142857143,0.8714285714285714,0.3524092744182936,0.3682838540560494,0.05142857142857143,0.07142857142857142,0.07714285714285714,0.0,0.4714285714285714,0.011428571428571429,0.0,0.00985037766009259,0.11836634914903713,11.794285714285714,0.0,0.0,0.15,0.08,0,0.12341787302766127,0.1421682639284464,1.272280530290117,0.8057345179329959,0.0,0.9629629629629629,0.0,0.3,0.0,0.657,0.3,0.08,0.07142857142857142,0.05,0.25
31,0.6112984379944297,0.4867051183691276,0.6112984379944297,0.4867051183691276,0.24899929058488912,0.47422328805049085,0.88,0.3529780537024777,0.36942716212989385,0.05142857142857143,0.88,0.3529780537024777,0.36942716212989385,0.05142857142857143,0.08,0.09714285714285714,0.0,0.5285714285714286,0.011428571428571429,0.0,0.006696511667776246,0.11836634914903713,11.794285714285714,0.0,0.0,0.15,0.08,0,0.1251376480535574,0.14145742260880415,1.3439777768271721,0.7896198275743359,0.0,1.0,0.0,0.3,0.0,0.7599,0.3,0.08,0.08,0.05,0.25
32,0.6204573460705715,0.4864963985920955,0.6204573460705715,0.4864963985920955,0.24899929058488912,0.4743310732110306,0.88,0.3533209108453349,0.3702729656188731,0.04857142857142857,0.88,0.3533209108453349,0.3702729656188731,0.04857142857142857,0.07142857142857142,0.07714285714285714,0.0,0.5714285714285714,0.011428571428571429,0.0,0.006696511667776246,0.11836634914903713,11.794285714285714,0.0,0.0,0.15,0.08,0,0.12788324552757532,0.14338343675363394,1.3942410784334855,0.8337477621301497,0.0,0.9259259259259259,0.0,0.3,0.0,0.7599,0.3,0.08,0.07142857142857142,0.05,0.25
33,0.6271902131328483,0.4864945578919689,0.6271902131328483,0.4864945578919689,0.24899929058488912,0.47442224787429654,0.9085714285714286,0.35354948227390626,0.37080171160100595,0.05142857142857143,0.9085714285714286,0.35354948227390626,0.37080171160100595,0.05142857142857143,0.07714285714285714,0.08285714285714285,0.0,0.6257142857142857,0.014285714285714285,0.0,0.006696511667776246,0.11836634914903713,11.794285714285714,0.0,0.0,0.15,0.08,0,0.12932911501422317,0.1427382112882426,1.449213399721959,0.8187403024118074,0.0,0.9655172413793104,0.0,0.3,0.0,0.7599,0.3,0.08,0.07714285714285714,0.05,0.25
34,0.6364776045096344,0.48706167968974895,0.6364776045096344,0.48706167968974895,0.24899929058488912,0.47446631210097334,0.9085714285714286,0.35372091084533486,0.3709302830295774,0.05142857142857143,0.9085714285714286,0.35372091084533486,0.3709302830295774,0.05142857142857143,0.04,0.04285714285714286,0.0,0.7,0.022857142857142857,0.0,0.006696511667776246,0.11836634914903713,11.794285714285714,0.0,0.0,0.15,0.08,0,0.13025346943915203,0.14281026326651078,1.4630862745846622,0.8204418284569713,0.0,0.9333333333333333,0.0,0.3,0.0,0.7599,0.3,0.08,0.04,0.05,0.25
35,0.6452983975703822,0.48655206166395365,0.6452983975703822,0.48655206166395365,0.24899929058488912,0.4744276681641907,0.8942857142857142,0.353663767988192,0.37129389593578244,0.05142857142857143,0.8942857142857142,0.353663767988192,0.37129389593578244,0.05142857142857143,0.06285714285714286,0.06285714285714286,0.0,0.7342857142857143,0.025714285714285714,0.0,0.006696511667776246,0.11836634914903713,11.794285714285714,0.0,0.0,0.15,0.08,0,0.13177234637767057,0.14497401861610854,1.4966816919501122,0.8717050596020486,0.0,0.9090909090909091,0.0,0.3,0.0,0.7599,0.3,0.08,0.06285714285714286,0.05,0.25
36,0.6529552193234466,0.48591961896485697,0.6529552193234466,0.48591961896485697,0.24899929058488912,0.47443510208670475,0.86,0.354463767988192,0.37215103879292527,0.054285714285714284,0.86,0.354463767988192,0.37215103879292527,0.054285714285714284,0.07428571428571429,0.09428571428571429,0.0,0.7971428571428572,0.025714285714285714,0.0,0.006696511667776246,0.11836634914903713,11.794285714285714,0.0,0.0,0.15,0.08,0,0.1343179926266648,0.14424914852302798,1.5610337723968242,0.8542709584100077,0.0,1.0,0.0,0.3,0.0,0.7599,0.3,0.08,0.07428571428571429,0.05,0.25
37,0.6598140648517478,0.4868334493555769,0.6598140648517478,0.4868334493555769,0.24899929058488912,0.47467402712740026,0.8314285714285714,0.3552066251310491,0.37302445163732173,0.05714285714285714,0.8314285714285714,0.3552066251310491,0.37302445163732173,0.05714285714285714,0.07714285714285714,0.08285714285714285,0.0,0.8742857142857143,0.025714285714285714,0.0,0.006696511667776246,0.11836634914903713,11.794285714285714,0.0,0.0,0.15,0.08,0,0.13701768837781722,0.14352790278041283,1.6126702398060304,0.8371855392418075,0.0,1.0,0.0,0.3,0.0,0.7599,0.3,0.08,0.07714285714285714,0.05,0.25
38,0.669112823595525,0.4869832873977426,0.6690516309735366,0.4867412951393075,0.24899929058488912,0.47510844101250954,0.8510028653295129,0.3559876223199971,0.3735809572915637,0.05730659025787966,0.8485714285714285,0.3555494822739063,0.3733673087801788,0.05714285714285714,0.08022922636103152,0.09428571428571429,0.002857142857142857,0.9142857142857143,0.025787965616045846,0.002857142857142857,0.004598959435252106,0.11836634914903713,11.759312320916905,0.0,0.0,0.15,0.08022922636103152,0,0.1381035999359281,0.14424914852302798,1.6747025492956238,0.8542709584100077,0.0,0.9696969696969697,0.0,0.3,0.0,0.8319300000000001,0.3,0.08,0.08285714285714285,0.05,0.25
39,0.678363444497562,0.48724671229933914,0.6782758215301393,0.487008045547741,0.24899929058488912,0.47558635076398653,0.8567335243553008,0.35606795503951477,0.3738889289767765,0.05730659025787966,0.8542857142857143,0.35562958547136825,0.37367440054629103,0.05714285714285714,0.06303724928366762,0.07428571428571429,0.002857142857142857,0.96,0.025787965616045846,0.0,0.00460058322359388,0.11836634914903713,11.759312320916905,0.0,0.0,0.15,0.08022922636103152,0,0.13864151050767703,0.14490087495962437,1.715494212595426,0.8698972180084482,0.0,0.9615384615384616,0.0,0.3,0.0,0.8319300000000001,0.3,0.08,0.06303724928366762,0.05,0.25
40,0.6869766918636455,0.4866867900721803,0.686864459618034,0.4864301196858498,0.24899929058488912,0.47605275719685036,0.8710601719197708,0.35641179458106204,0.3742718077798065,0.06017191977077364,0.8685714285714285,0.3559724426142254,0.3740561854098837,0.06,0.0659025787965616,0.08,0.002857142857142857,1.0514285714285714,0.03151862464183381,0.0,0.00460058322359388,0.11836634914903713,11.759312320916905,0.0,0.0,0.15,0.08022922636103152,0,0.13922944222579425,0.14417637058482624,1.7611843283435171,0.8524992736482793,0.0,1.0,0.0,0.3,0.0,0.8319300000000001,0.3,0.08,0.0659025787965616,0.05,0.25
41,0.6949925173716901,0.4863740295735188,0.694857382767484,0.48612701782044043,0.24899929058488912,0.4767971826133206,0.8452722063037249,0.356927553893383,0.37465862726404725,0.06017191977077364,0.8428571428571429,0.356486728328511,0.37444189969559805,0.06,0.09169054441260745,0.09714285714285714,0.002857142857142857,1.1514285714285715,0.034383954154727794,0.0,0.003178226687288611,0.11836634914903713,11.759312320916905,0.0,0.0,0.15,0.08022922636103152,0,0.1427330093003796,0.14490087495962437,1.823103498919504,0.8698972180084482,0.0,0.9411764705882353,0.0,0.3,0.0,0.882351,0.3,0.08,0.09169054441260745,0.05,0.25
42,0.7018911867911743,0.4855541578948767,0.7017363417029127,0.4852816822776065,0.24899929058488912,0.47745560296734796,0.8510028653295129,0.35761523297647757,0.37517438657636815,0.06303724928366762,0.8485714285714285,0.35717244261422537,0.3749561854098838,0.06285714285714286,0.08595988538681948,0.1,0.002857142857142857,1.2571428571428571,0.03724928366762178,0.0,0.0022048377214696695,0.11836634914903713,11.759312320916905,0.0,0.0,0.15,0.08022922636103152,0,0.14596091853602053,0.14482809702142263,1.8866414289411138,0.8681255332467198,0.0,0.9714285714285714,0.0,0.3,0.0,0.9176457,0.3,0.08,0.08595988538681948,0.05,0.25
43,0.7087293649795217,0.48558419285912907,0.7085549822392934,0.4853300038227607,0.24899929058488912,0.4780838211100888,0.830945558739255,0.35836021864983,0.37573312583138246,0.06303724928366762,0.8285714285714286,0.3579152997570825,0.3755133282670267,0.06285714285714286,0.09455587392550144,0.10857142857142857,0.002857142857142857,1.3171428571428572,0.03724928366762178,0.0,0.001533875304371314,0.11836634914903713,11.759312320916905,0.0,0.0,0.15,0.08022922636103152,0,0.14914468608619758,0.14410395653631553,1.95748002893372,0.8507630225817854,0.0,1.0,0.0,0.3,0.0,0.94235199,0.3,0.08,0.09455587392550144,0.05,0.25
44,0.7169551187326211,0.485824149092962,0.7167572338388125,0.4855988910090218,0.24899929058488912,0.47876804715728777,0.7793696275071633,0.35933443068421395,0.37643103326909855,0.0659025787965616,0.7771428571428571,0.35888672832851104,0.3762092416834922,0.06571428571428571,0.11174785100286533,0.1457142857142857,0.002857142857142857,1.4114285714285715,0.04011461318051576,0.0,0.0010691365660175421,0.11836634914903713,11.759312320916905,0.0,0.0,0.15,0.08022922636103152,0,0.15286983830143097,0.14360068071861457,2.0640447140693317,0.8389572240035359,0.0,0.9607843137254902,0.0,0.3,0.0,0.959646393,0.3,0.08,0.11174785100286533,0.05,0.25
45,0.7251304271765737,0.4851779920879378,0.7249091842586395,0.4849470238043323,0.24899929058488912,0.4792568372467897,0.7965616045845272,0.3597774323361521,0.37671147263273824,0.0659025787965616,0.7942857142857143,0.35932846426144366,0.3764888797918072,0.06571428571428571,0.09169054441260745,0.10857142857142857,0.002857142857142857,1.48,0.04297994269340974,0.0,0.0007461818358675522,0.11836634914903713,11.759312320916905,0.0,0.0,0.15,0.08022922636103152,0,0.15253406053849522,0.1428826773150215,2.1313352483593735,0.8221780795234651,0.0,1.0,0.0,0.3,0.0,0.9717524751,0.3,0.08,0.09169054441260745,0.05,0.25
46,0.7329877630897319,0.484224856009807,0.732744070640617,0.48400251848170855,0.24899929058488912,0.47962934860428513,0.7707736389684814,0.36077548933591813,0.37735617177313946,0.0659025787965616,0.7685714285714286,0.36032366966978185,0.3771317369346643,0.06571428571428571,0.1318051575931232,0.1457142857142857,0.002857142857142857,1.6028571428571428,0.05157593123209169,0.0,0.000521252249783309,0.11836634914903713,11.759312320916905,0.0,0.0,0.15,0.08022922636103152,0,0.15506174931282454,0.14417637058482624,2.2344228291064714,0.8524992736482793,0.0,0.9803921568627451,0.0,0.3,0.0,0.9802267325699999,0.3,0.08,0.1318051575931232,0.05,0.25
47,0.7416871745210295,0.48428739600133003,0.7414186266106825,0.48407002945504407,0.24899929058488912,0.47975505711826166,0.8080229226361032,0.3615204750092706,0.37773980088964976,0.0659025787965616,0.8057142857142857,0.36106652681263895,0.37751426996798465,0.06571428571428571,0.09455587392550144,0.1,0.002857142857142857,1.7142857142857142,0.054441260744985676,0.0,0.00036435311657556055,0.11836634914903713,11.759312320916905,0.0,0.0,0.15,0.08022922636103152,0,0.15640058342340332,0.14424914852302798,2.2897343725243418,0.8542709584100077,0.0,0.9714285714285714,0.0,0.3,0.0,0.9861587127989999,0.3,0.08,0.09455587392550144,0.05,0.25
48,0.7498889061526598,0.4837034164167419,0.7495969247233653,0.4835123754101559,0.24899929058488912,0.47986217363681094,0.7965616045845272,0.3621464298796962,0.3785134398581312,0.0659025787965616,0.7942857142857143,0.3616906932405776,0.3782856985394132,0.06571428571428571,0.10315186246418338,0.13142857142857142,0.002857142857142857,1.7714285714285714,0.06017191977077364,0.0,0.00025479181713114235,0.11836634914903713,11.759312320916905,0.0,0.0,0.15,0.08022922636103152,0,0.15767386978842912,0.14352790278041283,2.3753682565024263,0.8371855392418075,0.0,1.0,0.0,0.3,0.0,0.9903110989592999,0.3,0.08,0.10315186246418338,0.05,0.25
49,0.7562646419996293,0.4830147768418769,0.7559544441822007,0.48281642069484826,0.24899929058488912,0.4800035926961747,0.7679083094555874,0.36191720351866463,0.37855641980082466,0.0659025787965616,0.7657142857142857,0.3614621218120062,0.3783285556822705,0.06571428571428571,0.08022922636103152,0.11428571428571428,0.002857142857142857,1.8714285714285714,0.0659025787965616,0.0,0.00017822952984081013,0.11836634914903713,11.759312320916905,0.0,0.0,0.15,0.08022922636103152,0,0.15883260823044398,0.14417637058482624,2.4421466056580923,0.8524992736482793,0.0,0.95,0.0,0.3,0.0,0.99321776927151,0.3,0.08,0.08022922636103152,0.05,0.25
50,0.7640845023292574,0.48294857215860876,0.7637519620537441,0.4827885905505564,0.24899929058488912,0.4802024555652675,0.7335243553008596,0.36191720351866463,0.378814299456985,0.0659025787965616,0.7314285714285714,0.3614621218120062,0.37858569853941326,0.06571428571428571,0.08595988538681948,0.10857142857142857,0.002857142857142857,1.9885714285714287,0.06876790830945559,0.0,0.00012469967950120466,0.11836634914903713,11.759312320916905,0.0,0.0,0.15,0.08022922636103152,0,0.15943801661786317,0.14424914852302798,2.501875102116359,0.8542709584100077,0.0,0.9736842105263158,0.0,0.3,0.0,0.995252438490057,0.3,0.08,0.08595988538681948,0.05,0.25
51,0.7715625159539647,0.48336981978140364,0.771208609925238,0.4831882270484607,0.24899929058488912,0.48040676836971186,0.7679083094555874,0.3621464298796962,0.37898621922775866,0.0659025787965616,0.7657142857142857,0.3616906932405776,0.3787571271108418,0.06571428571428571,0.09742120343839542,0.11142857142857143,0.002857142857142857,2.1,0.06876790830945559,0.0,8.725993517077068e-05,0.11836634914903713,11.759312320916905,0.0,0.0,0.15,0.08022922636103152,0,0.16089739796334526,0.14519566231928044,2.5632661715026033,0.87735297992205,0.0,0.9743589743589743,0.0,0.3,0.0,0.9966767069430399,0.3,0.08,0.09742120343839542,0.05,0.25
52,0.7764915766434323,0.48387162075231294,0.7761235875841641,0.4836745441284234,0.24899929058488912,0.4805931373179768,0.7478510028653295,0.36231834965046983,0.379496394352839,0.0659025787965616,0.7457142857142857,0.3618621218120062,0.37926584459270757,0.06571428571428571,0.09455587392550144,0.11714285714285715,0.002857142857142857,2.217142857142857,0.07736389684813753,0.0,6.10673483058684e-05,0.11836634914903713,11.759312320916905,0.0,0.0,0.15,0.08022922636103152,0,0.16245850185282998,0.14776123124999999,2.6291437052154087,0.9411919999999999,0.0,0.975609756097561,0.0,0.3,0.0,0.9976736948601279,0.3,0.08,0.09455587392550144,0.05,0.25
53,0.7815291827696152,0.48410655222943555,0.7811468005499868,0.48393055922100187,0.24899929058488912,0.48087986375913266,0.7621776504297995,0.36254757601150134,0.3796683141236126,0.0659025787965616,0.76,0.36209069324057763,0.3794372731641361,0.06571428571428571,0.1174785100286533,0.14,0.002857142857142857,2.342857142857143,0.08022922636103152,0.0,4.273999204040644e-05,0.11836634914903713,11.759312320916905,0.0,0.0,0.15,0.08022922636103152,0,0.16404521005785155,0.147096305709375,2.7165608311111,0.9242505440000003,0.0,0.9795918367346939,0.0,0.3,0.0,0.9983715864020896,0.3,0.08,0.1174785100286533,0.05,0.25
54,0.7881024571083952,0.4847544099083673,0.7877012941049413,0.48460820612488403,0.24899929058488912,0.4811479144328586,0.7392550143266475,0.3624329628309856,0.379711294066306,0.0659025787965616,0.7371428571428571,0.3619764075262919,0.37948013030699324,0.06571428571428571,0.09455587392550144,0.13142857142857142,0.002857142857142857,2.454285714285714,0.08595988538681948,0.0,2.991449188299395e-05,0.11836634914903713,11.759312320916905,0.0,0.0,0.15,0.08022922636103152,0,0.164196269721848,0.147096305709375,2.7936581859174496,0.9242505440000003,0.0,0.9782608695652174,0.0,0.3,0.0,0.9988601104814627,0.3,0.08,0.09455587392550144,0.05,0.25
55,0.793496438893104,0.4841228957137862,0.7930798645131225,0.48398247095980473,0.24899929058488912,0.4813887727419686,0.7220630372492837,0.3627768023725329,0.38022705337862694,0.06876790830945559,0.72,0.3623192646691491,0.379994416021279,0.06857142857142857,0.11174785100286533,0.12857142857142856,0.002857142857142857,2.5542857142857143,0.08595988538681948,0.0,2.0938428696250192e-05,0.11836634914903713,11.759312320916905,0.0,0.0,0.15,0.08022922636103152,0,0.1652315755160959,0.147096305709375,2.866356450770529,0.9242505440000003,0.0,0.9777777777777777,0.0,0.3,0.0,0.9992020773370239,0.3,0.08,0.11174785100286533,0.05,0.25
56,0.8000493470384784,0.4836274709845579,0.7996140500637958,0.48349833260365044,0.24899929058488912,0.4816197551626493,0.7134670487106017,0.3630182266134751,0.3808182557101188,0.06876790830945559,0.7114285714285714,0.3625599991265457,0.38058392920325235,0.06857142857142857,0.09742120343839542,0.12571428571428572,0.002857142857142857,2.6714285714285713,0.08882521489971347,0.0,1.4656059647110313e-05,0.11836634914903713,11.759312320916905,0.0,0.0,0.15,0.08022922636103152,0,0.165633279327671,0.14636082418082813,2.934743607469404,0.9057655331200002,0.0,1.0,0.0,0.3,0.0,0.9994414541359168,0.3,0.08,0.09742120343839542,0.05,0.25
57,0.8059802820090513,0.4833005798013768,0.8055280395058814,0.48324358859010025,0.24899929058488912,0.4818244608599137,0.7191977077363897,0.3634766793355381,0.38124805513705295,0.07449856733524356,0.7171428571428572,0.3630171419836886,0.3810125006318238,0.07428571428571429,0.12893982808022922,0.15142857142857144,0.002857142857142857,2.8085714285714287,0.09455587392550144,0.0,1.0258830010787023e-05,0.11836634914903713,11.759312320916905,0.0,0.0,0.15,0.08022922636103152,0,0.1662986461331885,0.14636082418082813,3.0274773067485876,0.9057655331200002,0.0,0.9811320754716981,0.0,0.3,0.0,0.9996090178951418,0.3,0.08,0.12893982808022922,0.05,0.25
58,0.8112084892906,0.48280426135185006,0.8107413090523398,0.4826969696813449,0.24899929058488912,0.48222433476992416,0.7449856733524355,0.3635912925160539,0.3815918946786003,0.07449856733524356,0.7428571428571429,0.3631314276979743,0.38135535777468094,0.07428571428571429,0.08882521489971347,0.10571428571428572,0.002857142857142857,2.9114285714285715,0.09455587392550144,0.0,7.180979279098681e-06,0.11836634914903713,11.759312320916905,0.0,0.0,0.15,0.08022922636103152,0,0.16592415290252255,0.14562902005992398,3.072642046327901,0.8876502224576002,0.0,1.0,0.0,0.3,0.0,0.9997263125265993,0.3,0.08,0.08882521489971347,0.05,0.25
59,0.8155523269448054,0.48206937280815443,0.8150727357418189,0.48199155707094793,0.24899929058488912,0.48252427398963627,0.7134670487106017,0.3636485991063117,0.381892754277454,0.07449856733524356,0.7114285714285714,0.3631885705551172,0.3816553577746809,0.07428571428571429,0.10888252148997135,0.13142857142857142,0.002857142857142857,3.0314285714285716,0.09742120343839542,0.0,5.026586657078157e-06,0.11836634914903713,11.759312320916905,0.0,0.0,0.15,0.08022922636103152,0,0.1665511035665814,0.14562902005992398,3.1426177768299146,0.8876502224576002,0.0,0.9782608695652174,0.0,0.3,0.0,0.9998084187686195,0.3,0.08,0.10888252148997135,0.05,0.25
60,0.8208270812854075,0.48222092558658625,0.8203324193557336,0.48206716052956333,0.24899929058488912,0.48269113960780696,0.6991404011461319,0.3640497452381169,0.38245149353246843,0.07449856733524356,0.6971428571428572,0.3635885705551172,0.38221250063182377,0.07428571428571429,0.10888252148997135,0.12285714285714286,0.002857142857142857,3.111428571428571,0.10028653295128939,0.0,3.5185622321585276e-06,0.11836634914903713,11.759312320916905,0.0,0.0,0.15,0.08022922636103152,0,0.1663176344773199,0.14490087495962437,3.2026225641504595,0.8698972180084482,0.0,1.0,0.0,0.3,0.0,0.9998658931380336,0.3,0.08,0.10888252148997135,0.05,0.25
61,0.826413395469103,0.4825942379430653,0.8259027726417614,0.4824248325328786,0.24899929058488912,0.48284161900085704,0.7163323782234957,0.36458888787563426,0.3830532127301762,0.07449856733524356,0.7142857142857143,0.36412617278509873,0.38281250063182376,0.07428571428571429,0.10888252148997135,0.14285714285714285,0.002857142857142857,3.2542857142857144,0.10315186246418338,0.0,2.4629698339076806e-06,0.11836634914903713,11.759312320916905,0.0,0.0,0.15,0.08022922636103152,0,0.16659919201564757,0.14417637058482624,3.2814272557245925,0.8524992736482793,0.0,1.0,0.0,0.3,0.0,0.9999061251966236,0.3,0.08,0.10888252148997135,0.05,0.25
62,0.8321247639471556,0.4814780499221104,0.8315978229241624,0.4813039096778342,0.24899929058488912,0.48301839767875465,0.7134670487106017,0.3645315812853763,0.3830799757615221,0.07449856733524356,0.7114285714285714,0.36406902992795587,0.3828391871973659,0.07428571428571429,0.11174785100286533,0.15142857142857144,0.002857142857142857,3.342857142857143,0.10315186246418338,0.0,1.7240672570700834e-06,0.11836634914903713,11.759312320916905,0.0,0.0,0.15,0.08022922636103152,0,0.16810848248414076,0.14643470479645315,3.3672272820386726,0.9076479171200007,0.0,0.9433962264150944,0.0,0.3,0.0,0.9999342876376365,0.3,0.08,0.11174785100286533,0.05,0.25
63,0.8365819765115983,0.482261542091248,0.836042300595564,0.4820609474906952,0.24899929058488912,0.48315044047924977,0.6905444126074498,0.36465103643428465,0.38325189553229577,0.07449856733524356,0.6885714285714286,0.3641881437764387,0.3830106157687944,0.07428571428571429,0.11461318051575932,0.13714285714285715,0.002857142857142857,3.4485714285714284,0.10601719197707736,0.0,1.206841383003512e-06,0.11836634914903713,11.759312320916905,0.0,0.0,0.15,0.08022922636103152,0,0.16781065435743436,0.14570253127247088,3.4370255935407554,0.8894949587776007,0.0,1.0,0.0,0.3,0.0,0.9999540013463455,0.3,0.08,0.11461318051575932,0.05,0.25
64,0.8399589593898258,0.48157066587412223,0.8394096349512824,0.48137065863430223,0.24899929058488912,0.48318390887605706,0.664756446991404,0.36465103643428465,0.383626565937159,0.07449856733524356,0.6628571428571428,0.3641881437764387,0.3833842156867867,0.07428571428571429,0.1174785100286533,0.14857142857142858,0.002857142857142857,3.5542857142857143,0.11174785100286533,0.0,8.447861766390471e-07,0.11836634914903713,11.759312320916905,0.0,0.0,0.15,0.08022922636103152,0,0.1676566017999329,0.14497401861610854,3.5168565102413694,0.8717050596020486,0.0,1.0,0.0,0.3,0.0,0.9999678009424419,0.3,0.08,0.1174785100286533,0.05,0.25
65,0.845592387339234,0.48084568538847794,0.8450269673922636,0.48063784786381997,0.24899929058488912,0.4831024447491506,0.6590257879656161,0.36459372984402677,0.3838414656506261,0.07449856733524356,0.6571428571428571,0.36413100091929584,0.3835985014010724,0.07428571428571429,0.11174785100286533,0.14,0.002857142857142857,3.6485714285714286,0.11461318051575932,0.0,5.913489558455041e-07,0.11836634914903713,11.759312320916905,0.0,0.0,0.15,0.08022922636103152,0,0.16778960450521896,0.1457764118880959,3.5865193800365414,0.8913773427776011,0.0,0.9795918367346939,0.0,0.3,0.0,0.9999774606597093,0.3,0.08,0.11174785100286533,0.05,0.25
66,0.8495934582314835,0.48051029611919804,0.8490166066533925,0.48034655672960297,0.24899929058488912,0.48285298447964903,0.6905444126074498,0.3647083430245426,0.3839274255360129,0.07449856733524356,0.6885714285714286,0.3642452866335816,0.38368421568678673,0.07428571428571429,0.09169054441260745,0.10571428571428572,0.002857142857142857,3.782857142857143,0.11461318051575932,0.0,4.139435988724853e-07,0.11836634914903713,11.759312320916905,0.0,0.0,0.15,0.08022922636103152,0,0.1682362279112643,0.1450475298286554,3.620503278150096,0.8735497959220491,0.0,1.0,0.0,0.3,0.0,0.9999842224617965,0.3,0.08,0.09169054441260745,0.05,0.25
67,0.853324315495249,0.4811076402576853,0.8527368043249758,0.48095557158901797,0.24899929058488912,0.4826328585928158,0.6905444126074498,0.3647083430245426,0.3839274255360129,0.07449856733524356,0.6885714285714286,0.3642452866335816,0.38368421568678673,0.07428571428571429,0.10028653295128939,0.12,0.002857142857142857,3.92,0.12034383954154727,0.0,2.897601908064998e-07,0.11836634914903713,11.759312320916905,0.0,0.0,0.15,0.08022922636103152,0,0.16802276177170797,0.14432229217951215,3.6680932125870944,0.856078800003608,0.0,1.0,0.0,0.3,0.0,0.9999889557232575,0.3,0.08,0.10028653295128939,0.05,0.25
68,0.8579363231097228,0.4800006835841406,0.8573356347748367,0.47986648085879813,0.24899929058488912,0.48246453007546164,0.664756446991404,0.3647083430245426,0.3839274255360129,0.07449856733524356,0.6628571428571428,0.3642452866335816,0.38368421568678673,0.07428571428571429,0.1174785100286533,0.14,0.002857142857142857,4.002857142857143,0.12320916905444126,0.0,2.0283197264705228e-07,0.11836634914903713,11.759312320916905,0.0,0.0,0.15,0.08022922636103152,0,0.1678385086735637,0.14360068071861457,3.7347313483353526,0.8389572240035359,0.0,1.0,0.0,0.3,0.0,0.9999922690062802,0.3,0.08,0.1174785100286533,0.05,0.25
69,0.863000187542428,0.48026023045030664,0.8623850310234484,0.4801328218174468,0.24899929058488912,0.4822468580200722,0.7134670487106017,0.36488026279531616,0.3843142450202536,0.07449856733524356,0.7114285714285714,0.3644167152050101,0.38406992997250095,0.07428571428571429,0.11174785100286533,0.13428571428571429,0.002857142857142857,4.134285714285714,0.12320916905444126,0.0,1.4198230200414608e-07,0.11836634914903713,11.759312320916905,0.0,0.0,0.15,0.08022922636103152,0,0.17041776008711373,0.14482809702142263,3.794322435654359,0.8681255332467198,0.0,0.9574468085106383,0.0,0.3,0.0,0.9999945883043961,0.3,0.08,0.11174785100286533,0.05,0.25
70,0.8646993193409546,0.48005057596831807,0.8640793081596935,0.4799091157796648,0.24899929058488912,0.4822035906002277,0.667621776504298,0.36499487597583197,0.38457212467641394,0.07449856733524356,0.6657142857142857,0.36453100091929586,0.3843270728296438,0.07428571428571429,0.10028653295128939,0.12285714285714286,0.002857142857142857,4.257142857142857,0.12607449856733524,0.0,9.93875727666336e-08,0.11836634914903713,11.759312320916905,0.0,0.0,0.15,0.08022922636103152,0,0.17069043717822466,0.14410395653631553,3.8412931297984154,0.8507630225817854,0.0,1.0,0.0,0.3,0.0,0.9999962118130773,0.3,0.08,0.10028653295128939,0.05,0.25
71,0.8683565452713792,0.4803144470529132,0.8677260848731738,0.480142562924488,0.24899929058488912,0.482089034172574,0.6504297994269341,0.3652241023368634,0.3848361380761886,0.07449856733524356,0.6485714285714286,0.36475957234786727,0.384590331905419,0.07428571428571429,0.14040114613180515,0.15714285714285714,0.002857142857142857,4.371428571428571,0.12607449856733524,0.0,6.95712820051861e-08,0.11836634914903713,11.759312320916905,0.0,0.0,0.15,0.08022922636103152,0,0.17146398856019068,0.14338343675363394,3.921610124345304,0.8337477621301497,0.0,1.0,0.0,0.3,0.0,0.9999973482691541,0.3,0.08,0.14040114613180515,0.05,0.25
72,0.8720995413385486,0.48068026693572435,0.8714583866658657,0.4805509050815968,0.24899929058488912,0.4818763545028852,0.6475644699140402,0.3651667957466056,0.38479315813349513,0.07449856733524356,0.6457142857142857,0.36470242949072446,0.38454747476256185,0.07428571428571429,0.12034383954154727,0.1457142857142857,0.002857142857142857,4.485714285714286,0.12893982808022922,0.0,4.869988812620741e-08,0.11836634914903713,11.759312320916905,0.0,0.0,0.15,0.08022922636103152,0,0.17286352576024686,0.14776123124999999,3.988892207572684,0.9030567524018703,0.0,0.9607843137254902,0.0,0.3,0.0,0.9999981437884079,0.3,0.08,0.12034383954154727,0.05,0.25
73,0.8748959829213975,0.48119942308228736,0.8742468384156207,0.48105693908870584,0.24899929058488912,0.48163620412233843,0.6532951289398281,0.36510948915634767,0.38475017819080176,0.07449856733524356,0.6514285714285715,0.36464528663358153,0.3845046176197047,0.07428571428571429,0.1318051575931232,0.16285714285714287,0.002857142857142857,4.597142857142857,0.12607449856733524,0.0,3.408991714196503e-08,0.11836634914903713,11.759312320916905,0.0,0.0,0.15,0.08022922636103152,0,0.17319778241358846,0.14724518258437505,4.071971506278373,0.9033325956521892,0.0,0.9824561403508771,0.0,0.3,0.0,0.9999987006518856,0.3,0.08,0.1318051575931232,0.05,0.25
74,0.878259248977795,0.48143105694303645,0.8776004951404286,0.4812718979538722,0.24899929058488912,0.4815458364687208,0.6446991404011462,0.3651667957466056,0.38479315813349513,0.07449856733524356,0.6428571428571429,0.36470242949072446,0.38454747476256185,0.07428571428571429,0.12607449856733524,0.14857142857142858,0.002857142857142857,4.691428571428571,0.12893982808022922,0.0,2.386293977324347e-08,0.11836634914903713,11.759312320916905,0.0,0.0,0.15,0.08022922636103152,0,0.1742169370729491,0.14850375,4.1391035047242335,0.9039207967999998,0.0,0.9807692307692307,0.0,0.3,0.0,0.9999990904563199,0.3,0.08,0.12607449856733524,0.05,0.25
75,0.8816637770201758,0.4811088262832852,0.8809952959598315,0.4809049305127734,0.24899929058488912,0.4813227346289783,0.6332378223495702,0.36499487597583197,0.384664218305415,0.07449856733524356,0.6314285714285715,0.36453100091929586,0.3844189033339904,0.07428571428571429,0.10888252148997135,0.12285714285714286,0.002857142857142857,4.8,0.14040114613180515,0.0,1.6704056751060256e-08,0.11836634914903713,11.759312320916905,0.0,0.0,0.15,0.08022922636103152,0,0.17468856667329866,0.148578375,4.179178577486892,0.9411919999999999,0.0,0.9534883720930233,0.0,0.3,0.0,0.9999993633194239,0.3,0.08,0.10888252148997135,0.05,0.25
76,0.8836170529044255,0.4811814590108371,0.8829429910558403,0.4810266047120009,0.24899929058488912,0.48125204369672153,0.6389684813753582,0.36505218256608984,0.38470719824810834,0.07449856733524356,0.6371428571428571,0.3645881437764387,0.3844617604768476,0.07428571428571429,0.11461318051575932,0.14285714285714285,0.002857142857142857,4.885714285714286,0.13753581661891118,0.0,1.1692839191842233e-08,0.11836634914903713,11.759312320916905,0.0,0.0,0.15,0.08022922636103152,0,0.17583661994596728,0.148578375,4.238452148794297,0.9242505440000003,0.0,0.98,0.0,0.3,0.0,0.9999995543235967,0.3,0.08,0.11461318051575932,0.05,0.25
77,0.8860244682751592,0.4807907648139262,0.8853435280969435,0.4806441971843538,0.24899929058488912,0.4810724400993917,0.6762177650429799,0.36533871551737923,0.38492209796157534,0.07736389684813753,0.6742857142857143,0.364873858062153,0.3846760461911333,0.07714285714285714,0.10888252148997135,0.12857142857142856,0.002857142857142857,4.982857142857143,0.1318051575931232,0.0,8.184987173415566e-09,0.11836634914903713,11.759312320916905,0.0,0.0,0.15,0.08022922636103152,0,0.17660836436491623,0.14850375,4.282254534389839,0.9242505440000003,0.0,0.9777777777777777,0.0,0.3,0.0,0.9999996880265176,0.3,0.08,0.10888252148997135,0.05,0.25
78,0.8875310957100779,0.4807425125307329,0.8868458508820481,0.48054518496939297,0.24899929058488912,0.4810634278055338,0.6848137535816619,0.36528140892712135,0.38487911801888197,0.07736389684813753,0.6828571428571428,0.36481671520501013,0.38463318904827615,0.07714285714285714,0.1174785100286533,0.13428571428571429,0.002857142857142857,5.097142857142857,0.13753581661891118,0.0,5.72949089415686e-09,0.11836634914903713,11.759312320916905,0.0,0.0,0.15,0.08022922636103152,0,0.17669632254309167,0.147835483125,4.330895157987757,0.9242505440000003,0.0,0.9787234042553191,0.0,0.3,0.0,0.9999997816185623,0.3,0.08,0.1174785100286533,0.05,0.25
79,0.8877292465455748,0.4804556260548922,0.8870434355723005,0.48021353578553916,0.24899929058488912,0.48109575051695996,0.5902578796561605,0.365453328697895,0.38500805784696224,0.07736389684813753,0.5885714285714285,0.36498814377643873,0.3847617604768475,0.07714285714285714,0.12893982808022922,0.16,0.002857142857142857,5.222857142857142,0.1346704871060172,0.0,4.0106435627029415e-09,0.11836634914903713,11.759312320916905,0.0,0.0,0.15,0.08022922636103152,0,0.17701169878751907,0.147835483125,4.404277254828002,0.9223681599999999,0.0,0.9821428571428571,0.0,0.3,0.0,0.9999998471329936,0.3,0.08,0.12893982808022922,0.05,0.25
80,0.892321989835941,0.4804620273812991,0.8916230567389802,0.48020011336410856,0.24899929058488912,0.4809788281078405,0.6561604584527221,0.36533871551737923,0.38492209796157545,0.07736389684813753,0.6542857142857142,0.364873858062153,0.3846760461911333,0.07714285714285714,0.1174785100286533,0.15142857142857144,0.002857142857142857,5.351428571428571,0.13753581661891118,0.0,2.807450462480865e-09,0.11836634914903713,11.759312320916905,0.0,0.0,0.15,0.08022922636103152,0,0.17715492600786717,0.147835483125,4.467620281160014,0.9057655331200002,0.0,0.9811320754716981,0.0,0.3,0.0,0.9999998929930956,0.3,0.08,0.1174785100286533,0.05,0.25
81,0.893524409338189,0.4802060144187673,0.8928220407569358,0.4799303750650977,0.24899929058488912,0.48070629695223804,0.6275071633237822,0.36533871551737923,0.38492209796157545,0.07736389684813753,0.6257142857142857,0.364873858062153,0.3846760461911333,0.07714285714285714,0.10888252148997135,0.14285714285714285,0.002857142857142857,5.442857142857143,0.1346704871060172,0.0,1.965215308630576e-09,0.11836634914903713,11.759312320916905,0.0,0.0,0.15,0.08022922636103152,0,0.1768402942349707,0.147096305709375,4.521125018393956,0.8876502224576002,0.0,1.0,0.0,0.3,0.0,0.9999999250951669,0.3,0.08,0.10888252148997135,0.05,0.25
82,0.8955989952502358,0.4810250664610346,0.8948906992806623,0.4807597719865282,0.24899929058488912,0.48037725382113255,0.6332378223495702,0.3656825550589265,0.38517997761773587,0.07736389684813753,0.6314285714285715,0.36521671520501015,0.3849331890482761,0.07714285714285714,0.12034383954154727,0.14857142857142858,0.002857142857142857,5.557142857142857,0.14040114613180515,0.0,1.3756507089307288e-09,0.11836634914903713,11.759312320916905,0.0,0.0,0.15,0.08022922636103152,0,0.17675339342461718,0.14636082418082813,4.579273946597505,0.8698972180084482,0.0,1.0,0.0,0.3,0.0,0.9999999475666168,0.3,0.08,0.12034383954154727,0.05,0.25
83,0.8976853096764609,0.48017814918332924,0.8969710528085267,0.47991818173542045,0.24899929058488912,0.48001996564767346,0.664756446991404,0.36599719612071174,0.3854808372165898,0.07736389684813753,0.6628571428571428,0.36553045729233313,0.38523318904827614,0.07714285714285714,0.11174785100286533,0.14,0.002857142857142857,5.6571428571428575,0.1346704871060172,0.0,9.629554926245524e-10,0.11836634914903713,11.759312320916905,0.0,0.0,0.15,0.08022922636103152,0,0.17755136704715418,0.14798510812500004,4.627688467665554,0.8876502224576002,0.0,0.9591836734693877,0.0,0.3,0.0,0.9999999632966318,0.3,0.08,0.11174785100286533,0.05,0.25
84,0.9004031180704533,0.48001613101477714,0.8996810960356794,0.4797472451293902,0.24899929058488912,0.479654783790051,0.6246418338108882,0.36611180930122744,0.38564405751376374,0.08022922636103152,0.6228571428571429,0.36564474300661887,0.38539594300174396,0.08,0.1346704871060172,0.16,0.002857142857142857,5.751428571428572,0.1318051575931232,0.0,6.740688439338172e-10,0.11836634914903713,11.759312320916905,0.0,0.0,0.15,0.08022922636103152,0,0.17823432449763268,0.149325,4.695134698312244,0.8894949587776007,0.0,0.9821428571428571,0.0,0.3,0.0,0.9999999743076422,0.3,0.08,0.1346704871060172,0.05,0.25
85,0.9011411347444216,0.4810818916369166,0.9004170040905793,0.48082111012123496,0.24899929058488912,0.479497483206612,0.6017191977077364,0.36582527634993806,0.38542915780029674,0.08022922636103152,0.6,0.36535902872090453,0.3851816572874583,0.08,0.12034383954154727,0.14857142857142858,0.002857142857142857,5.857142857142857,0.1346704871060172,0.0,4.718481893002797e-10,0.11836634914903713,11.759312320916905,0.0,0.0,0.15,0.08022922636103152,0,0.1792285814465731,0.15,4.749803432917427,0.9819303542999929,0.0,0.9423076923076923,0.0,0.3,0.0,0.9999999820153496,0.3,0.08,0.12034383954154727,0.05,0.25
86,0.9024355955512023,0.4813136713983055,0.9017077664379118,0.48106030592795185,0.24899929058488912,0.4793847733203234,0.6561604584527221,0.36582527634993806,0.38542915780029674,0.08022922636103152,0.6542857142857142,0.36535902872090453,0.3851816572874583,0.08,0.1346704871060172,0.16285714285714287,0.002857142857142857,5.951428571428571,0.1346704871060172,0.0,3.302937320834878e-10,0.11836634914903713,11.759312320916905,0.0,0.0,0.15,0.08022922636103152,0,0.17962147043680465,0.14925,4.817664507116222,0.9622917472139929,0.0,1.0,0.0,0.3,0.0,0.9999999874107447,0.3,0.08,0.1346704871060172,0.05,0.25
87,0.9035644456987375,0.48174491236742756,0.9028333912993113,0.4815300681915293,0.24899929058488912,0.47926585103088354,0.6389684813753582,0.3661691158914853,0.3856870374564571,0.08022922636103152,0.6371428571428571,0.3657018858637617,0.38543880014460113,0.08,0.1346704871060172,0.16,0.002857142857142857,6.071428571428571,0.1489971346704871,0.0,2.3120561312319435e-10,0.11836634914903713,11.759312320916905,0.0,0.0,0.15,0.08022922636103152,0,0.17943693522747778,0.14850375,4.881311216973897,0.9430459122697131,0.0,1.0,0.0,0.3,0.0,0.9999999911875213,0.3,0.08,0.1346704871060172,0.05,0.25
88,0.9057980811867705,0.48115375519691134,0.9050606449716643,0.4809726244426561,0.24899929058488912,0.479191271944583,0.6590257879656161,0.36605450271096956,0.38560107757107037,0.08022922636103152,0.6571428571428571,0.365587600149476,0.38535308585888683,0.08,0.1174785100286533,0.14857142857142858,0.002857142857142857,6.162857142857143,0.14613180515759314,0.0,1.6184392791866385e-10,0.11836634914903713,11.759312320916905,0.0,0.0,0.15,0.08022922636103152,0,0.1799680362656261,0.15,4.932256421205848,0.9411919999999999,0.0,0.9615384615384616,0.0,0.3,0.0,0.9999999938312649,0.3,0.08,0.1174785100286533,0.05,0.25
89,0.9065690817493601,0.4808964555912154,0.9058294426755036,0.48071226733332223,0.24899929058488912,0.47904399411398596,0.6361031518624641,0.36605450271096956,0.38560107757107037,0.08022922636103152,0.6342857142857142,0.36558760014947594,0.3853530858588868,0.08,0.12034383954154727,0.13142857142857142,0.002857142857142857,6.222857142857142,0.1518624641833811,0.0,1.1329074891030314e-10,0.11836634914903713,11.759312320916905,0.0,0.0,0.15,0.08022922636103152,0,0.18015319608429797,0.1567162452617056,4.965039864210302,0.9223681599999999,0.0,0.9782608695652174,0.0,0.3,0.0,0.9999999956818855,0.3,0.08,0.12034383954154727,0.05,0.25
90,0.9083566506477593,0.48087901661547955,0.9076119042341932,0.4807125544106035,0.24899929058488912,0.47895762691471944,0.6103151862464183,0.3657679697596802,0.38538617785760326,0.08022922636103152,0.6085714285714285,0.3653018858637617,0.3851388001446011,0.08,0.1174785100286533,0.14,0.002857142857142857,6.311428571428571,0.14613180515759314,0.0,7.930352537773293e-11,0.11836634914903713,11.759312320916905,0.0,0.0,0.15,0.08022922636103152,0,0.18119457296101932,0.15727928903539706,5.005739066926096,0.9643600000000009,0.0,0.9387755102040817,0.0,0.3,0.0,0.9999999969773198,0.3,0.08,0.1174785100286533,0.05,0.25
91,0.909832267362682,0.48016402492631466,0.909083304901359,0.47996184133603054,0.24899929058488912,0.4789606231066571,0.5959885386819485,0.3658509236326985,0.38564405751376374,0.08022922636103152,0.5942857142857143,0.3653846027257142,0.38539594300174396,0.08,0.14040114613180515,0.18,0.002857142857142857,6.394285714285714,0.14613180515759314,0.0,5.5512467461079715e-11,0.11836634914903713,11.759312320916905,0.0,0.0,0.15,0.08022922636103152,0,0.1812293215069464,0.15649289259022006,5.085624285587574,0.9450728000000008,0.0,1.0,0.0,0.3,0.0,0.9999999978841239,0.3,0.08,0.14040114613180515,0.05,0.25
92,0.9114116481234278,0.4799375851081225,0.9106581731456452,0.47972683442213093,0.24899929058488912,0.4790962200294389,0.6275071633237822,0.3655643906814091,0.38564405751376374,0.08022922636103152,0.6257142857142857,0.36509888844,0.38539594300174407,0.08,0.14040114613180515,0.18,0.002857142857142857,6.508571428571429,0.14613180515759314,0.0,3.885872838196922e-11,0.11836634914903713,11.759312320916905,0.0,0.0,0.15,0.08022922636103152,0,0.18220888918512593,0.2206813707356244,5.163911799875822,0.9603999999999999,0.0,0.9523809523809523,0.0,0.3,0.0,0.9999999985188867,0.3,0.08,0.14040114613180515,0.05,0.25
93,0.9143797094816178,0.4799028613682101,0.9136177543285261,0.47969630240413275,0.24899929058488912,0.47917389503742885,0.6475644699140402,0.3653924709106355,0.385772997341844,0.08022922636103152,0.6457142857142857,0.3649274598685714,0.38552451443031543,0.08,0.15472779369627507,0.2,0.002857142857142857,6.628571428571429,0.14326647564469913,0.0,2.720110957320452e-11,0.11836634914903713,11.759312320916905,0.0,0.0,0.15,0.08022922636103152,0,0.1835505987759121,0.22370163374581767,5.260633563878305,0.9964241595140968,0.0,0.9571428571428572,0.0,0.3,0.0,0.9999999989632207,0.3,0.08,0.15472779369627507,0.05,0.25
94,0.9150096714693559,0.4804706683027787,0.9142459164248707,0.480281338417707,0.24899929058488912,0.4792748693313167,0.6934097421203438,0.3652778577301197,0.38573674843342604,0.08022922636103152,0.6914285714285714,0.3648131741542857,0.3854883690902073,0.08,0.1318051575931232,0.16285714285714287,0.002857142857142857,6.751428571428572,0.1489971346704871,0.0,1.9040777864944696e-11,0.11836634914903713,11.759312320916905,0.0,0.0,0.15,0.08022922636103152,0,0.18368984578203254,0.22258312557708856,5.318278035457882,0.98,0.0,0.9824561403508771,0.0,0.3,0.0,0.9999999992742544,0.3,0.08,0.1318051575931232,0.05,0.25
95,0.9162704802407057,0.48061554513166393,0.9155031228854453,0.4803673045872937,0.24899929058488912,0.4793862591758847,0.6590257879656161,0.3652778577301197,0.38573674843342604,0.08022922636103152,0.6571428571428571,0.3648131741542857,0.3854883690902073,0.08,0.12034383954154727,0.16857142857142857,0.002857142857142857,6.848571428571429,0.14613180515759314,0.0,1.3328543048366919e-11,0.11836634914903713,11.759312320916905,0.0,0.0,0.15,0.08022922636103152,0,0.18351382512455092,0.22147020994920313,5.380483903320153,0.9603999999999999,0.0,1.0,0.0,0.3,0.0,0.9999999994919782,0.3,0.08,0.12034383954154727,0.05,0.25
96,0.9184988514606248,0.48040302735834095,0.9177251273304505,0.48012210526062843,0.24899929058488912,0.47955268984076194,0.6532951289398281,0.3652778577301197,0.38573674843342604,0.08022922636103152,0.6514285714285715,0.3648131741542857,0.3854883690902073,0.08,0.12320916905444126,0.1457142857142857,0.002857142857142857,6.948571428571428,0.14613180515759314,0.0,9.32998071607617e-12,0.11836634914903713,11.759312320916905,0.0,0.0,0.15,0.08022922636103152,0,0.18319611314178535,0.22036285889945711,5.418588510968036,0.9411919999999999,0.0,1.0,0.0,0.3,0.0,0.9999999996443847,0.3,0.08,0.12320916905444126,0.05,0.25
97,0.9199328644777598,0.4803603123270665,0.9191550431675366,0.48009036397094335,0.24899929058488912,0.47942476940880596,0.6590257879656161,0.36522055113986185,0.38569376849073267,0.08022922636103152,0.6571428571428571,0.3647560312971428,0.3854455119473501,0.08,0.10888252148997135,0.13714285714285715,0.002857142857142857,7.031428571428571,0.1489971346704871,0.0,6.530987666206091e-12,0.11836634914903713,11.759312320916905,0.0,0.0,0.15,0.08022922636103152,0,0.18339299257250494,0.21926104460495985,5.4473595978915315,0.9242505440000003,0.0,0.9791666666666666,0.0,0.3,0.0,0.9999999997510692,0.3,0.08,0.10888252148997135,0.05,0.25
98,0.9204597250692174,0.48068315868245753,0.9196803984430185,0.4804076660838986,0.24899929058488912,0.4792821669884992,0.6332378223495702,0.36516324454960397,0.38565078854803914,0.08022922636103152,0.6314285714285715,0.36469888844,0.38540265480449293,0.08,0.12893982808022922,0.15714285714285714,0.002857142857142857,7.137142857142857,0.13753581661891118,0.0,4.571690492422808e-12,0.11836634914903713,11.759312320916905,0.0,0.0,0.15,0.08022922636103152,0,0.1836465990382139,0.21816473938193504,5.495555263076558,0.9281313440000012,0.0,0.9818181818181818,0.0,0.3,0.0,0.9999999998257485,0.3,0.08,0.12893982808022922,0.05,0.25
99,0.9210408220841617,0.480639262065166,0.9202598351807773,0.48034082413005375,0.24899929058488912,0.47925221018143804,0.6361031518624641,0.36516324454960397,0.38565078854803914,0.08022922636103152,0.6342857142857142,0.36469888844,0.38540265480449293,0.08,0.12034383954154727,0.14857142857142858,0.002857142857142857,7.268571428571429,0.14040114613180515,0.0,3.2001845097755167e-12,0.11836634914903713,11.759312320916905,0.0,0.0,0.15,0.08022922636103152,0,0.18341322390016565,0.21707391568502535,5.534215586386456,0.9095687171200011,0.0,1.0,0.0,0.3,0.0,0.9999999998780239,0.3,0.08,0.12034383954154727,0.05,0.25
100,0.9220939282594214,0.4807939240354096,0.9213099324812505,0.4805353104683423,0.24899929058488912,0.4793386751045237,0.6446991404011462,0.36516324454960397,0.38565078854803914,0.08022922636103152,0.6428571428571429,0.36469888844,0.38540265480449293,0.08,0.10315186246418338,0.11428571428571428,0.002857142857142857,7.354285714285714,0.13753581661891118,0.0,2.2401288655433318e-12,0.11836634914903713,11.759312320916905,0.0,0.0,0.15,0.08022922636103152,0,0.18301001492352198,0.21598854610660023,5.537816988944441,0.8913773427776011,0.0,1.0,0.0,0.3,0.0,0.9999999999146167,0.3,0.08,0.10315186246418338,0.05,0.25
101,0.9219841537355314,0.48011808933044314,0.9212004715988571,0.479860241842988,0.24899929058488912,0.47958099483589467,0.66189111747851,0.36499132477883034,0.385521848719959,0.08022922636103152,0.66,0.3645274598685714,0.3852740833759215,0.08,0.1318051575931232,0.1657142857142857,0.002857142857142857,7.468571428571429,0.14040114613180515,0.0,1.5680907884305185e-12,0.11836634914903713,11.759312320916905,0.0,0.0,0.15,0.08022922636103152,0,0.18383610913461865,0.24399360554730856,5.592774934879837,0.9470728000000013,0.0,0.9655172413793104,0.0,0.3,0.0,0.9999999999402317,0.3,0.08,0.1318051575931232,0.05,0.25
102,0.9215471650371411,0.4796310954944334,0.9207647314396052,0.4793964600076338,0.24899929058488912,0.479757323188332,0.6217765042979942,0.36499132477883034,0.385521848719959,0.08022922636103152,0.62,0.3645274598685714,0.3852740833759215,0.08,0.10601719197707736,0.13142857142857142,0.002857142857142857,7.597142857142857,0.1346704871060172,0.0,1.0976650082961601e-12,0.11836634914903713,11.759312320916905,0.0,0.0,0.15,0.08022922636103152,0,0.18354478644608846,0.24277363751957204,5.612348007610812,0.9281313440000012,0.0,1.0,0.0,0.3,0.0,0.9999999999581621,0.3,0.08,0.10601719197707736,0.05,0.25
103,0.9229274516741176,0.4803045616290527,0.9221410744004761,0.48007772347623506,0.24899929058488912,0.48006456529058933,0.6418338108882522,0.36499132477883034,0.385521848719959,0.08022922636103152,0.64,0.3645274598685714,0.3852740833759215,0.08,0.12320916905444126,0.14857142857142858,0.002857142857142857,7.674285714285714,0.1346704871060172,0.0,7.68364340685395e-13,0.11836634914903713,11.759312320916905,0.0,0.0,0.15,0.08022922636103152,0,0.1833122053710008,0.24155976933197418,5.648672476030025,0.9095687171200011,0.0,1.0,0.0,0.3,0.0,0.9999999999707135,0.3,0.08,0.12320916905444126,0.05,0.25
104,0.9230690588903631,0.4807620489476798,0.922282277024675,0.4805722151401445,0.24899929058488912,0.48029383738082526,0.6217765042979942,0.36499132477883034,0.385521848719959,0.08022922636103152,0.62,0.3645274598685714,0.3852740833759215,0.08,0.11174785100286533,0.13428571428571429,0.002857142857142857,7.811428571428571,0.1346704871060172,0.0,5.37854164638939e-13,0.11836634914903713,11.759312320916905,0.0,0.0,0.15,0.08022922636103152,0,0.18299521648700298,0.2403519704853143,5.6699847407951385,0.8913773427776011,0.0,1.0,0.0,0.3,0.0,0.9999999999794995,0.3,0.08,0.11174785100286533,0.05,0.25
105,0.9234317778277658,0.48060826394995787,0.9226439596222566,0.48045182766852623,0.24899929058488912,0.48052270266256536,0.6561604584527221,0.36487671159831453,0.3854358888345721,0.08022922636103152,0.6542857142857142,0.36441317415428565,0.3851883690902072,0.08,0.12607449856733524,0.16857142857142857,0.002857142857142857,7.9,0.1346704871060172,0.0,3.7649675012709486e-13,0.11836634914903713,11.759312320916905,0.0,0.0,0.15,0.08022922636103152,0,0.18330767040456797,0.23915021063288772,5.725156474550665,0.9301313440000016,0.0,0.9830508474576272,0.0,0.3,0.0,0.9999999999856497,0.3,0.08,0.12607449856733524,0.05,0.25
106,0.9248311575603848,0.48077333496814145,0.9240393411270682,0.4806400888611894,0.24899929058488912,0.4806948424356602,0.6389684813753582,0.36476209841779883,0.38534992894918535,0.08022922636103152,0.6371428571428571,0.36429888843999997,0.38510265480449296,0.08,0.1174785100286533,0.1457142857142857,0.002857142857142857,7.968571428571429,0.13753581661891118,0.0,2.635471425288907e-13,0.11836634914903713,11.759312320916905,0.0,0.0,0.15,0.08022922636103152,0,0.18339098919540223,0.25568505927703605,5.756367630773936,0.9873116392121271,0.0,0.9803921568627451,0.0,0.3,0.0,0.9999999999899548,0.3,0.08,0.1174785100286533,0.05,0.25
107,0.9255450403565672,0.48015850618972,0.9247511842581186,0.4800258967896155,0.24899929058488912,0.48078486456271224,0.6017191977077364,0.36459017864702514,0.3852209891211051,0.08022922636103152,0.6,0.36412745986857137,0.38497408337592154,0.08,0.12320916905444126,0.14285714285714285,0.002857142857142857,8.062857142857142,0.14040114613180515,0.0,1.844821259303844e-13,0.11836634914903713,11.759312320916905,0.0,0.0,0.15,0.08022922636103152,0,0.18430231996371096,0.2544066339806509,5.7840974210156,1.0362807332197739,0.0,0.94,0.0,0.3,0.0,0.9999999999929684,0.3,0.08,0.12320916905444126,0.05,0.25
108,0.9258503114333273,0.48034988059287065,0.9250555831318023,0.48021220757648514,0.24899929058488912,0.4805865083418701,0.6246418338108882,0.36459017864702514,0.3852209891211051,0.08022922636103152,0.6228571428571429,0.36412745986857137,0.38497408337592154,0.08,0.12607449856733524,0.14285714285714285,0.002857142857142857,8.16,0.13753581661891118,0.0,1.2913603175169388e-13,0.11836634914903713,11.759312320916905,0.0,0.0,0.15,0.08022922636103152,0,0.18409380979246384,0.2531346008107476,5.81127261545243,1.0155551185553784,0.0,1.0,0.0,0.3,0.0,0.9999999999950779,0.3,0.08,0.12607449856733524,0.05,0.25
109,0.9260757305880952,0.4807577409768782,0.9252803582318425,0.4806817073484436,0.24899929058488912,0.4804668928454398,0.6532951289398281,0.36459017864702514,0.3852209891211051,0.08022922636103152,0.6514285714285715,0.36412745986857137,0.38497408337592154,0.08,0.10888252148997135,0.13142857142857142,0.002857142857142857,8.265714285714285,0.14613180515759314,0.0,9.039580478595774e-14,0.11836634914903713,11.759312320916905,0.0,0.0,0.15,0.08022922636103152,0,0.18385805574350153,0.2518689278066939,5.826475734571955,0.9952440161842707,0.0,1.0,0.0,0.3,0.0,0.9999999999965545,0.3,0.08,0.10888252148997135,0.05,0.25
110,0.9265333468939994,0.48015850063280596,0.925736667062587,0.4801084505881289,0.24899929058488912,0.4804613498682536,0.6389684813753582,0.36459017864702514,0.3852209891211051,0.08022922636103152,0.6371428571428571,0.36412745986857137,0.38497408337592154,0.08,0.12893982808022922,0.1657142857142857,0.002857142857142857,8.397142857142857,0.14040114613180515,0.0,6.327764590995874e-14,0.11836634914903713,11.759312320916905,0.0,0.0,0.15,0.08022922636103152,0,0.18368090832192685,0.2506095831676604,5.875660505594801,0.9753391358605853,0.0,1.0,0.0,0.3,0.0,0.9999999999975882,0.3,0.08,0.12893982808022922,0.05,0.25
111,0.9284685088877556,0.48058821076041114,0.9276663000220751,0.48052417705977163,0.24899929058488912,0.48044783905585664,0.673352435530086,0.36459017864702514,0.3852209891211051,0.08022922636103152,0.6714285714285714,0.36412745986857137,0.38497408337592154,0.08,0.11461318051575932,0.14285714285714285,0.002857142857142857,8.545714285714286,0.1489971346704871,0.0,4.4294934696767435e-14,0.11836634914903713,11.759312320916905,0.0,0.0,0.15,0.08022922636103152,0,0.18330521806603153,0.2493565352518221,5.901004438340047,0.9558323531433737,0.0,1.0,0.0,0.3,0.0,0.9999999999983117,0.3,0.08,0.11461318051575932,0.05,0.25
112,0.9279834193457751,0.4802777147812664,0.9271825964502146,0.48021256969183496,0.24899929058488912,0.4803903270145407,0.6532951289398281,0.3644755654665094,0.38513502923571824,0.08022922636103152,0.6514285714285715,0.3640131741542857,0.3848883690902072,0.08,0.10601719197707736,0.11428571428571428,0.002857142857142857,8.62,0.14326647564469913,0.0,3.100674556763545e-14,0.11836634914903713,11.759312320916905,0.0,0.0,0.15,0.08022922636103152,0,0.18327412054712994,0.2488659169095557,5.89727006385896,0.971601415226053,0.0,0.975,0.0,0.3,0.0,0.9999999999988182,0.3,0.08,0.10601719197707736,0.05,0.25
113,0.9272484061406325,0.47968373619822163,0.926449683282801,0.47957940314853575,0.24899929058488912,0.48038139646600786,0.6962750716332379,0.36430364569573576,0.3850060894076381,0.08022922636103152,0.6942857142857143,0.3638417455828571,0.38475979766163576,0.08,0.12320916905444126,0.14857142857142858,0.002857142857142857,8.722857142857142,0.14613180515759314,0.0,2.1706178296852956e-14,0.11836634914903713,11.759312320916905,0.0,0.0,0.15,0.08022922636103152,0,0.1840698963693943,0.2476215873250079,5.927896091153209,1.0,0.0,0.9615384615384616,0.0,0.3,0.0,0.9999999999991727,0.3,0.08,0.12320916905444126,0.05,0.25
114,0.9291548744973562,0.47944854361654377,0.928350704587077,0.4793223600046271,0.24899929058488912,0.4802916336786039,0.6504297994269341,0.3641317259249621,0.3848771495795578,0.08022922636103152,0.6485714285714286,0.36367031701142855,0.3846312262330644,0.08,0.12607449856733524,0.15714285714285714,0.002857142857142857,8.8,0.14613180515759314,0.0,1.5193159688188176e-14,0.11836634914903713,11.759312320916905,0.0,0.0,0.15,0.08022922636103152,0,0.18474840688397587,0.24638347938838287,5.966481026473001,0.9800953347473195,0.0,0.9636363636363636,0.0,0.3,0.0,0.9999999999994209,0.3,0.08,0.12607449856733524,0.05,0.25
115,0.9287742492762198,0.4811014741643094,0.9279711668665722,0.4809014161309351,0.24899929058488912,0.4801869905764168,0.6131805157593123,0.36407441933470425,0.3848341696368644,0.08022922636103152,0.6114285714285714,0.3636131741542856,0.3845883690902072,0.08,0.1174785100286533,0.14285714285714285,0.002857142857142857,8.897142857142857,0.1489971346704871,0.0,1.0634629221927286e-14,0.11836634914903713,11.759312320916905,0.0,0.0,0.15,0.08022922636103152,0,0.18482452199241314,0.24717002781155503,5.990008548800685,0.9632008524713577,0.0,0.98,0.0,0.3,0.0,0.9999999999995947,0.3,0.08,0.1174785100286533,0.05,0.25
116,0.9281997997521358,0.4806885854871197,0.9273983586268428,0.48050066598675634,0.24899929058488912,0.48019568019035364,0.6275071633237822,0.3639598061541885,0.3847482097514775,0.08022922636103152,0.6257142857142857,0.36349888843999995,0.3845026548044929,0.08,0.12893982808022922,0.14857142857142858,0.002857142857142857,9.031428571428572,0.14326647564469913,0.0,7.445114295054877e-15,0.11836634914903713,11.759312320916905,0.0,0.0,0.15,0.08022922636103152,0,0.18504211652173677,0.24943060674681064,6.0187798063961,0.9662223740122099,0.0,0.9807692307692307,0.0,0.3,0.0,0.9999999999997162,0.3,0.08,0.12893982808022922,0.05,0.25
117,0.928575290653143,0.48072677119219315,0.9277727766967043,0.48053284061523366,0.24899929058488912,0.48027313906625346,0.6504297994269341,0.3639598061541885,0.3847482097514775,0.08022922636103152,0.6485714285714286,0.36349888843999995,0.3845026548044929,0.08,0.1174785100286533,0.13428571428571429,0.002857142857142857,9.137142857142857,0.14613180515759314,0.0,5.210997446734313e-15,0.11836634914903713,11.759312320916905,0.0,0.0,0.15,0.08022922636103152,0,0.18501444237356102,0.24818345371307657,6.032689924553892,0.9468979265319656,0.0,1.0,0.0,0.3,0.0,0.9999999999998014,0.3,0.08,0.1174785100286533,0.05,0.25
118,0.929433780836438,0.48086354844559537,0.9286288140509041,0.48064998070354054,0.24899929058488912,0.480336877247589,0.6475644699140402,0.3639598061541885,0.3847482097514775,0.08022922636103152,0.6457142857142857,0.36349888843999995,0.3845026548044929,0.08,0.14613180515759314,0.1657142857142857,0.002857142857142857,9.242857142857142,0.14613180515759314,0.0,3.646824373007974e-15,0.11836634914903713,11.759312320916905,0.0,0.0,0.15,0.08022922636103152,0,0.18497280301526464,0.2469425364445112,6.0777504117770995,0.9279599680013263,0.0,1.0,0.0,0.3,0.0,0.999999999999861,0.3,0.08,0.14613180515759314,0.05,0.25
119,0.9301468290095246,0.4807240626616101,0.9293398249434962,0.4805290339569426,0.24899929058488912,0.48034198473456485,0.6762177650429799,0.3639598061541885,0.3847482097514775,0.08022922636103152,0.6742857142857143,0.36349888843999995,0.3845026548044929,0.08,0.12607449856733524,0.14285714285714285,0.002857142857142857,9.362857142857143,0.1489971346704871,0.0,2.5516119414975665e-15,0.11836634914903713,11.759312320916905,0.0,0.0,0.15,0.08022922636103152,0,0.1847046532859026,0.24570782376228864,6.0990525463987,0.9094007686412997,0.0,1.0,0.0,0.3,0.0,0.9999999999999027,0.3,0.08,0.12607449856733524,0.05,0.25
120,0.9301706777854901,0.48141738036383314,0.9293636055801018,0.4812098049152617,0.24899929058488912,0.4803268864257817,0.6819484240687679,0.3639598061541885,0.3847482097514775,0.08022922636103152,0.68,0.36349888843999995,0.3845026548044929,0.08,0.10601719197707736,0.13714285714285715,0.002857142857142857,9.465714285714286,0.1489971346704871,0.0,1.7855457992442898e-15,0.11836634914903713,11.759312320916905,0.0,0.0,0.15,0.08022922636103152,0,0.18446598787661594,0.2444792846434772,6.114214352613583,0.8912127532684737,0.0,1.0,0.0,0.3,0.0,0.9999999999999319,0.3,0.08,0.10601719197707736,0.05,0.25
121,0.9326661629200192,0.481808243819677,0.9318519607571037,0.48156907598611676,0.24899929058488912,0.480407771510303,0.6160458452722063,0.3639598061541885,0.3847482097514775,0.08022922636103152,0.6142857142857143,0.36349888843999995,0.3845026548044929,0.08,0.12034383954154727,0.1457142857142857,0.002857142857142857,9.602857142857143,0.1489971346704871,0.0,1.2495907795689989e-15,0.11836634914903713,11.759312320916905,0.0,0.0,0.15,0.08022922636103152,0,0.18428580079437573,0.24325688822025981,6.137644351275598,0.8733884982031043,0.0,1.0,0.0,0.3,0.0,0.9999999999999524,0.3,0.08,0.12034383954154727,0.05,0.25
122,0.9336938164026218,0.48219961616737594,0.932876678086899,0.48200583367366767,0.24899929058488912,0.48053283685257137,0.6303724928366762,0.3639598061541885,0.3847482097514775,0.08022922636103152,0.6285714285714286,0.36349888843999995,0.3845026548044929,0.08,0.1489971346704871,0.16857142857142857,0.002857142857142857,9.717142857142857,0.1489971346704871,0.0,8.738397059923039e-16,0.11836634914903713,11.759312320916905,0.0,0.0,0.15,0.08022922636103152,0,0.18404965750468957,0.2420406037791585,6.183462892821514,0.8559207282390421,0.0,1.0,0.0,0.3,0.0,0.9999999999999667,0.3,0.08,0.1489971346704871,0.05,0.25
123,0.9347985305878521,0.4820919894691251,0.9339782359458858,0.4819043651889969,0.24899929058488912,0.480583351516132,0.6275071633237822,0.3639598061541885,0.3847482097514775,0.08022922636103152,0.6257142857142857,0.36349888843999995,0.3845026548044929,0.08,0.14040114613180515,0.1657142857142857,0.002857142857142857,9.805714285714286,0.1489971346704871,0.0,6.116877941946114e-16,0.11836634914903713,11.759312320916905,0.0,0.0,0.15,0.08022922636103152,0,0.1837862663600233,0.24083040076026271,6.2255079206793695,0.8388023136742613,0.0,1.0,0.0,0.3,0.0,0.9999999999999767,0.3,0.08,0.14040114613180515,0.05,0.25
124,0.9329059441753048,0.482320707711979,0.9320910569230884,0.4821738132957121,0.24899929058488912,0.48059596912277586,0.6361031518624641,0.36384519297367274,0.38466224986609077,0.08022922636103152,0.6342857142857142,0.36338460272571427,0.3844169405187786,0.08,0.12034383954154727,0.16285714285714287,0.002857142857142857,9.925714285714285,0.14326647564469913,0.0,4.2818145593622724e-16,0.11836634914903713,11.759312320916905,0.0,0.0,0.15,0.08022922636103152,0,0.18400947859965178,0.24878431076495666,6.263854905122924,0.8728861648161219,0.0,0.9824561403508771,0.0,0.3,0.0,0.9999999999999837,0.3,0.08,0.12034383954154727,0.05,0.25
125,0.934238752034392,0.4822124329039067,0.9334200567597212,0.48204599014271543,0.24899929058488912,0.4807437346546275,0.6332378223495702,0.3636159666126412,0.38449033009531713,0.08022922636103152,0.6314285714285715,0.3631560312971428,0.38424551194735007,0.08,0.14040114613180515,0.15714285714285714,0.002857142857142857,10.074285714285715,0.14040114613180515,0.0,3.0001829905735614e-16,0.11836634914903713,11.759312320916905,0.0,0.0,0.15,0.08022922636103152,0,0.18451785977808202,0.24754038921113186,6.295720664163322,0.9967889433842517,0.0,0.9636363636363636,0.0,0.3,0.0,0.9999999999999886,0.3,0.08,0.14040114613180515,0.05,0.25
126,0.9339528809303216,0.48147524182663826,0.933135002430234,0.4813234103348054,0.24899929058488912,0.48091953080034183,0.6246418338108882,0.36338674025160966,0.3843184103245435,0.08022922636103152,0.6228571428571429,0.3629274598685714,0.38407408337592147,0.08,0.1346704871060172,0.1657142857142857,0.002857142857142857,10.185714285714285,0.14040114613180515,0.0,2.097215294381517e-16,0.11836634914903713,11.759312320916905,0.0,0.0,0.15,0.08022922636103152,0,0.18516598547919164,0.2588457711381825,6.335520536594343,0.9820000000000004,0.0,0.9655172413793104,0.0,0.3,0.0,0.999999999999992,0.3,0.08,0.1346704871060172,0.05,0.25
127,0.9340508256313704,0.48184753548377696,0.9332326672892794,0.48173873808362755,0.24899929058488912,0.4810397214935972,0.6475644699140402,0.36338674025160966,0.3843184103245435,0.08022922636103152,0.6457142857142857,0.3629274598685714,0.38407408337592147,0.08,0.11461318051575932,0.13714285714285715,0.002857142857142857,10.282857142857143,0.14326647564469913,0.0,1.456399509987164e-16,0.11836634914903713,11.759312320916905,0.0,0.0,0.15,0.08022922636103152,0,0.18483958483750995,0.2575515422824916,6.345952983005313,0.9623600000000003,0.0,1.0,0.0,0.3,0.0,0.9999999999999944,0.3,0.08,0.11461318051575932,0.05,0.25
128,0.93553419111622,0.482241379917096,0.9347117945870296,0.48210995910118526,0.24899929058488912,0.481178890123021,0.5931232091690545,0.36332943366135184,0.38427543038185014,0.08022922636103152,0.5914285714285714,0.3628703170114285,0.3840312262330643,0.08,0.12320916905444126,0.14857142857142858,0.002857142857142857,10.42,0.14040114613180515,0.0,1.0194796569910141e-16,0.11836634914903713,11.759312320916905,0.0,0.0,0.15,0.08022922636103152,0,0.18500052977046527,0.2562637845710791,6.367605351916635,0.9694583294692651,0.0,0.9807692307692307,0.0,0.3,0.0,0.9999999999999961,0.3,0.08,0.12320916905444126,0.05,0.25
129,0.9363107399051749,0.48244803597934927,0.9354861246651587,0.4822829809089101,0.24899929058488912,0.4812795328335814,0.6389684813753582,0.36332943366135184,0.38427543038185014,0.08022922636103152,0.6371428571428571,0.3628703170114285,0.3840312262330643,0.08,0.10888252148997135,0.13142857142857142,0.002857142857142857,10.514285714285714,0.14040114613180515,0.0,6.990717647938382e-17,0.11836634914903713,11.759312320916905,0.0,0.0,0.15,0.08022922636103152,0,0.1847033849787558,0.25498246564822374,6.371681816306874,0.9500691628798799,0.0,1.0,0.0,0.3,0.0,0.9999999999999973,0.3,0.08,0.10888252148997135,0.05,0.25
130,0.9355663004900936,0.482208265012728,0.9347438122198352,0.48199983013297776,0.24899929058488912,0.4813711091229058,0.6590257879656161,0.3632721270710939,0.38423245043915666,0.08022922636103152,0.6571428571428571,0.3628131741542857,0.38398836909020717,0.08,0.12034383954154727,0.14,0.002857142857142857,10.605714285714285,0.14040114613180515,0.0,4.951758333956351e-17,0.11836634914903713,11.759312320916905,0.0,0.0,0.15,0.08022922636103152,0,0.1850048929292364,0.2537075533199826,6.384248179980735,1.01454452450975,0.0,0.9795918367346939,0.0,0.3,0.0,0.9999999999999981,0.3,0.08,0.12034383954154727,0.05,0.25
131,0.9339448284578398,0.48368332283592785,0.9331269729648164,0.4834780317509025,0.24899929058488912,0.48158512015167726,0.6418338108882522,0.363214820480836,0.38418947049646324,0.08022922636103152,0.64,0.36275603129714284,0.38394551194735005,0.08,0.10888252148997135,0.13714285714285715,0.002857142857142857,10.674285714285714,0.1489971346704871,0.0,3.495358823969189e-17,0.11836634914903713,11.759312320916905,0.0,0.0,0.15,0.08022922636103152,0,0.1853354427467331,0.25243901555338266,6.393706073523979,1.044802233751967,0.0,0.9791666666666666,0.0,0.3,0.0,0.9999999999999987,0.3,0.08,0.10888252148997135,0.05,0.25
132,0.9331445743168939,0.48390455874732935,0.932329005264273,0.48372697189061,0.24899929058488912,0.48174251847298755,0.6590257879656161,0.363214820480836,0.38418947049646324,0.08022922636103152,0.6571428571428571,0.36275603129714284,0.38394551194735005,0.08,0.13753581661891118,0.16285714285714287,0.002857142857142857,10.762857142857143,0.14326647564469913,0.0,2.330239215979459e-17,0.11836634914903713,11.759312320916905,0.0,0.0,0.15,0.08022922636103152,0,0.18506547981871369,0.25117682047561574,6.428689094910641,1.0239061890769277,0.0,1.0,0.0,0.3,0.0,0.9999999999999991,0.3,0.08,0.13753581661891118,0.05,0.25
133,0.9319082614610971,0.4835353857901689,0.9310962247309212,0.48338863071501725,0.24899929058488912,0.48192815305167075,0.6590257879656161,0.36315751389057815,0.38414649055376987,0.08022922636103152,0.6571428571428571,0.36269888844,0.38390265480449287,0.08,0.11461318051575932,0.14285714285714285,0.002857142857142857,10.882857142857143,0.1489971346704871,0.0,1.7476794119845942e-17,0.11836634914903713,11.759312320916905,0.0,0.0,0.15,0.08022922636103152,0,0.18519672384819152,0.24992093637323767,6.4429724558695725,1.004543177296602,0.0,0.98,0.0,0.3,0.0,0.9999999999999993,0.3,0.08,0.11461318051575932,0.05,0.25
134,0.9334831008891106,0.4838576093485902,0.9326665646177121,0.4837057364253789,0.24899929058488912,0.4819947744180292,0.6389684813753582,0.3631002073003203,0.3841035106110764,0.08022922636103152,0.6371428571428571,0.3626417455828571,0.3838597976616357,0.08,0.1174785100286533,0.14857142857142858,0.002857142857142857,10.98857142857143,0.14326647564469913,0.0,1.1651196079897292e-17,0.11836634914903713,11.759312320916905,0.0,0.0,0.15,0.08022922636103152,0,0.18535588308609344,0.24867133169137148,6.462684435323609,0.9844523137506699,0.0,0.9807692307692307,0.0,0.3,0.0,0.9999999999999996,0.3,0.08,0.1174785100286533,0.05,0.25
135,0.9330801979548463,0.4836545420405566,0.9322648128346883,0.4835419101005995,0.24899929058488912,0.4820130653396954,0.6160458452722063,0.3629855941198045,0.38401755072568955,0.08022922636103152,0.6142857142857143,0.3625274598685714,0.3837740833759215,0.08,0.11461318051575932,0.15142857142857144,0.002857142857142857,11.094285714285714,0.15472779369627507,0.0,8.738397059922971e-18,0.11836634914903713,11.759312320916905,0.0,0.0,0.15,0.08022922636103152,0,0.18548596081352012,0.2474279750329146,6.484859318045707,1.0004032674756556,0.0,0.9811320754716981,0.0,0.3,0.0,0.9999999999999997,0.3,0.08,0.11461318051575932,0.05,0.25
136,0.9316388418814301,0.4839797970606266,0.9308275749214817,0.4838223581890062,0.24899929058488912,0.48200710019547144,0.6446991404011462,0.3629855941198045,0.38401755072568955,0.08022922636103152,0.6428571428571429,0.3625274598685714,0.3837740833759215,0.08,0.08022922636103152,0.10285714285714286,0.002857142857142857,11.197142857142858,0.1489971346704871,0.0,5.825598039948646e-18,0.11836634914903713,11.759312320916905,0.0,0.0,0.15,0.08022922636103152,0,0.18507181957730967,0.24619083515775003,6.458019274541936,0.9803952021261425,0.0,1.0,0.0,0.3,0.0,0.9999999999999998,0.3,0.08,0.08022922636103152,0.05,0.25
137,0.9314472062104896,0.4831221671700771,0.9306364867810301,0.4829908258452721,0.24899929058488912,0.48197650694738553,0.6819484240687679,0.3628136743490309,0.3838886108976094,0.08022922636103152,0.68,0.3623560312971428,0.38364551194735,0.08,0.10888252148997135,0.13142857142857142,0.002857142857142857,11.294285714285714,0.15759312320916904,0.0,2.912799019974323e-18,0.11836634914903713,11.759312320916905,0.0,0.0,0.15,0.08022922636103152,0,0.18577388905085168,0.2562611356327575,6.460287460479669,0.9824172985691059,0.0,0.9565217391304348,0.0,0.3,0.0,0.9999999999999999,0.3,0.08,0.10888252148997135,0.05,0.25
138,0.9320185556920035,0.48296222485378554,0.9312062038354536,0.48280165100718103,0.24899929058488912,0.48191287021425866,0.6418338108882522,0.362756367758773,0.3838456309549159,0.08022922636103152,0.64,0.36229888843999997,0.3836026548044929,0.08,0.10315186246418338,0.12,0.002857142857142857,11.417142857142856,0.16045845272206305,0.0,2.912799019974323e-18,0.11836634914903713,11.759312320916905,0.0,0.0,0.15,0.08022922636103152,0,0.1857591624627403,0.2549798299545937,6.451081711270077,0.9820000000000004,0.0,0.9761904761904762,0.0,0.3,0.0,0.9999999999999999,0.3,0.08,0.10315186246418338,0.05,0.25
139,0.9325636038914463,0.48233904607252004,0.9317496947543269,0.4821760723291683,0.24899929058488912,0.48186267563962376,0.6361031518624641,0.362756367758773,0.3838456309549159,0.08022922636103152,0.6342857142857142,0.36229888843999997,0.3836026548044929,0.08,0.11461318051575932,0.14,0.002857142857142857,11.52,0.16045845272206305,0.0,2.912799019974323e-18,0.11836634914903713,11.759312320916905,0.0,0.0,0.15,0.08022922636103152,0,0.18551493950756942,0.2537049308048207,6.462060077044675,0.9623600000000003,0.0,1.0,0.0,0.3,0.0,0.9999999999999999,0.3,0.08,0.11461318051575932,0.05,0.25
140,0.932792153897292,0.48236426659550624,0.9319775917601557,0.4821660277196168,0.24899929058488912,0.4816999745411933,0.6275071633237822,0.36269906116851514,0.38380265101222255,0.08022922636103152,0.6257142857142857,0.3622417455828571,0.38355979766163584,0.08,0.12034383954154727,0.14857142857142858,0.002857142857142857,11.574285714285715,0.15759312320916904,0.0,2.912799019974323e-18,0.11836634914903713,11.759312320916905,0.0,0.0,0.15,0.08022922636103152,0,0.18570093695288872,0.2524364061507966,6.481390304075208,0.9643600000000009,0.0,0.9807692307692307,0.0,0.3,0.0,0.9999999999999999,0.3,0.08,0.12034383954154727,0.05,0.25
141,0.9331939224792468,0.48289356710285175,0.9323782124318764,0.48269401247625005,0.24899929058488912,0.48159594094583064,0.6389684813753582,0.36269906116851514,0.38380265101222255,0.08022922636103152,0.6371428571428571,0.3622417455828571,0.38355979766163584,0.08,0.10888252148997135,0.12571428571428572,0.002857142857142857,11.662857142857144,0.1518624641833811,0.0,2.912799019974323e-18,0.11836634914903713,11.759312320916905,0.0,0.0,0.15,0.08022922636103152,0,0.18545404344769323,0.2511742241200426,6.47747678370799,0.9450728000000008,0.0,1.0,0.0,0.3,0.0,0.9999999999999999,0.3,0.08,0.10888252148997135,0.05,0.25
142,0.9326461207823518,0.4832906643453988,0.9318319758826867,0.4830689267906413,0.24899929058488912,0.48157308100939183,0.6217765042979942,0.3625844479879994,0.3837166911268357,0.08022922636103152,0.62,0.3621274598685714,0.38347408337592154,0.08,0.13753581661891118,0.15714285714285714,0.002857142857142857,11.762857142857143,0.15472779369627507,0.0,2.912799019974323e-18,0.11836634914903713,11.759312320916905,0.0,0.0,0.15,0.08022922636103152,0,0.18569734465902618,0.2499183529994424,6.505070105176688,0.9643600000000009,0.0,0.9818181818181818,0.0,0.3,0.0,0.9999999999999999,0.3,0.08,0.13753581661891118,0.05,0.25
143,0.9318391850708203,0.4830159313746228,0.9310273457017596,0.4827899540922966,0.24899929058488912,0.4816964278984794,0.6189111747851003,0.3625844479879994,0.3837166911268357,0.08022922636103152,0.6171428571428571,0.3621274598685714,0.38347408337592154,0.08,0.12034383954154727,0.14285714285714285,0.002857142857142857,11.842857142857143,0.15472779369627507,0.0,2.912799019974323e-18,0.11836634914903713,11.759312320916905,0.0,0.0,0.15,0.08022922636103152,0,0.1853401436500168,0.24866876123444517,6.517825845930297,0.9450728000000008,0.0,1.0,0.0,0.3,0.0,0.9999999999999999,0.3,0.08,0.12034383954154727,0.05,0.25
144,0.9320964171735344,0.48312872209609453,0.9312838428556088,0.4829025913011021,0.24899929058488912,0.4817540047262079,0.6275071633237822,0.36235522162696787,0.38358813399228125,0.08022922636103152,0.6257142857142857,0.36189888843999996,0.38334589354746573,0.08,0.11174785100286533,0.13428571428571429,0.002857142857142857,11.93142857142857,0.1518624641833811,0.0,2.912799019974323e-18,0.11836634914903713,11.759312320916905,0.0,0.0,0.15,0.08022922636103152,0,0.18629844364605244,0.24959761699033622,6.521755043297404,0.998884887998787,0.0,0.9361702127659575,0.0,0.3,0.0,0.9999999999999999,0.3,0.08,0.11174785100286533,0.05,0.25
145,0.9309440971091735,0.48237371728520256,0.9301348151342891,0.48212164952709785,0.24899929058488912,0.4817474173222449,0.6103151862464183,0.3622406084464521,0.3835021741068944,0.08022922636103152,0.6085714285714285,0.3617846027257143,0.3832601792617515,0.08,0.14040114613180515,0.16857142857142857,0.002857142857142857,12.042857142857143,0.15472779369627507,0.0,2.912799019974323e-18,0.11836634914903713,11.759312320916905,0.0,0.0,0.15,0.08022922636103152,0,0.18650923714210788,0.24834962890538453,6.559891371002884,0.981235894831984,0.0,0.9830508474576272,0.0,0.3,0.0,0.9999999999999999,0.3,0.08,0.14040114613180515,0.05,0.25
146,0.9316499698860542,0.4826636062756806,0.9308386711318073,0.4823567406561087,0.24899929058488912,0.4816415772201629,0.6303724928366762,0.36201138208542055,0.3833302543361208,0.08022922636103152,0.6285714285714286,0.3615560312971428,0.3830887506903229,0.08,0.1346704871060172,0.16,0.002857142857142857,12.117142857142857,0.15472779369627507,0.0,2.912799019974323e-18,0.11836634914903713,11.759312320916905,0.0,0.0,0.15,0.08022922636103152,0,0.18706197738496874,0.24968542189022336,6.588693543582827,0.9835196712121042,0.0,0.9642857142857143,0.0,0.3,0.0,0.9999999999999999,0.3,0.08,0.1346704871060172,0.05,0.25
147,0.931756937644766,0.48317122437976856,0.9309453332683513,0.48285231904698395,0.24899929058488912,0.4815130273312356,0.5959885386819485,0.3618967689049048,0.38324429445073394,0.08022922636103152,0.5942857142857143,0.3614417455828571,0.3830030364046086,0.08,0.14326647564469913,0.1742857142857143,0.002857142857142857,12.225714285714286,0.1518624641833811,0.0,2.912799019974323e-18,0.11836634914903713,11.759312320916905,0.0,0.0,0.15,0.08022922636103152,0,0.18721209606947245,0.24843699478077225,6.631205386996886,0.9659467880014786,0.0,0.9836065573770492,0.0,0.3,0.0,0.9999999999999999,0.3,0.08,0.14326647564469913,0.05,0.25
148,0.9330580144482703,0.48301378012356727,0.93224269270956,0.48268347184966337,0.24899929058488912,0.48134896473725064,0.6532951289398281,0.3618967689049048,0.38324429445073394,0.08022922636103152,0.6514285714285715,0.3614417455828571,0.3830030364046086,0.08,0.14326647564469913,0.17142857142857143,0.002857142857142857,12.311428571428571,0.15472779369627507,0.0,2.912799019974323e-18,0.11836634914903713,11.759312320916905,0.0,0.0,0.15,0.08022922636103152,0,0.1886020005949866,0.2471948098068684,6.670009850685518,0.946627852241449,0.0,1.0,0.0,0.3,0.0,0.9999999999999999,0.3,0.08,0.14326647564469913,0.05,0.25
149,0.9326476666836003,0.4835401357878836,0.9318335173670746,0.48319487796078225,0.24899929058488912,0.4813457203614871,0.6819484240687679,0.3618394623146469,0.38320131450804057,0.08022922636103152,0.68,0.36138460272571427,0.3829601792617515,0.08,0.10888252148997135,0.13714285714285715,0.002857142857142857,12.411428571428571,0.1518624641833811,0.0,2.912799019974323e-18,0.11836634914903713,11.759312320916905,0.0,0.0,0.15,0.08022922636103152,0,0.18865870487772599,0.2574798600763674,6.673752510814666,0.9789720859580952,0.0,0.9791666666666666,0.0,0.3,0.0,0.9999999999999999,0.3,0.08,0.10888252148997135,0.05,0.25
150,0.9336684371197139,0.4828812980595893,0.932851371316228,0.4825022719464768,0.24899929058488912,0.4812800209648195,0.673352435530086,0.3618394623146469,0.38320131450804057,0.08022922636103152,0.6714285714285714,0.36138460272571427,0.3829601792617515,0.08,0.11174785100286533,0.15142857142857144,0.002857142857142857,12.517142857142858,0.1518624641833811,0.0,2.912799019974323e-18,0.11836634914903713,11.759312320916905,0.0,0.0,0.15,0.08022922636103152,0,0.18848273541538882,0.2561924607759856,6.691706032026944,0.9593926442389332,0.0,1.0,0.0,0.3,0.0,0.9999999999999999,0.3,0.08,0.11174785100286533,0.05,0.25
151,0.9323334829182268,0.4826437609381989,0.9315202312696022,0.48228650308309284,0.24899929058488912,0.4813154510441293,0.6418338108882522,0.36172484913413117,0.3831153546226537,0.08022922636103152,0.64,0.36127031701142853,0.3828744649760372,0.08,0.1518624641833811,0.16857142857142857,0.002857142857142857,12.642857142857142,0.1518624641833811,0.0,2.912799019974323e-18,0.11836634914903713,11.759312320916905,0.0,0.0,0.15,0.08022922636103152,0,0.18898443534165235,0.26356622187868844,6.726443339957833,0.9693100454419055,0.0,0.9830508474576272,0.0,0.3,0.0,0.9999999999999999,0.3,0.08,0.1518624641833811,0.05,0.25
152,0.9332023582227907,0.4828822059501972,0.9323866240732959,0.4825000288203981,0.24899929058488912,0.48126525435250667,0.6590257879656161,0.36161023595361547,0.38302939473726694,0.08022922636103152,0.6571428571428571,0.3611560312971428,0.3827887506903229,0.08,0.1174785100286533,0.15428571428571428,0.002857142857142857,12.742857142857142,0.15472779369627507,0.0,2.912799019974323e-18,0.11836634914903713,11.759312320916905,0.0,0.0,0.15,0.08022922636103152,0,0.18915337030780124,0.26224839076929496,6.746200187444391,0.958618771253655,0.0,0.9814814814814815,0.0,0.3,0.0,0.9999999999999999,0.3,0.08,0.1174785100286533,0.05,0.25
153,0.9333406952355485,0.48181311358715245,0.9325245658374459,0.48148891443500164,0.24899929058488912,0.4810539115917682,0.6418338108882522,0.36161023595361547,0.38302939473726694,0.08022922636103152,0.64,0.3611560312971428,0.3827887506903229,0.08,0.09455587392550144,0.12285714285714286,0.002857142857142857,12.86,0.1518624641833811,0.0,2.912799019974323e-18,0.11836634914903713,11.759312320916905,0.0,0.0,0.15,0.08022922636103152,0,0.1887501748848337,0.2609371488154485,6.734133326552645,0.9394463958285818,0.0,1.0,0.0,0.3,0.0,0.9999999999999999,0.3,0.08,0.09455587392550144,0.05,0.25
154,0.9336353109947023,0.4819300381241704,0.9328183398372877,0.4815644581925253,0.24899929058488912,0.4807476062587357,0.6275071633237822,0.36161023595361547,0.38302939473726694,0.08022922636103152,0.6257142857142857,0.3611560312971428,0.3827887506903229,0.08,0.12893982808022922,0.14285714285714285,0.002857142857142857,12.945714285714285,0.1489971346704871,0.0,2.912799019974323e-18,0.11836634914903713,11.759312320916905,0.0,0.0,0.15,0.08022922636103152,0,0.18857671043898097,0.2596324630713713,6.7423078028787335,0.9206574679120102,0.0,1.0,0.0,0.3,0.0,0.9999999999999999,0.3,0.08,0.12893982808022922,0.05,0.25
155,0.9339792828037131,0.48190656993088354,0.9331613288697013,0.4815579830936944,0.24899929058488912,0.48040451730443445,0.6590257879656161,0.3614383161828418,0.3829004549091867,0.08022922636103152,0.6571428571428571,0.36098460272571425,0.38266017926175144,0.08,0.12034383954154727,0.1457142857142857,0.002857142857142857,13.025714285714285,0.1489971346704871,0.0,2.912799019974323e-18,0.11836634914903713,11.759312320916905,0.0,0.0,0.15,0.08022922636103152,0,0.18911911260107178,0.2583343007560144,6.753175932535445,1.0,0.0,0.9607843137254902,0.0,0.3,0.0,0.9999999999999999,0.3,0.08,0.12034383954154727,0.05,0.25
156,0.9340191404452445,0.48185514575886784,0.933201072632257,0.48147495199207113,0.24899929058488912,0.4801190894206356,0.6590257879656161,0.3613810095925839,0.3828574749664933,0.08022922636103152,0.6571428571428571,0.3609274598685714,0.3826173221188943,0.08,0.12034383954154727,0.15714285714285714,0.002857142857142857,13.09142857142857,0.1489971346704871,0.0,2.912799019974323e-18,0.11836634914903713,11.759312320916905,0.0,0.0,0.15,0.08022922636103152,0,0.18928723132378064,0.2570426292522343,6.775255271027595,0.9857863934790271,0.0,0.9818181818181818,0.0,0.3,0.0,0.9999999999999999,0.3,0.08,0.12034383954154727,0.05,0.25
157,0.9340625955090327,0.4815899160968051,0.93324440353872,0.4812725961261244,0.24899929058488912,0.47978530014098447,0.6189111747851003,0.3613810095925839,0.3828574749664933,0.08022922636103152,0.6171428571428571,0.3609274598685714,0.3826173221188943,0.08,0.11461318051575932,0.14,0.002857142857142857,13.177142857142858,0.14613180515759314,0.0,2.912799019974323e-18,0.11836634914903713,11.759312320916905,0.0,0.0,0.15,0.08022922636103152,0,0.18894050945287608,0.2557574161059732,6.779750165607042,0.9660706656094464,0.0,1.0,0.0,0.3,0.0,0.9999999999999999,0.3,0.08,0.11461318051575932,0.05,0.25
158,0.9349239015036938,0.48172315379941544,0.9341032486591104,0.48139478701807553,0.24899929058488912,0.4795073679048614,0.6160458452722063,0.361323703002326,0.3828144950237999,0.08022922636103152,0.6142857142857143,0.3608703170114286,0.38257446497603725,0.08,0.12893982808022922,0.15142857142857144,0.002857142857142857,13.265714285714285,0.1489971346704871,0.0,2.912799019974323e-18,0.11836634914903713,11.759312320916905,0.0,0.0,0.15,0.08022922636103152,0,0.18908109261989742,0.2544786290254433,6.795583733723473,0.9970880706753069,0.0,0.9811320754716981,0.0,0.3,0.0,0.9999999999999999,0.3,0.08,0.12893982808022922,0.05,0.25
159,0.9347937955100589,0.48195690067983626,0.9339735143968861,0.48161274805972326,0.24899929058488912,0.4792914793007516,0.6246418338108882,0.361323703002326,0.3828144950237999,0.08022922636103152,0.6228571428571429,0.3608703170114286,0.38257446497603725,0.08,0.11461318051575932,0.14285714285714285,0.002857142857142857,13.34,0.1489971346704871,0.0,2.912799019974323e-18,0.11836634914903713,11.759312320916905,0.0,0.0,0.15,0.08022922636103152,0,0.18898494670072108,0.2532062358803161,6.802529201906145,0.9771463092618007,0.0,1.0,0.0,0.3,0.0,0.9999999999999999,0.3,0.08,0.11461318051575932,0.05,0.25
160,0.9348490993202957,0.48283147629854767,0.9340286601962365,0.48244137968004974,0.24899929058488912,0.47898978748222837,0.6131805157593123,0.36126639641206815,0.38277151508110646,0.08022922636103152,0.6114285714285714,0.36081317415428565,0.38253160783317997,0.08,0.1346704871060172,0.17142857142857143,0.002857142857142857,13.43142857142857,0.1518624641833811,0.0,2.912799019974323e-18,0.11836634914903713,11.759312320916905,0.0,0.0,0.15,0.08022922636103152,0,0.18923916553864606,0.2549047547880575,6.837907189296593,0.9707916535105772,0.0,0.9833333333333333,0.0,0.3,0.0,0.9999999999999999,0.3,0.08,0.1346704871060172,0.05,0.25
161,0.933547687994887,0.4823798465622775,0.9327309671889004,0.48198425071478107,0.24899929058488912,0.4788058708641533,0.6160458452722063,0.3611517832315524,0.3826855551957196,0.08022922636103152,0.6142857142857143,0.3606988884399999,0.3824458935474658,0.08,0.1318051575931232,0.16857142857142857,0.002857142857142857,13.52,0.1518624641833811,0.0,2.912799019974323e-18,0.11836634914903713,11.759312320916905,0.0,0.0,0.15,0.08022922636103152,0,0.1893499697109528,0.2536302310141172,6.869720474082091,1.0043030204403645,0.0,0.9830508474576272,0.0,0.3,0.0,0.9999999999999999,0.3,0.08,0.1318051575931232,0.05,0.25
162,0.9324376986259741,0.4817790823607347,0.9316241492181845,0.481334478985689,0.24899929058488912,0.47848352838425445,0.6217765042979942,0.3609225568705209,0.382513635424946,0.08022922636103152,0.62,0.3604703170114285,0.3822744649760372,0.08,0.13753581661891118,0.16285714285714287,0.002857142857142857,13.6,0.15472779369627507,0.0,2.912799019974323e-18,0.11836634914903713,11.759312320916905,0.0,0.0,0.15,0.08022922636103152,0,0.18991721986239807,0.25236207985904663,6.895183207457592,1.0223438912020435,0.0,0.9649122807017544,0.0,0.3,0.0,0.9999999999999999,0.3,0.08,0.13753581661891118,0.05,0.25
163,0.931140306321364,0.4826349912267221,0.9303304637487305,0.4822415317249861,0.24899929058488912,0.4782531665056263,0.6762177650429799,0.3606933305094894,0.38234171565417235,0.08022922636103152,0.6742857142857143,0.3602417455828571,0.38210303640460863,0.08,0.12893982808022922,0.15142857142857144,0.002857142857142857,13.677142857142858,0.15472779369627507,0.0,2.912799019974323e-18,0.11836634914903713,11.759312320916905,0.0,0.0,0.15,0.08022922636103152,0,0.19088163376308606,0.2511002694597514,6.908708114737011,1.0068036960345905,0.0,0.9433962264150944,0.0,0.3,0.0,0.9999999999999999,0.3,0.08,0.12893982808022922,0.05,0.25
164,0.9324979200263332,0.48281202745937435,0.9316841985573998,0.48238342923821514,0.24899929058488912,0.4780535765135212,0.6590257879656161,0.3606360239192315,0.382298735711479,0.08022922636103152,0.6571428571428571,0.36018460272571423,0.3820601792617515,0.08,0.12034383954154727,0.16,0.002857142857142857,13.765714285714285,0.15472779369627507,0.0,2.912799019974323e-18,0.11836634914903713,11.759312320916905,0.0,0.0,0.15,0.08022922636103152,0,0.19101251130855637,0.2498447681124526,6.930533952442271,1.0221292764335774,0.0,0.9821428571428571,0.0,0.3,0.0,0.9999999999999999,0.3,0.08,0.12034383954154727,0.05,0.25
165,0.9313411599576742,0.48286334734229147,0.9305307435175083,0.4824274400397079,0.24899929058488912,0.47790862846828314,0.667621776504298,0.36057871732897356,0.3822557557687856,0.08022922636103152,0.6657142857142857,0.36012745986857136,0.38201732211889433,0.08,0.1318051575931232,0.16285714285714287,0.002857142857142857,13.894285714285715,0.15472779369627507,0.0,2.912799019974323e-18,0.11836634914903713,11.759312320916905,0.0,0.0,0.15,0.08022922636103152,0,0.1911713058948707,0.24859554427189035,6.954780416250568,1.0052341888184062,0.0,0.9824561403508771,0.0,0.3,0.0,0.9999999999999999,0.3,0.08,0.1318051575931232,0.05,0.25
166,0.93138502736525,0.4833951934016633,0.930574485589634,0.4829067943036786,0.24899929058488912,0.4776747469665125,0.6504297994269341,0.36057871732897356,0.3822557557687856,0.08022922636103152,0.6485714285714286,0.36012745986857136,0.38201732211889433,0.08,0.12034383954154727,0.14857142857142858,0.002857142857142857,13.997142857142856,0.15472779369627507,0.0,2.912799019974323e-18,0.11836634914903713,11.759312320916905,0.0,0.0,0.15,0.08022922636103152,0,0.19090087793682492,0.24735256655053087,6.964256236496985,0.9851295050420381,0.0,1.0,0.0,0.3,0.0,0.9999999999999999,0.3,0.08,0.12034383954154727,0.05,0.25
167,0.9334058919818525,0.48363721362913065,0.9325895763073315,0.48312778787622407,0.24899929058488912,0.4773955530290009,0.6131805157593123,0.36040679755819993,0.3821268159407053,0.08022922636103152,0.6114285714285714,0.35995603129714276,0.3818887506903229,0.08,0.1346704871060172,0.18,0.002857142857142857,14.094285714285714,0.1518624641833811,0.0,2.912799019974323e-18,0.11836634914903713,11.759312320916905,0.0,0.0,0.15,0.08022922636103152,0,0.1914605164042837,0.24611580371777822,7.004971111767045,1.0010669149411964,0.0,0.9682539682539683,0.0,0.3,0.0,0.9999999999999999,0.3,0.08,0.1346704871060172,0.05,0.25
168,0.9319393845042876,0.4831982842517429,0.9311272588511315,0.4827015979612964,0.24899929058488912,0.47721306122080404,0.6561604584527221,0.36040679755819993,0.3821268159407053,0.08022922636103152,0.6542857142857142,0.35995603129714276,0.3818887506903229,0.08,0.12320916905444126,0.13714285714285715,0.002857142857142857,14.174285714285714,0.15472779369627507,0.0,2.912799019974323e-18,0.11836634914903713,11.759312320916905,0.0,0.0,0.15,0.08022922636103152,0,0.19107449953654798,0.24488522469918933,7.002014546674561,0.9810455766423725,0.0,1.0,0.0,0.3,0.0,0.9999999999999999,0.3,0.08,0.12320916905444126,0.05,0.25
169,0.9301789983116509,0.483435912134618,0.9293719023333308,0.48293064874579084,0.24899929058488912,0.47703767746429426,0.6848137535816619,0.3603494909679421,0.38208383599801193,0.08022922636103152,0.6828571428571428,0.35989888843999995,0.38184589354746573,0.08,0.1174785100286533,0.1457142857142857,0.002857142857142857,14.257142857142858,0.15472779369627507,0.0,2.912799019974323e-18,0.11836634914903713,11.759312320916905,0.0,0.0,0.15,0.08022922636103152,0,0.19156295492792003,0.24366079857569337,7.007688541455354,0.9719075815784032,0.0,0.9803921568627451,0.0,0.3,0.0,0.9999999999999999,0.3,0.08,0.1174785100286533,0.05,0.25
170,0.9311372026755615,0.4822128735754403,0.9303273689704872,0.4817356308798719,0.24899929058488912,0.4768807373603249,0.66189111747851,0.3602921843776842,0.38204085605531857,0.08022922636103152,0.66,0.3598417455828571,0.38180303640460855,0.08,0.11174785100286533,0.13714285714285715,0.002857142857142857,14.411428571428571,0.15472779369627507,0.0,2.912799019974323e-18,0.11836634914903713,11.759312320916905,0.0,0.0,0.15,0.08022922636103152,0,0.19166185443899475,0.2589765329181341,7.004677627769106,0.9652317531274339,0.0,0.9791666666666666,0.0,0.3,0.0,0.9999999999999999,0.3,0.08,0.11174785100286533,0.05,0.25
171,0.9311665172617136,0.48217773319748614,0.9303565998006791,0.4817421967429823,0.24899929058488912,0.4766782897634476,0.6361031518624641,0.3602921843776842,0.38204085605531857,0.08022922636103152,0.6342857142857142,0.3598417455828571,0.38180303640460855,0.08,0.1318051575931232,0.16,0.002857142857142857,14.531428571428572,0.15472779369627507,0.0,2.912799019974323e-18,0.11836634914903713,11.759312320916905,0.0,0.0,0.15,0.08022922636103152,0,0.19141711730965685,0.2576816502535434,7.024584075213723,0.9459271180648853,0.0,1.0,0.0,0.3,0.0,0.9999999999999999,0.3,0.08,0.1318051575931232,0.05,0.25
172,0.9309240180036032,0.48138891239826376,0.930114793397592,0.48097179507475923,0.24899929058488912,0.4763888118270866,0.6446991404011462,0.3602921843776842,0.38204085605531857,0.08022922636103152,0.6428571428571429,0.3598417455828571,0.38180303640460855,0.08,0.10888252148997135,0.13714285714285715,0.002857142857142857,14.62,0.1518624641833811,0.0,2.912799019974323e-18,0.11836634914903713,11.759312320916905,0.0,0.0,0.15,0.08022922636103152,0,0.19160468683582507,0.2563932420022757,7.021235250852304,0.9270085757035876,0.0,1.0,0.0,0.3,0.0,0.9999999999999999,0.3,0.08,0.10888252148997135,0.05,0.25
173,0.9305568284284913,0.48151180587494885,0.9297486529355518,0.48111171572521594,0.24899929058488912,0.47591159479280654,0.664756446991404,0.3602921843776842,0.38204085605531857,0.08022922636103152,0.6628571428571428,0.3598417455828571,0.38180303640460855,0.08,0.11461318051575932,0.15142857142857144,0.002857142857142857,14.685714285714285,0.1518624641833811,0.0,2.912799019974323e-18,0.11836634914903713,11.759312320916905,0.0,0.0,0.15,0.08022922636103152,0,0.19144481338380667,0.25511127579226434,7.032239117263832,0.9084684041895158,0.0,1.0,0.0,0.3,0.0,0.9999999999999999,0.3,0.08,0.11461318051575932,0.05,0.25
174,0.9312935561393978,0.4812083788276306,0.9304832757101413,0.48079104330648403,0.24899929058488912,0.4753914463159697,0.6504297994269341,0.3602921843776842,0.38204085605531857,0.08022922636103152,0.6485714285714286,0.3598417455828571,0.38180303640460855,0.08,0.1174785100286533,0.14857142857142858,0.002857142857142857,14.785714285714286,0.14613180515759314,0.0,2.912799019974323e-18,0.11836634914903713,11.759312320916905,0.0,0.0,0.15,0.08022922636103152,0,0.1911444464597448,0.25383571941330296,7.040165763489983,0.8902990361057255,0.0,1.0,0.0,0.3,0.0,0.9999999999999999,0.3,0.08,0.1174785100286533,0.05,0.25
175,0.9311820021274623,0.4815461653674621,0.9303720404239542,0.48107652610830387,0.24899929058488912,0.47492753897343837,0.6504297994269341,0.3602921843776842,0.38204085605531857,0.08022922636103152,0.6485714285714286,0.3598417455828571,0.38180303640460855,0.08,0.11461318051575932,0.12857142857142856,0.002857142857142857,14.891428571428571,0.1489971346704871,0.0,2.912799019974323e-18,0.11836634914903713,11.759312320916905,0.0,0.0,0.15,0.08022922636103152,0,0.19075986708458897,0.2525665408162365,7.027933876791611,0.872493055383611,0.0,1.0,0.0,0.3,0.0,0.9999999999999999,0.3,0.08,0.11461318051575932,0.05,0.25
176,0.932039925280796,0.4816266379206638,0.9312275123682784,0.4811997935124042,0.24899929058488912,0.4743939665767239,0.6217765042979942,0.36006295801665267,0.38186893628454494,0.08022922636103152,0.62,0.35961317415428573,0.38163160783317995,0.08,0.12607449856733524,0.15714285714285714,0.002857142857142857,14.994285714285715,0.1489971346704871,0.0,2.912799019974323e-18,0.11836634914903713,11.759312320916905,0.0,0.0,0.15,0.08022922636103152,0,0.1913767820348803,0.2513037081121553,7.044518056398636,0.8712743339366763,0.0,0.9636363636363636,0.0,0.3,0.0,0.9999999999999999,0.3,0.08,0.12607449856733524,0.05,0.25
177,0.9313756613083178,0.4809823279509134,0.9305651462928641,0.4804886307159357,0.24899929058488912,0.4738815736931733,0.6504297994269341,0.3599483448361369,0.38178297639915804,0.08022922636103152,0.6485714285714286,0.35949888843999994,0.38154589354746576,0.08,0.12607449856733524,0.16,0.002857142857142857,15.105714285714285,0.1489971346704871,0.0,2.912799019974323e-18,0.11836634914903713,11.759312320916905,0.0,0.0,0.15,0.08022922636103152,0,0.19147675526756303,0.2500471895715945,7.063627695270664,0.8766843568916417,0.0,0.9821428571428571,0.0,0.3,0.0,0.9999999999999999,0.3,0.08,0.12607449856733524,0.05,0.25
178,0.9302512737950503,0.48086950811010765,0.9294439713153491,0.480398366892288,0.24899929058488912,0.47334868398531627,0.6504297994269341,0.35983373165562116,0.3816970165137713,0.08022922636103152,0.6485714285714286,0.35938460272571426,0.3814601792617514,0.08,0.1174785100286533,0.13428571428571429,0.002857142857142857,15.2,0.1489971346704871,0.0,2.912799019974323e-18,0.11836634914903713,11.759312320916905,0.0,0.0,0.15,0.08022922636103152,0,0.19146208577693946,0.2507059416774173,7.056640855650964,0.9613183544285845,0.0,0.9787234042553191,0.0,0.3,0.0,0.9999999999999999,0.3,0.08,0.1174785100286533,0.05,0.25
179,0.9303866897561186,0.48068049342075475,0.9295790003736712,0.4802272903684294,0.24899929058488912,0.4728548203137164,0.6103151862464183,0.3595471987043317,0.38148211680030414,0.08022922636103152,0.6085714285714285,0.35909888843999993,0.3812458935474658,0.08,0.11461318051575932,0.14,0.002857142857142857,15.277142857142858,0.1518624641833811,0.0,2.912799019974323e-18,0.11836634914903713,11.759312320916905,0.0,0.0,0.15,0.08022922636103152,0,0.19241820463376907,0.24945241196903015,7.055508038537945,0.9811816260036548,0.0,0.9387755102040817,0.0,0.3,0.0,0.9999999999999999,0.3,0.08,0.11461318051575932,0.05,0.25
180,0.9305989366745014,0.480292596110009,0.9297906408722874,0.47983976527075894,0.24899929058488912,0.4723958557272921,0.6475644699140402,0.3594898921140739,0.3814391368576107,0.08022922636103152,0.6457142857142857,0.3590417455828571,0.3812030364046086,0.08,0.12034383954154727,0.1657142857142857,0.002857142857142857,15.36,0.1489971346704871,0.0,2.912799019974323e-18,0.11836634914903713,11.759312320916905,0.0,0.0,0.15,0.08022922636103152,0,0.19259811432488594,0.248205149909185,7.080112163481472,0.98,0.0,0.9827586206896551,0.0,0.3,0.0,0.9999999999999999,0.3,0.08,0.12034383954154727,0.05,0.25
181,0.9301830500639561,0.48057346325980554,0.9293759425092007,0.48013244249107295,0.24899929058488912,0.4720041328503538,0.6303724928366762,0.35920335916278445,0.3812242371441437,0.08022922636103152,0.6285714285714286,0.35875603129714284,0.38098875069032295,0.08,0.10888252148997135,0.12571428571428572,0.002857142857142857,15.454285714285714,0.14613180515759314,0.0,2.912799019974323e-18,0.11836634914903713,11.759312320916905,0.0,0.0,0.15,0.08022922636103152,0,0.19368438329718465,0.24943240114827214,7.064224205926129,0.9768351049354606,0.0,0.9318181818181818,0.0,0.3,0.0,0.9999999999999999,0.3,0.08,0.10888252148997135,0.05,0.25
182,0.9298608049359,0.4801005708367448,0.9290546180815105,0.47966943793758116,0.24899929058488912,0.47161123949111944,0.6303724928366762,0.35908874598226864,0.38113827725875693,0.08022922636103152,0.6285714285714286,0.3586417455828571,0.38090303640460865,0.08,0.1174785100286533,0.13142857142857142,0.002857142857142857,15.577142857142857,0.1489971346704871,0.0,2.912799019974323e-18,0.11836634914903713,11.759312320916905,0.0,0.0,0.15,0.08022922636103152,0,0.19382882137712734,0.2481852391425308,7.054368293236177,0.9627230999626246,0.0,0.9782608695652174,0.0,0.3,0.0,0.9999999999999999,0.3,0.08,0.1174785100286533,0.05,0.25
183,0.9310822555105558,0.48075566206179826,0.9302725787973816,0.48033804389350976,0.24899929058488912,0.47128808510620324,0.6275071633237822,0.35908874598226864,0.38113827725875693,0.08022922636103152,0.6257142857142857,0.3586417455828571,0.38090303640460865,0.08,0.11461318051575932,0.1457142857142857,0.002857142857142857,15.682857142857143,0.1489971346704871,0.0,2.912799019974323e-18,0.11836634914903713,11.759312320916905,0.0,0.0,0.15,0.08022922636103152,0,0.19348753512738454,0.24694431294681812,7.0589952130857405,0.9434686379633721,0.0,1.0,0.0,0.3,0.0,0.9999999999999999,0.3,0.08,0.11461318051575932,0.05,0.25
184,0.9308216647760077,0.48063935901118165,0.9300127326077892,0.480266564925158,0.24899929058488912,0.47108014423514716,0.6160458452722063,0.358916826211495,0.3810093374306767,0.08022922636103152,0.6142857142857143,0.3584703170114285,0.38077446497603723,0.08,0.1346704871060172,0.16285714285714287,0.002857142857142857,15.774285714285714,0.1489971346704871,0.0,2.912799019974323e-18,0.11836634914903713,11.759312320916905,0.0,0.0,0.15,0.08022922636103152,0,0.19433882498366545,0.25530502988966686,7.080672451681166,0.9623230993100946,0.0,0.9649122807017544,0.0,0.3,0.0,0.9999999999999999,0.3,0.08,0.1346704871060172,0.05,0.25
185,0.931213395577783,0.480524689113147,0.9304033441787026,0.4801311460808467,0.24899929058488912,0.47082609582115065,0.6103151862464183,0.358916826211495,0.3810093374306767,0.08022922636103152,0.6085714285714285,0.3584703170114285,0.38077446497603723,0.08,0.10315186246418338,0.12571428571428572,0.002857142857142857,15.868571428571428,0.1489971346704871,0.0,2.912799019974323e-18,0.11836634914903713,11.759312320916905,0.0,0.0,0.15,0.08022922636103152,0,0.19388098871589,0.25402850474021854,7.064773288361828,0.9430766373238927,0.0,1.0,0.0,0.3,0.0,0.9999999999999999,0.3,0.08,0.10315186246418338,0.05,0.25
186,0.9314117094450413,0.48041221863190336,0.9306010914349115,0.4800168086985118,0.24899929058488912,0.47056802601585934,0.6361031518624641,0.35885951962123713,0.38096635748798335,0.08022922636103152,0.6342857142857142,0.35841317415428564,0.38073160783318005,0.08,0.12893982808022922,0.15714285714285714,0.002857142857142857,15.957142857142857,0.1489971346704871,0.0,2.912799019974323e-18,0.11836634914903713,11.759312320916905,0.0,0.0,0.15,0.08022922636103152,0,0.194166026575989,0.2527583622165175,7.08062067973745,0.9417842747569551,0.0,0.9818181818181818,0.0,0.3,0.0,0.9999999999999999,0.3,0.08,0.12893982808022922,0.05,0.25
187,0.9308667415123809,0.4792180379996298,0.9300576805534871,0.478795308855148,0.24899929058488912,0.47019386272732305,0.6446991404011462,0.35874490644072143,0.38088039760259645,0.08022922636103152,0.6428571428571429,0.35829888843999996,0.38064589354746575,0.08,0.12607449856733524,0.15714285714285714,0.002857142857142857,16.08,0.15472779369627507,0.0,2.912799019974323e-18,0.11836634914903713,11.759312320916905,0.0,0.0,0.15,0.08022922636103152,0,0.19436520001096624,0.2514945704054349,7.096151123285558,0.93152541815429,0.0,0.9818181818181818,0.0,0.3,0.0,0.9999999999999999,0.3,0.08,0.12607449856733524,0.05,0.25
188,0.9306305157664854,0.4798643476468425,0.9298221297382943,0.4794228155490186,0.24899929058488912,0.469752362793358,0.6103151862464183,0.3586302932602056,0.3807944377172097,0.08022922636103152,0.6085714285714285,0.35818460272571423,0.3805601792617515,0.08,0.14040114613180515,0.16,0.002857142857142857,16.197142857142858,0.15472779369627507,0.0,2.912799019974323e-18,0.11836634914903713,11.759312320916905,0.0,0.0,0.15,0.08022922636103152,0,0.19445008829662566,0.25023709755340773,7.1142281008198465,0.9194489996000258,0.0,0.9821428571428571,0.0,0.3,0.0,0.9999999999999999,0.3,0.08,0.14040114613180515,0.05,0.25
189,0.9311735630002594,0.4802077175216396,0.9303636254085432,0.479748702799011,0.24899929058488912,0.46939148228231575,0.6475644699140402,0.35857298666994775,0.38075145777451624,0.08022922636103152,0.6457142857142857,0.3581274598685714,0.3805173221188943,0.08,0.1174785100286533,0.15142857142857144,0.002857142857142857,16.285714285714285,0.15472779369627507,0.0,2.912799019974323e-18,0.11836634914903713,11.759312320916905,0.0,0.0,0.15,0.08022922636103152,0,0.19486480860134026,0.26401818741452127,7.1233721102320215,0.9431128000000003,0.0,0.9811320754716981,0.0,0.3,0.0,0.9999999999999999,0.3,0.08,0.1174785100286533,0.05,0.25
190,0.9309819157943952,0.4806240825114329,0.9301725257661243,0.4802059412101658,0.24899929058488912,0.46918624330574377,0.6217765042979942,0.35857298666994775,0.38075145777451624,0.08022922636103152,0.62,0.3581274598685714,0.3805173221188943,0.08,0.10028653295128939,0.12857142857142856,0.002857142857142857,16.382857142857144,0.1489971346704871,0.0,2.912799019974323e-18,0.11836634914903713,11.759312320916905,0.0,0.0,0.15,0.08022922636103152,0,0.194490055986905,0.2626980964774487,7.10947609659881,0.9242505440000003,0.0,1.0,0.0,0.3,0.0,0.9999999999999999,0.3,0.08,0.10028653295128939,0.05,0.25
191,0.931251542579417,0.4804789342515809,0.9304413821889034,0.48005336005223453,0.24899929058488912,0.468982814824079,0.5587392550143266,0.35845837348943205,0.3806654978891294,0.08022922636103152,0.5571428571428572,0.3580131741542857,0.3804316078331801,0.08,0.12320916905444126,0.15142857142857144,0.002857142857142857,16.48,0.1518624641833811,0.0,2.912799019974323e-18,0.11836634914903713,11.759312320916905,0.0,0.0,0.15,0.08022922636103152,0,0.1946027485641133,0.268584310265751,7.118715146095403,0.9242505440000003,0.0,0.9811320754716981,0.0,0.3,0.0,0.9999999999999999,0.3,0.08,0.12320916905444126,0.05,0.25
192,0.9328520607389214,0.4794930497689317,0.9320373274393806,0.4790667508151492,0.24899929058488912,0.4688125157399322,0.5988538681948424,0.3582864537186584,0.38053655806104913,0.08022922636103152,0.5971428571428572,0.35784174558285714,0.3803030364046086,0.08,0.09455587392550144,0.11142857142857143,0.002857142857142857,16.565714285714286,0.1489971346704871,0.0,2.912799019974323e-18,0.11836634914903713,11.759312320916905,0.0,0.0,0.15,0.08022922636103152,0,0.19494387767843557,0.27465872179410017,7.087769414602067,0.9318779884395441,0.0,0.9487179487179487,0.0,0.3,0.0,0.9999999999999999,0.3,0.08,0.09455587392550144,0.05,0.25
193,0.9328780454962712,0.47944051964977563,0.9320632379545661,0.47903073060036183,0.24899929058488912,0.4685726938587544,0.6160458452722063,0.3581718405381426,0.3804505981756624,0.08022922636103152,0.6142857142857143,0.35772745986857135,0.3802173221188943,0.08,0.12320916905444126,0.14285714285714285,0.002857142857142857,16.67142857142857,0.1518624641833811,0.0,2.912799019974323e-18,0.11836634914903713,11.759312320916905,0.0,0.0,0.15,0.08022922636103152,0,0.19548244471861487,0.2732854281851297,7.088871169167168,0.9850290164351567,0.0,0.96,0.0,0.3,0.0,0.9999999999999999,0.3,0.08,0.12320916905444126,0.05,0.25
194,0.9318677438115086,0.47906825840449035,0.9310558228460458,0.47860723730976334,0.24899929058488912,0.46841964292696225,0.5673352435530086,0.35782800099659534,0.38019271851950187,0.08022922636103152,0.5657142857142857,0.35738460272571426,0.37996017926175146,0.08,0.12034383954154727,0.15714285714285714,0.002857142857142857,16.777142857142856,0.1489971346704871,0.0,2.912799019974323e-18,0.11836634914903713,11.759312320916905,0.0,0.0,0.15,0.08022922636103152,0,0.19684746106645032,0.2749416305012881,7.104236602926682,1.0,0.0,0.9272727272727272,0.0,0.3,0.0,0.9999999999999999,0.3,0.08,0.12034383954154727,0.05,0.25
195,0.9310750568847352,0.4801011903663132,0.9302654007390634,0.4796411476862992,0.24899929058488912,0.4683038014537817,0.5902578796561605,0.35777069440633746,0.3801497385768085,0.08022922636103152,0.5885714285714285,0.3573274598685714,0.37991732211889434,0.08,0.11461318051575932,0.14,0.002857142857142857,16.825714285714287,0.1518624641833811,0.0,2.912799019974323e-18,0.11836634914903713,11.759312320916905,0.0,0.0,0.15,0.08022922636103152,0,0.19711540922282986,0.2844593150822303,7.102151870868148,0.9956560414640838,0.0,0.9795918367346939,0.0,0.3,0.0,0.9999999999999999,0.3,0.08,0.11461318051575932,0.05,0.25
196,0.9304220022507432,0.47938284815963833,0.9296142119754542,0.4789263456241666,0.24899929058488912,0.468392288493409,0.6275071633237822,0.35759877463556383,0.3800207987487282,0.08022922636103152,0.6257142857142857,0.3571560312971428,0.37978875069032286,0.08,0.1489971346704871,0.18571428571428572,0.002857142857142857,16.937142857142856,0.15472779369627507,0.0,2.912799019974323e-18,0.11836634914903713,11.759312320916905,0.0,0.0,0.15,0.08022922636103152,0,0.19786998926610852,0.28303701850681917,7.145823119165072,1.0404014485423856,0.0,0.9692307692307692,0.0,0.3,0.0,0.9999999999999999,0.3,0.08,0.1489971346704871,0.05,0.25
197,0.9309447764977822,0.4794793939009411,0.9301354925817873,0.47897659566660006,0.24899929058488912,0.46834034286274573,0.6045845272206304,0.357484161455048,0.37993483886334145,0.08022922636103152,0.6028571428571429,0.35704174558285706,0.3797030364046086,0.08,0.11461318051575932,0.15142857142857144,0.002857142857142857,17.002857142857142,0.1518624641833811,0.0,2.912799019974323e-18,0.11836634914903713,11.759312320916905,0.0,0.0,0.15,0.08022922636103152,0,0.19788049646263509,0.28162183341428504,7.154335228210341,1.019593419571538,0.0,0.9811320754716981,0.0,0.3,0.0,0.9999999999999999,0.3,0.08,0.11461318051575932,0.05,0.25
198,0.9301486992149494,0.478995569396662,0.929341689805477,0.4784997695334464,0.24899929058488912,0.46839482743307875,0.6504297994269341,0.3573695482745323,0.37984887897795466,0.08022922636103152,0.6485714285714286,0.35692745986857133,0.3796173221188943,0.08,0.11461318051575932,0.14285714285714285,0.002857142857142857,17.071428571428573,0.1518624641833811,0.0,2.912799019974323e-18,0.11836634914903713,11.759312320916905,0.0,0.0,0.15,0.08022922636103152,0,0.19797623683746476,0.28021372424721364,7.154105666503276,1.0069721569776622,0.0,0.98,0.0,0.3,0.0,0.9999999999999999,0.3,0.08,0.11461318051575932,0.05,0.25
199,0.9309440888217793,0.4787564957523497,0.9301348068705731,0.4783089172494031,0.24899929058488912,0.4684856427414952,0.6045845272206304,0.35731224168427445,0.37984887897795466,0.08022922636103152,0.6028571428571429,0.3568703170114286,0.3796173221188943,0.08,0.13753581661891118,0.16857142857142857,0.002857142857142857,17.154285714285713,0.1518624641833811,0.0,2.912799019974323e-18,0.11836634914903713,11.759312320916905,0.0,0.0,0.15,0.08022922636103152,0,0.19846222532805244,0.27881265562597757,7.17959498174464,1.0515602236673178,0.0,0.9830508474576272,0.0,0.3,0.0,0.9999999999999999,0.3,0.08,0.13753581661891118,0.05,0.25
200,0.930799204918519,0.4788288091389772,0.9299903369213222,0.4784173890920064,0.24899929058488912,0.46848858931794635,0.6189111747851003,0.35731224168427445,0.37984887897795466,0.08022922636103152,0.6171428571428571,0.3568703170114286,0.3796173221188943,0.08,0.12893982808022922,0.16285714285714287,0.002857142857142857,17.257142857142856,0.15472779369627507,0.0,2.912799019974323e-18,0.11836634914903713,11.759312320916905,0.0,0.0,0.15,0.08022922636103152,0,0.19812677134426931,0.27741859234784766,7.198860224966889,1.0305290191939716,0.0,1.0,0.0,0.3,0.0,0.9999999999999999,0.3,0.08,0.12893982808022922,0.05,0.25
201,0.9287590249682517,0.4790172225679376,0.9279559860566269,0.4786547487664159,0.24899929058488912,0.46861782484771425,0.6275071633237822,0.35719762850375864,0.3797629190925678,0.08022922636103152,0.6257142857142857,0.35675603129714284,0.3795316078331801,0.08,0.1489971346704871,0.17142857142857143,0.002857142857142857,17.357142857142858,0.15472779369627507,0.0,2.912799019974323e-18,0.11836634914903713,11.759312320916905,0.0,0.0,0.15,0.08022922636103152,0,0.19867856605897652,0.2760314993861084,7.226311591896122,1.0388105513930936,0.0,0.9666666666666667,0.0,0.3,0.0,0.9999999999999999,0.3,0.08,0.1489971346704871,0.05,0.25
202,0.9286852744302331,0.47813245534567655,0.9278824462344314,0.4777368653512818,0.24899929058488912,0.46883094495656213,0.6074498567335244,0.35685378896221137,0.37950503943640734,0.08022922636103152,0.6057142857142858,0.35641317415428564,0.37927446497603723,0.08,0.14040114613180515,0.17142857142857143,0.002857142857142857,17.434285714285714,0.1518624641833811,0.0,2.912799019974323e-18,0.11836634914903713,11.759312320916905,0.0,0.0,0.15,0.08022922636103152,0,0.19971331608582457,0.27465134188917784,7.253213931486772,1.0264882478679689,0.0,0.95,0.0,0.3,0.0,0.9999999999999999,0.3,0.08,0.14040114613180515,0.05,0.25
203,0.9276319039070493,0.47758604828314033,0.9268320853413134,0.4771385459901811,0.24899929058488912,0.4689464926486435,0.5673352435530086,0.35685378896221137,0.37950503943640734,0.08022922636103152,0.5657142857142857,0.35641317415428564,0.37927446497603723,0.08,0.12607449856733524,0.14857142857142858,0.002857142857142857,17.55142857142857,0.16045845272206305,0.0,2.912799019974323e-18,0.11836634914903713,11.759312320916905,0.0,0.0,0.15,0.08022922636103152,0,0.19985410955834465,0.2732780851797319,7.256721081428465,1.0059584829106096,0.0,1.0,0.0,0.3,0.0,0.9999999999999999,0.3,0.08,0.12607449856733524,0.05,0.25
204,0.9277345410290103,0.4771459327565098,0.926934429214355,0.47673063137521793,0.24899929058488912,0.46884316781784807,0.5558739255014327,0.35685378896221137,0.37950503943640734,0.08022922636103152,0.5542857142857143,0.35641317415428564,0.37927446497603723,0.08,0.12607449856733524,0.14285714285714285,0.002857142857142857,17.60857142857143,0.15759312320916904,0.0,2.912799019974323e-18,0.11836634914903713,11.759312320916905,0.0,0.0,0.15,0.08022922636103152,0,0.19948298186769584,0.27191169475383326,7.254443802657037,0.9858393132523974,0.0,1.0,0.0,0.3,0.0,0.9999999999999999,0.3,0.08,0.12607449856733524,0.05,0.25
205,0.9285875903290032,0.47659764451179765,0.9277850412306333,0.476155100776447,0.24899929058488912,0.4686909444747324,0.6160458452722063,0.35662456260117986,0.3793331196656337,0.08022922636103152,0.6142857142857143,0.3561846027257142,0.37910303640460863,0.08,0.15472779369627507,0.18857142857142858,0.002857142857142857,17.7,0.15759312320916904,0.0,2.912799019974323e-18,0.11836634914903713,11.759312320916905,0.0,0.0,0.15,0.08022922636103152,0,0.2002838548155002,0.27055213628006414,7.297926355175327,1.002333727150496,0.0,0.9696969696969697,0.0,0.3,0.0,0.9999999999999999,0.3,0.08,0.15472779369627507,0.05,0.25
206,0.9291640043494512,0.4764737958473803,0.9283598083538802,0.4760158290911489,0.24899929058488912,0.46840092046607185,0.6246418338108882,0.35662456260117986,0.3793331196656337,0.08022922636103152,0.6228571428571429,0.3561846027257142,0.37910303640460863,0.08,0.12320916905444126,0.15428571428571428,0.002857142857142857,17.771428571428572,0.15759312320916904,0.0,2.912799019974323e-18,0.11836634914903713,11.759312320916905,0.0,0.0,0.15,0.08022922636103152,0,0.19991100696999412,0.2691993755986638,7.306253542357534,0.9822870526074862,0.0,1.0,0.0,0.3,0.0,0.9999999999999999,0.3,0.08,0.12320916905444126,0.05,0.25
207,0.9295589594632913,0.47645895164612845,0.9287536350245379,0.47600984481366004,0.24899929058488912,0.46813196395656026,0.6361031518624641,0.35662456260117986,0.3793331196656337,0.08022922636103152,0.6342857142857142,0.3561846027257142,0.37910303640460863,0.08,0.10601719197707736,0.14857142857142858,0.002857142857142857,17.82857142857143,0.1518624641833811,0.0,2.912799019974323e-18,0.11836634914903713,11.759312320916905,0.0,0.0,0.15,0.08022922636103152,0,0.19959645264942985,0.2678533787206705,7.308699900081811,0.9626413115553364,0.0,1.0,0.0,0.3,0.0,0.9999999999999999,0.3,0.08,0.10601719197707736,0.05,0.25
208,0.9302031476603276,0.47620593285325824,0.9293959826838684,0.47569801719401034,0.24899929058488912,0.4678082435694105,0.670487106017192,0.3565099494206641,0.37924715978024687,0.08022922636103152,0.6685714285714286,0.35607031701142855,0.3790173221188944,0.08,0.14326647564469913,0.17714285714285713,0.002857142857142857,17.911428571428573,0.1518624641833811,0.0,2.912799019974323e-18,0.11836634914903713,11.759312320916905,0.0,0.0,0.15,0.08022922636103152,0,0.19979775610046846,0.2732973866633479,7.339668759223033,0.9703681670285125,0.0,0.9838709677419355,0.0,0.3,0.0,0.9999999999999999,0.3,0.08,0.14326647564469913,0.05,0.25
209,0.931950686048034,0.47649529131276436,0.9311385281047527,0.47601578959554347,0.24899929058488912,0.4676625066918507,0.6189111747851003,0.35616610987911684,0.3789892801240865,0.08022922636103152,0.6171428571428571,0.3557274598685714,0.3787601792617515,0.08,0.12034383954154727,0.14285714285714285,0.002857142857142857,18.00857142857143,0.14613180515759314,0.0,2.912799019974323e-18,0.11836634914903713,11.759312320916905,0.0,0.0,0.15,0.08022922636103152,0,0.20068405303425177,0.27193089973003115,7.335732526895715,1.0014564591282396,0.0,0.94,0.0,0.3,0.0,0.9999999999999999,0.3,0.08,0.12034383954154727,0.05,0.25
210,0.9319397458111731,0.4762005977754565,0.9311276191257113,0.4757168126930979,0.24899929058488912,0.46765264183007094,0.6189111747851003,0.35605149669860103,0.3789033202386996,0.08022922636103152,0.6171428571428571,0.35561317415428567,0.3786744649760372,0.08,0.14613180515759314,0.19714285714285715,0.002857142857142857,18.094285714285714,0.14613180515759314,0.0,2.912799019974323e-18,0.11836634914903713,11.759312320916905,0.0,0.0,0.15,0.08022922636103152,0,0.20102248991193766,0.270571245231381,7.386160733500657,0.9948459695110693,0.0,0.9855072463768116,0.0,0.3,0.0,0.9999999999999999,0.3,0.08,0.14613180515759314,0.05,0.25
211,0.9307575673735128,0.47631129350753865,0.9299488183407302,0.4758441848520244,0.24899929058488912,0.46768551263746155,0.6103151862464183,0.35605149669860103,0.3789033202386996,0.08022922636103152,0.6085714285714285,0.35561317415428567,0.3786744649760372,0.08,0.14613180515759314,0.18571428571428572,0.002857142857142857,18.214285714285715,0.1489971346704871,0.0,2.912799019974323e-18,0.11836634914903713,11.759312320916905,0.0,0.0,0.15,0.08022922636103152,0,0.20070309174809225,0.26921838900522405,7.424151804544928,0.9749490501208479,0.0,1.0,0.0,0.3,0.0,0.9999999999999999,0.3,0.08,0.14613180515759314,0.05,0.25
212,0.9308631295609624,0.4762841775431111,0.93005407892193,0.47576451565539724,0.24899929058488912,0.46785915244217224,0.5959885386819485,0.35605149669860103,0.3789033202386996,0.08022922636103152,0.5942857142857143,0.35561317415428567,0.3786744649760372,0.08,0.1518624641833811,0.17714285714285713,0.002857142857142857,18.28857142857143,0.14326647564469913,0.0,2.912799019974323e-18,0.11836634914903713,11.759312320916905,0.0,0.0,0.15,0.08022922636103152,0,0.20041371914649464,0.26787229706019794,7.452811625596889,0.9554500691184309,0.0,1.0,0.0,0.3,0.0,0.9999999999999999,0.3,0.08,0.1518624641833811,0.05,0.25
213,0.9319549005228241,0.47622589479619054,0.9311427305381864,0.4757021766457537,0.24899929058488912,0.4680476141788168,0.6361031518624641,0.3559368835180853,0.37881736035331287,0.08022922636103152,0.6342857142857142,0.35549888843999994,0.37858875069032294,0.08,0.14613180515759314,0.1742857142857143,0.002857142857142857,18.35142857142857,0.14326647564469913,0.0,2.912799019974323e-18,0.11836634914903713,11.759312320916905,0.0,0.0,0.15,0.08022922636103152,0,0.20052579340790502,0.26653293557489693,7.478041107370664,0.9434805910083554,0.0,0.9836065573770492,0.0,0.3,0.0,0.9999999999999999,0.3,0.08,0.14613180515759314,0.05,0.25
214,0.9329341200525018,0.4758347791743565,0.9321191522977792,0.47532094556412857,0.24899929058488912,0.46824549458083975,0.6389684813753582,0.3559368835180853,0.37881736035331287,0.08022922636103152,0.6371428571428571,0.35549888843999994,0.37858875069032294,0.08,0.13753581661891118,0.1657142857142857,0.002857142857142857,18.454285714285714,0.14326647564469913,0.0,2.912799019974323e-18,0.11836634914903713,11.759312320916905,0.0,0.0,0.15,0.08022922636103152,0,0.2002085930122941,0.26520027089702247,7.494194570937536,0.9246109791881882,0.0,1.0,0.0,0.3,0.0,0.9999999999999999,0.3,0.08,0.13753581661891118,0.05,0.25
215,0.9335605891050657,0.47577833661612345,0.9327438314387645,0.47525186569869315,0.24899929058488912,0.4682718382926857,0.6275071633237822,0.3559368835180853,0.37881736035331287,0.08022922636103152,0.6257142857142857,0.35549888843999994,0.37858875069032294,0.08,0.1346704871060172,0.15428571428571428,0.002857142857142857,18.542857142857144,0.14326647564469913,0.0,2.912799019974323e-18,0.11836634914903713,11.759312320916905,0.0,0.0,0.15,0.08022922636103152,0,0.19986440719008977,0.26387426954253734,7.498596393804499,0.9061187596044245,0.0,1.0,0.0,0.3,0.0,0.9999999999999999,0.3,0.08,0.1346704871060172,0.05,0.25
216,0.9341590459458486,0.47596768375987175,0.9333405784028593,0.47540718612433547,0.24899929058488912,0.4681752535655241,0.5616045845272206,0.3559368835180853,0.37881736035331287,0.08022922636103152,0.56,0.35549888843999994,0.37858875069032294,0.08,0.12034383954154727,0.14285714285714285,0.002857142857142857,18.65142857142857,0.1489971346704871,0.0,2.912799019974323e-18,0.11836634914903713,11.759312320916905,0.0,0.0,0.15,0.08022922636103152,0,0.19946479943985362,0.26255489819482464,7.491481608785552,0.887996384412336,0.0,1.0,0.0,0.3,0.0,0.9999999999999999,0.3,0.08,0.12034383954154727,0.05,0.25
217,0.9340370314141194,0.4763041164663995,0.9332189124840778,0.47572143279593904,0.24899929058488912,0.4680800545839494,0.6475644699140402,0.3559368835180853,0.37881736035331287,0.08022922636103152,0.6457142857142857,0.35549888843999994,0.37858875069032294,0.08,0.12893982808022922,0.15142857142857144,0.002857142857142857,18.751428571428573,0.1518624641833811,0.0,2.912799019974323e-18,0.11836634914903713,11.759312320916905,0.0,0.0,0.15,0.08022922636103152,0,0.19920933329979715,0.26124212370385047,7.493080548038413,0.8702364567240892,0.0,1.0,0.0,0.3,0.0,0.9999999999999999,0.3,0.08,0.12893982808022922,0.05,0.25
218,0.9355246766721664,0.4758460106130755,0.9347023073271019,0.4752229146863694,0.24899929058488912,0.4679132485492148,0.664756446991404,0.3559368835180853,0.37881736035331287,0.08022922636103152,0.6628571428571428,0.35549888843999994,0.37858875069032294,0.08,0.1174785100286533,0.16285714285714287,0.002857142857142857,18.854285714285716,0.14613180515759314,0.0,2.912799019974323e-18,0.11836634914903713,11.759312320916905,0.0,0.0,0.15,0.08022922636103152,0,0.19892714377615536,0.25993591308533126,7.506076079934787,0.8528317275896073,0.0,1.0,0.0,0.3,0.0,0.9999999999999999,0.3,0.08,0.1174785100286533,0.05,0.25
219,0.9345089933227284,0.474763762278032,0.9336895259300906,0.4741644990834299,0.24899929058488912,0.46763418449203553,0.6446991404011462,0.3559368835180853,0.37881736035331287,0.08022922636103152,0.6428571428571429,0.35549888843999994,0.37858875069032294,0.08,0.1318051575931232,0.16,0.002857142857142857,18.97142857142857,0.1489971346704871,0.0,2.912799019974323e-18,0.11836634914903713,11.759312320916905,0.0,0.0,0.15,0.08022922636103152,0,0.19861765162870312,0.25863623351990456,7.515954558336091,0.8357750930378153,0.0,1.0,0.0,0.3,0.0,0.9999999999999999,0.3,0.08,0.1318051575931232,0.05,0.25
220,0.9345191912134264,0.47419624410769884,0.9336996946839583,0.47357977837928844,0.24899929058488912,0.4675428422953587,0.6160458452722063,0.3558222703375695,0.37873140046792597,0.08022922636103152,0.6142857142857143,0.35538460272571426,0.37850303640460864,0.08,0.15472779369627507,0.18285714285714286,0.002857142857142857,19.122857142857143,0.15472779369627507,0.0,2.912799019974323e-18,0.11836634914903713,11.759312320916905,0.0,0.0,0.15,0.08022922636103152,0,0.19916713479913106,0.2631483662264168,7.548492610026512,0.8551841460970866,0.0,0.96875,0.0,0.3,0.0,0.9999999999999999,0.3,0.08,0.15472779369627507,0.05,0.25
221,0.9335787160041672,0.4739257726210572,0.9327619065467255,0.47333326887167565,0.24899929058488912,0.4673922673527487,0.673352435530086,0.3558222703375695,0.37873140046792597,0.08022922636103152,0.6714285714285714,0.35538460272571426,0.37850303640460864,0.08,0.12607449856733524,0.14285714285714285,0.002857142857142857,19.225714285714286,0.15472779369627507,0.0,2.912799019974323e-18,0.11836634914903713,11.759312320916905,0.0,0.0,0.15,0.08022922636103152,0,0.1987422998394211,0.2618326243952847,7.540379900683125,0.838080463175145,0.0,1.0,0.0,0.3,0.0,0.9999999999999999,0.3,0.08,0.12607449856733524,0.05,0.25
222,0.9325954747226811,0.4735087701112602,0.9317814745260437,0.4729065421042103,0.24899929058488912,0.46734617874291984,0.6590257879656161,0.35570765715705377,0.37864544058253913,0.08022922636103152,0.6571428571428571,0.3552703170114285,0.37841732211889434,0.08,0.12893982808022922,0.15714285714285714,0.002857142857142857,19.33142857142857,0.1518624641833811,0.0,2.912799019974323e-18,0.11836634914903713,11.759312320916905,0.0,0.0,0.15,0.08022922636103152,0,0.19891901762593825,0.26052346127330833,7.54671515981232,0.8338916843616305,0.0,0.9818181818181818,0.0,0.3,0.0,0.9999999999999999,0.3,0.08,0.12893982808022922,0.05,0.25
223,0.931491453736806,0.47353616950431837,0.9306806078858425,0.47296286412399524,0.24899929058488912,0.4673102506677885,0.667621776504298,0.355593043976538,0.3785594806971523,0.08022922636103152,0.6657142857142857,0.3551560312971428,0.37833160783318004,0.08,0.1346704871060172,0.16285714285714287,0.002857142857142857,19.437142857142856,0.1518624641833811,0.0,2.912799019974323e-18,0.11836634914903713,11.759312320916905,0.0,0.0,0.15,0.08022922636103152,0,0.19931765036371846,0.2592208439669418,7.558637999473215,0.826456629616302,0.0,0.9824561403508771,0.0,0.3,0.0,0.9999999999999999,0.3,0.08,0.1346704871060172,0.05,0.25
224,0.9318173525743617,0.47411159250510965,0.9310055755838625,0.4735720531043568,0.24899929058488912,0.4673721480830336,0.673352435530086,0.35547843079602226,0.3784735208117655,0.08022922636103152,0.6714285714285714,0.3550417455828571,0.37824589354746574,0.08,0.12034383954154727,0.15428571428571428,0.002857142857142857,19.55142857142857,0.15759312320916904,0.0,2.912799019974323e-18,0.11836634914903713,11.759312320916905,0.0,0.0,0.15,0.08022922636103152,0,0.19943420782261415,0.27722453767463856,7.561750953769464,0.8838558105223392,0.0,0.9814814814814815,0.0,0.3,0.0,0.9999999999999999,0.3,0.08,0.12034383954154727,0.05,0.25
225,0.9312810654691687,0.47383499007505314,0.9304708207275413,0.47324384263779906,0.24899929058488912,0.4673949169467636,0.6246418338108882,0.3553638176155065,0.37838756092637865,0.08022922636103152,0.6228571428571429,0.3549274598685714,0.3781601792617515,0.08,0.10601719197707736,0.13142857142857142,0.002857142857142857,19.65714285714286,0.15472779369627507,0.0,2.912799019974323e-18,0.11836634914903713,11.759312320916905,0.0,0.0,0.15,0.08022922636103152,0,0.19946503678350105,0.2758384149862654,7.541944506122647,0.8985539871490285,0.0,0.9782608695652174,0.0,0.3,0.0,0.9999999999999999,0.3,0.08,0.10601719197707736,0.05,0.25
226,0.9319695639558303,0.47390336465128363,0.9311573520756695,0.473284190206868,0.24899929058488912,0.46728872884513833,0.6389684813753582,0.35524920443499075,0.3783016010409919,0.08022922636103152,0.6371428571428571,0.35481317415428565,0.3780744649760372,0.08,0.1346704871060172,0.15714285714285714,0.002857142857142857,19.774285714285714,0.15472779369627507,0.0,2.912799019974323e-18,0.11836634914903713,11.759312320916905,0.0,0.0,0.15,0.08022922636103152,0,0.199638283028155,0.27445922291133407,7.548248473143051,0.8885989651980895,0.0,0.9818181818181818,0.0,0.3,0.0,0.9999999999999999,0.3,0.08,0.1346704871060172,0.05,0.25
227,0.9306659770300343,0.47343188762901756,0.9298574896839474,0.47279614817550314,0.24899929058488912,0.46715409441818456,0.6246418338108882,0.355134591254475,0.378215641155605,0.08022922636103152,0.6228571428571429,0.3546988884399999,0.3779887506903229,0.08,0.12320916905444126,0.1457142857142857,0.002857142857142857,19.9,0.15472779369627507,0.0,2.912799019974323e-18,0.11836634914903713,11.759312320916905,0.0,0.0,0.15,0.08022922636103152,0,0.19966837732729995,0.2730869267967774,7.542997789394475,0.8978628697487133,0.0,0.9803921568627451,0.0,0.3,0.0,0.9999999999999999,0.3,0.08,0.12320916905444126,0.05,0.25
228,0.9307368802706286,0.47338792397890656,0.9299281903438542,0.4727621135445496,0.24899929058488912,0.46702325182844745,0.6389684813753582,0.35456152535189617,0.37778584172867097,0.08022922636103152,0.6371428571428571,0.35412745986857136,0.3775601792617515,0.08,0.16045845272206305,0.18,0.002857142857142857,20.057142857142857,0.15759312320916904,0.0,2.912799019974323e-18,0.11836634914903713,11.759312320916905,0.0,0.0,0.15,0.08022922636103152,0,0.20209632899425276,0.2954977126343236,7.572137833606586,1.0,0.0,0.9047619047619048,0.0,0.3,0.0,0.9999999999999999,0.3,0.08,0.16045845272206305,0.05,0.25
229,0.9312835127405142,0.4733686967222407,0.9304732610066829,0.47277551796840817,0.24899929058488912,0.46676681656908114,0.5816618911174785,0.35456152535189617,0.37778584172867097,0.08022922636103152,0.58,0.35412745986857136,0.3775601792617515,0.08,0.11461318051575932,0.12571428571428572,0.002857142857142857,20.18285714285714,0.16045845272206305,0.0,2.912799019974323e-18,0.11836634914903713,11.759312320916905,0.0,0.0,0.15,0.08022922636103152,0,0.20168541877785293,0.294020224071152,7.54640936264874,0.98,0.0,1.0,0.0,0.3,0.0,0.9999999999999999,0.3,0.08,0.11461318051575932,0.05,0.25
230,0.9320084746019359,0.4729669060886166,0.9311961515485009,0.4724017905023596,0.24899929058488912,0.4666340349889726,0.6103151862464183,0.35456152535189617,0.37778584172867097,0.08022922636103152,0.6085714285714285,0.35412745986857136,0.3775601792617515,0.08,0.12034383954154727,0.17714285714285713,0.002857142857142857,20.291428571428572,0.16332378223495703,0.0,2.912799019974323e-18,0.11836634914903713,11.759312320916905,0.0,0.0,0.15,0.08022922636103152,0,0.2015047059696779,0.29255012295079624,7.572624032538622,0.9603999999999999,0.0,1.0,0.0,0.3,0.0,0.9999999999999999,0.3,0.08,0.12034383954154727,0.05,0.25
231,0.9314424500422814,0.47349974637745246,0.9306317442018736,0.47295229095922015,0.24899929058488912,0.4665622646240224,0.6217765042979942,0.35433229899086466,0.37761392195789734,0.08022922636103152,0.62,0.3538988884399999,0.37738875069032296,0.08,0.13753581661891118,0.15142857142857144,0.002857142857142857,20.42,0.16332378223495703,0.0,2.912799019974323e-18,0.11836634914903713,11.759312320916905,0.0,0.0,0.15,0.08022922636103152,0,0.20195418243982952,0.29108737233604226,7.5726001233164215,0.9561050067457768,0.0,0.9622641509433962,0.0,0.3,0.0,0.9999999999999999,0.3,0.08,0.13753581661891118,0.05,0.25
232,0.9303676276583203,0.4734453948762519,0.9295599927390096,0.4729383006860695,0.24899929058488912,0.46657481493947345,0.6590257879656161,0.354160379220091,0.3774849821298171,0.08022922636103152,0.6571428571428571,0.3537274598685714,0.3772601792617515,0.08,0.14326647564469913,0.16857142857142857,0.002857142857142857,20.545714285714286,0.166189111747851,0.0,2.912799019974323e-18,0.11836634914903713,11.759312320916905,0.0,0.0,0.15,0.08022922636103152,0,0.20294384009905894,0.30265372742091284,7.589719549421521,0.996199879997599,0.0,0.9491525423728814,0.0,0.3,0.0,0.9999999999999999,0.3,0.08,0.14326647564469913,0.05,0.25
233,0.9299024443743555,0.4729722260737285,0.9290961385501418,0.4724950273189867,0.24899929058488912,0.466402855355854,0.6160458452722063,0.354160379220091,0.3774849821298171,0.08022922636103152,0.6142857142857143,0.3537274598685714,0.3772601792617515,0.08,0.14040114613180515,0.1657142857142857,0.002857142857142857,20.677142857142858,0.166189111747851,0.0,2.912799019974323e-18,0.11836634914903713,11.759312320916905,0.0,0.0,0.15,0.08022922636103152,0,0.20261440661284938,0.30114045878380824,7.603639444147375,0.976275882397647,0.0,1.0,0.0,0.3,0.0,0.9999999999999999,0.3,0.08,0.14040114613180515,0.05,0.25
234,0.9296196706397208,0.4733208177207358,0.9288141727404634,0.4728158164036971,0.24899929058488912,0.46643597069490533,0.6332378223495702,0.354160379220091,0.3774849821298171,0.08022922636103152,0.6314285714285715,0.3537274598685714,0.3772601792617515,0.08,0.1489971346704871,0.19428571428571428,0.002857142857142857,20.822857142857142,0.16045845272206305,0.0,2.912799019974323e-18,0.11836634914903713,11.759312320916905,0.0,0.0,0.15,0.08022922636103152,0,0.20237233457978512,0.29963475648988924,7.645852369550143,0.956750364749694,0.0,1.0,0.0,0.3,0.0,0.9999999999999999,0.3,0.08,0.1489971346704871,0.05,0.25
235,0.9290031112134867,0.47267983343548337,0.92819937491259,0.47222405935856027,0.24899929058488912,0.4664435030594197,0.6389684813753582,0.354160379220091,0.3774849821298171,0.08022922636103152,0.6371428571428571,0.3537274598685714,0.3772601792617515,0.08,0.1174785100286533,0.14285714285714285,0.002857142857142857,20.917142857142856,0.166189111747851,0.0,2.912799019974323e-18,0.11836634914903713,11.759312320916905,0.0,0.0,0.15,0.08022922636103152,0,0.20190333004974337,0.29813658270743976,7.635792465016283,0.9376153574547001,0.0,1.0,0.0,0.3,0.0,0.9999999999999999,0.3,0.08,0.1174785100286533,0.05,0.25
236,0.9294597223788412,0.47161280615856893,0.9286546814746147,0.4711531760687909,0.24899929058488912,0.46642005631026284,0.5959885386819485,0.354160379220091,0.3774849821298171,0.08022922636103152,0.5942857142857143,0.3537274598685714,0.3772601792617515,0.08,0.12893982808022922,0.16285714285714287,0.002857142857142857,21.057142857142857,0.16332378223495703,0.0,2.912799019974323e-18,0.11836634914903713,11.759312320916905,0.0,0.0,0.15,0.08022922636103152,0,0.20163595625663747,0.29664589979390255,7.6459337585731,0.9188630503056061,0.0,1.0,0.0,0.3,0.0,0.9999999999999999,0.3,0.08,0.12893982808022922,0.05,0.25
237,0.9290876844662966,0.47107114575140324,0.9282837065275346,0.4706435948397482,0.24899929058488912,0.46648914797928154,0.5816618911174785,0.35404576603957527,0.37739902224443034,0.08022922636103152,0.58,0.35361317415428567,0.3771744649760373,0.08,0.11461318051575932,0.14285714285714285,0.002857142857142857,21.202857142857145,0.166189111747851,0.0,2.912799019974323e-18,0.11836634914903713,11.759312320916905,0.0,0.0,0.15,0.08022922636103152,0,0.20165591933249719,0.31571080458016604,7.6358722262587815,0.9074559035503774,0.0,0.98,0.0,0.3,0.0,0.9999999999999999,0.3,0.08,0.11461318051575932,0.05,0.25
238,0.9278872783691632,0.4707131900044183,0.9270867301621073,0.4703452970262856,0.24899929058488912,0.4664423975668719,0.6103151862464183,0.3539311528590596,0.3773130623590435,0.08022922636103152,0.6085714285714285,0.35349888843999994,0.3770887506903229,0.08,0.09742120343839542,0.13428571428571429,0.002857142857142857,21.32,0.16905444126074498,0.0,2.912799019974323e-18,0.11836634914903713,11.759312320916905,0.0,0.0,0.15,0.08022922636103152,0,0.20167578259297753,0.3160703443066734,7.617440496019319,0.9226271115098482,0.0,0.9787234042553191,0.0,0.3,0.0,0.9999999999999999,0.3,0.08,0.09742120343839542,0.05,0.25
239,0.9267142533012639,0.47133020897717004,0.9259170565944023,0.4709586891126977,0.24899929058488912,0.46640320543398833,0.5673352435530086,0.3539311528590596,0.3773130623590435,0.08022922636103152,0.5657142857142857,0.35349888843999994,0.3770887506903229,0.08,0.10315186246418338,0.12857142857142856,0.002857142857142857,21.408571428571427,0.166189111747851,0.0,2.912799019974323e-18,0.11836634914903713,11.759312320916905,0.0,0.0,0.15,0.08022922636103152,0,0.20129497653715547,0.31448999258514004,7.593663114670362,0.9041745692796512,0.0,1.0,0.0,0.3,0.0,0.9999999999999999,0.3,0.08,0.10315186246418338,0.05,0.25
240,0.9259329884732126,0.4719197317266714,0.9251380239515736,0.47154836395887434,0.24899929058488912,0.4663685055788748,0.5988538681948424,0.3538165396785437,0.37722710247365665,0.08022922636103152,0.5971428571428572,0.3533846027257142,0.3770030364046087,0.08,0.12607449856733524,0.15142857142857144,0.002857142857142857,21.5,0.16905444126074498,0.0,2.912799019974323e-18,0.11836634914903713,11.759312320916905,0.0,0.0,0.15,0.08022922636103152,0,0.2014303595116126,0.31291754262221433,7.593218423805525,0.9137126329775821,0.0,0.9811320754716981,0.0,0.3,0.0,0.9999999999999999,0.3,0.08,0.12607449856733524,0.05,0.25
241,0.9256457725038593,0.4714055058299157,0.9248516285992754,0.47101685697233264,0.24899929058488912,0.4663070955702573,0.6332378223495702,0.3534727001369965,0.37696922281749623,0.08022922636103152,0.6314285714285715,0.35304174558285706,0.37674589354746574,0.08,0.12034383954154727,0.14857142857142858,0.002857142857142857,21.6,0.16045845272206305,0.0,2.912799019974323e-18,0.11836634914903713,11.759312320916905,0.0,0.0,0.15,0.08022922636103152,0,0.2027372077140545,0.31135295490910325,7.589925483900843,1.0,0.0,0.9230769230769231,0.0,0.3,0.0,0.9999999999999999,0.3,0.08,0.12034383954154727,0.05,0.25
242,0.9275210775743588,0.4711577055375321,0.9267215756552879,0.47077651639854073,0.24899929058488912,0.46624001687311767,0.6217765042979942,0.3534727001369965,0.37696922281749623,0.08022922636103152,0.62,0.35304174558285706,0.37674589354746574,0.08,0.11461318051575932,0.14,0.002857142857142857,21.7,0.166189111747851,0.0,2.912799019974323e-18,0.11836634914903713,11.759312320916905,0.0,0.0,0.15,0.08022922636103152,0,0.20237995096119854,0.3097961901345577,7.578126974222826,0.98,0.0,1.0,0.0,0.3,0.0,0.9999999999999999,0.3,0.08,0.11461318051575932,0.05,0.25
243,0.9281694748186957,0.471897131793876,0.9273681203360696,0.47149810760040445,0.24899929058488912,0.4660059575326785,0.6103151862464183,0.3533580869564807,0.3768832629321094,0.08022922636103152,0.6085714285714285,0.3529274598685714,0.37666017926175155,0.08,0.10888252148997135,0.13142857142857142,0.002857142857142857,21.805714285714284,0.166189111747851,0.0,2.912799019974323e-18,0.11836634914903713,11.759312320916905,0.0,0.0,0.15,0.08022922636103152,0,0.202367622634964,0.3103379175925795,7.557993006166941,0.9647429560686753,0.0,0.9782608695652174,0.0,0.3,0.0,0.9999999999999999,0.3,0.08,0.10888252148997135,0.05,0.25
244,0.9271065527641387,0.47188201916141276,0.9263082352016685,0.47146966865721024,0.24899929058488912,0.4659589349781224,0.6131805157593123,0.3533580869564807,0.3768832629321094,0.08022922636103152,0.6114285714285714,0.3529274598685714,0.37666017926175155,0.08,0.11174785100286533,0.13714285714285715,0.002857142857142857,21.88,0.16905444126074498,0.0,2.912799019974323e-18,0.11836634914903713,11.759312320916905,0.0,0.0,0.15,0.08022922636103152,0,0.20198378452178914,0.3087862280046166,7.54397600318646,0.9454480969473019,0.0,1.0,0.0,0.3,0.0,0.9999999999999999,0.3,0.08,0.11174785100286533,0.05,0.25
245,0.92630591034131,0.4718540816588579,0.9255098803286194,0.47146446336096637,0.24899929058488912,0.46590676685708904,0.6017191977077364,0.3533580869564807,0.3768832629321094,0.08022922636103152,0.6,0.3529274598685714,0.37666017926175155,0.08,0.1174785100286533,0.14285714285714285,0.002857142857142857,21.954285714285714,0.16045845272206305,0.0,2.912799019974323e-18,0.11836634914903713,11.759312320916905,0.0,0.0,0.15,0.08022922636103152,0,0.20157315202775164,0.3072422968645935,7.535953625979873,0.9265391350083558,0.0,1.0,0.0,0.3,0.0,0.9999999999999999,0.3,0.08,0.1174785100286533,0.05,0.25
246,0.9257443861119892,0.4710530655209421,0.9249499604542395,0.47070071384429507,0.24899929058488912,0.4657353139721526,0.5959885386819485,0.353243473775965,0.37679730304672254,0.08022922636103152,0.5942857142857143,0.35281317415428565,0.3765744649760372,0.08,0.10315186246418338,0.12857142857142856,0.002857142857142857,22.054285714285715,0.16332378223495703,0.0,2.912799019974323e-18,0.11836634914903713,11.759312320916905,0.0,0.0,0.15,0.08022922636103152,0,0.20153628626761289,0.3057060853802705,7.5138059820317045,0.9495625836462874,0.0,0.9777777777777777,0.0,0.3,0.0,0.9999999999999999,0.3,0.08,0.10315186246418338,0.05,0.25
247,0.9261727772396078,0.4713001337076609,0.9253771276072078,0.47096431147350487,0.24899929058488912,0.46558140891004335,0.5988538681948424,0.3531288605954492,0.37671134316133575,0.08022922636103152,0.5971428571428572,0.35269888843999997,0.37648875069032295,0.08,0.12893982808022922,0.15714285714285714,0.002857142857142857,22.14857142857143,0.15759312320916904,0.0,2.912799019974323e-18,0.11836634914903713,11.759312320916905,0.0,0.0,0.15,0.08022922636103152,0,0.20197769337289898,0.3041775549533692,7.520672719533925,0.9305713319733617,0.0,0.9818181818181818,0.0,0.3,0.0,0.9999999999999999,0.3,0.08,0.12893982808022922,0.05,0.25
248,0.9267513078599909,0.471248349979619,0.9259540052829611,0.4709337304343651,0.24899929058488912,0.4653813656099164,0.5902578796561605,0.3530142474149335,0.3766253832759489,0.08022922636103152,0.5885714285714285,0.35258460272571424,0.3764030364046086,0.08,0.13753581661891118,0.16,0.002857142857142857,22.24,0.15759312320916904,0.0,2.912799019974323e-18,0.11836634914903713,11.759312320916905,0.0,0.0,0.15,0.08022922636103152,0,0.20278283280346987,0.30265666717860235,7.530259265143247,0.9537941130771487,0.0,0.9821428571428571,0.0,0.3,0.0,0.9999999999999999,0.3,0.08,0.13753581661891118,0.05,0.25
249,0.927021203910379,0.4718020944988336,0.9262231302017768,0.47147213788278935,0.24899929058488912,0.4651926462461804,0.6160458452722063,0.35289963423441767,0.37653942339056207,0.08022922636103152,0.6142857142857143,0.35247031701142856,0.3763173221188944,0.08,0.14326647564469913,0.1742857142857143,0.002857142857142857,22.354285714285716,0.15472779369627507,0.0,2.912799019974323e-18,0.11836634914903713,11.759312320916905,0.0,0.0,0.15,0.08022922636103152,0,0.20331134721088112,0.30114338384270933,7.553939794126097,0.9448468167213594,0.0,0.9672131147540983,0.0,0.3,0.0,0.9999999999999999,0.3,0.08,0.14326647564469913,0.05,0.25
250,0.9251789960076323,0.4710449130564778,0.9243861857501807,0.4707133625769357,0.24899929058488912,0.4649288165789499,0.5988538681948424,0.3527277144636441,0.3764104835624818,0.08022922636103152,0.5971428571428572,0.35229888843999996,0.3761887506903229,0.08,0.1346704871060172,0.16285714285714287,0.002857142857142857,22.48,0.16332378223495703,0.0,2.912799019974323e-18,0.11836634914903713,11.759312320916905,0.0,0.0,0.15,0.08022922636103152,0,0.20383721904625532,0.2996376669234958,7.565718141100717,0.9623600000000003,0.0,0.9649122807017544,0.0,0.3,0.0,0.9999999999999999,0.3,0.08,0.1346704871060172,0.05,0.25
251,0.924915169320154,0.4714572213185243,0.924123112853238,0.4711146754984186,0.24899929058488912,0.46469550867839343,0.6561604584527221,0.3524984881026126,0.37623856379170817,0.08022922636103152,0.6542857142857142,0.35207031701142855,0.3760173221188943,0.08,0.12320916905444126,0.14285714285714285,0.002857142857142857,22.597142857142856,0.16045845272206305,0.0,2.912799019974323e-18,0.11836634914903713,11.759312320916905,0.0,0.0,0.15,0.08022922636103152,0,0.2042464615224526,0.30367191461889664,7.557260921135846,0.98,0.0,0.96,0.0,0.3,0.0,0.9999999999999999,0.3,0.08,0.12320916905444126,0.05,0.25
252,0.9255153388064435,0.47118463810338435,0.9247215675695666,0.47084772405361425,0.24899929058488912,0.4644757158561342,0.6217765042979942,0.35244118151235465,0.3761955838490148,0.08022922636103152,0.62,0.3520131741542857,0.3759744649760372,0.08,0.12893982808022922,0.16857142857142857,0.002857142857142857,22.68857142857143,0.16332378223495703,0.0,2.912799019974323e-18,0.11836634914903713,11.759312320916905,0.0,0.0,0.15,0.08022922636103152,0,0.20439580135769744,0.30215355504580216,7.574687131284558,0.9646304237357285,0.0,0.9830508474576272,0.0,0.3,0.0,0.9999999999999999,0.3,0.08,0.12893982808022922,0.05,0.25
253,0.9262228667378638,0.4705409600172326,0.9254270739926116,0.4702560555944731,0.24899929058488912,0.4642976542499925,0.5902578796561605,0.3523265683318389,0.37610962396362796,0.08022922636103152,0.5885714285714285,0.35189888843999995,0.37588875069032285,0.08,0.14040114613180515,0.16857142857142857,0.002857142857142857,22.84,0.166189111747851,0.0,2.912799019974323e-18,0.11836634914903713,11.759312320916905,0.0,0.0,0.15,0.08022922636103152,0,0.20451553949019471,0.3006427872705732,7.5917648172302945,0.9908758876564643,0.0,0.9830508474576272,0.0,0.3,0.0,0.9999999999999999,0.3,0.08,0.14040114613180515,0.05,0.25
254,0.9251060743547916,0.47003567191452383,0.9243134724449195,0.46976226598499476,0.24899929058488912,0.46414888734457443,0.6017191977077364,0.35215464856106526,0.3759806841355478,0.08022922636103152,0.6,0.35172745986857135,0.37576017926175154,0.08,0.13753581661891118,0.1742857142857143,0.002857142857142857,22.957142857142856,0.166189111747851,0.0,2.912799019974323e-18,0.11836634914903713,11.759312320916905,0.0,0.0,0.15,0.08022922636103152,0,0.2050068189356008,0.2991395733342203,7.614215235171404,1.050305543504982,0.0,0.9672131147540983,0.0,0.3,0.0,0.9999999999999999,0.3,0.08,0.13753581661891118,0.05,0.25
255,0.9255245593789649,0.47032716478497183,0.9247307617975954,0.4700685967948331,0.24899929058488912,0.4638709238733637,0.6103151862464183,0.35204003538054945,0.37589472425016096,0.08022922636103152,0.6085714285714285,0.35161317415428567,0.3756744649760372,0.08,0.1318051575931232,0.15714285714285714,0.002857142857142857,23.062857142857144,0.16905444126074498,0.0,2.912799019974323e-18,0.11836634914903713,11.759312320916905,0.0,0.0,0.15,0.08022922636103152,0,0.20512378555520855,0.2976438754675492,7.619073787610833,1.029299432634882,0.0,0.9818181818181818,0.0,0.3,0.0,0.9999999999999999,0.3,0.08,0.1318051575931232,0.05,0.25
256,0.9267300103509158,0.4712422957122513,0.9259327686239118,0.47096064177992586,0.24899929058488912,0.4636261184555506,0.6389684813753582,0.35198272879029163,0.3758517443074676,0.08022922636103152,0.6371428571428571,0.3515560312971428,0.37563160783318006,0.08,0.12034383954154727,0.13714285714285715,0.002857142857142857,23.165714285714287,0.16905444126074498,0.0,2.912799019974323e-18,0.11836634914903713,11.759312320916905,0.0,0.0,0.15,0.08022922636103152,0,0.2051263094845754,0.2961556560902115,7.603835169001473,1.0087134439821845,0.0,0.9791666666666666,0.0,0.3,0.0,0.9999999999999999,0.3,0.08,0.12034383954154727,0.05,0.25
257,0.9272554479700659,0.47075895613324137,0.9264567049927216,0.4704891660140393,0.24899929058488912,0.46344272743844994,0.5873925501432665,0.35198272879029163,0.3758517443074676,0.08022922636103152,0.5857142857142857,0.3515560312971428,0.37563160783318006,0.08,0.14326647564469913,0.16857142857142857,0.002857142857142857,23.26,0.17191977077363896,0.0,2.912799019974323e-18,0.11836634914903713,11.759312320916905,0.0,0.0,0.15,0.08022922636103152,0,0.2048996786514382,0.2946748778097604,7.620329894192871,0.9885391751025407,0.0,1.0,0.0,0.3,0.0,0.9999999999999999,0.3,0.08,0.14326647564469913,0.05,0.25
258,0.9271320169398322,0.4711829429875268,0.9263336266225743,0.4709582425199418,0.24899929058488912,0.4632156677809006,0.5644699140401146,0.35198272879029163,0.3758517443074676,0.08022922636103152,0.5628571428571428,0.3515560312971428,0.37563160783318006,0.08,0.1318051575931232,0.15714285714285714,0.002857142857142857,23.34857142857143,0.17478510028653296,0.0,2.912799019974323e-18,0.11836634914903713,11.759312320916905,0.0,0.0,0.15,0.08022922636103152,0,0.20450332382960962,0.2932015034207116,7.62506615345187,0.9687683916004899,0.0,1.0,0.0,0.3,0.0,0.9999999999999999,0.3,0.08,0.1318051575931232,0.05,0.25
259,0.9265558070286213,0.47109610223749937,0.9257590630253955,0.470806085883911,0.24899929058488912,0.46317754068023154,0.5787965616045845,0.35198272879029163,0.3758517443074676,0.08022922636103152,0.5771428571428572,0.3515560312971428,0.37563160783318006,0.08,0.12034383954154727,0.15714285714285714,0.002857142857142857,23.497142857142858,0.17191977077363896,0.0,2.912799019974323e-18,0.11836634914903713,11.759312320916905,0.0,0.0,0.15,0.08022922636103152,0,0.20410895006760443,0.29173549590360803,7.629707687525692,0.9493930237684801,0.0,1.0,0.0,0.3,0.0,0.9999999999999999,0.3,0.08,0.12034383954154727,0.05,0.25
260,0.9268845644924527,0.4710232817498259,0.9260868811821875,0.4707096945148183,0.24899929058488912,0.46322989071886944,0.6189111747851003,0.35198272879029163,0.3758517443074676,0.08022922636103152,0.6171428571428571,0.3515560312971428,0.37563160783318006,0.08,0.14613180515759314,0.17714285714285713,0.002857142857142857,23.582857142857144,0.17191977077363896,0.0,2.912799019974323e-18,0.11836634914903713,11.759312320916905,0.0,0.0,0.15,0.08022922636103152,0,0.2038022624601235,0.29027681842409,7.654256390918034,0.9304051632931105,0.0,1.0,0.0,0.3,0.0,0.9999999999999999,0.3,0.08,0.14613180515759314,0.05,0.25
261,0.9259422759656487,0.47094412223610543,0.9251472849083171,0.47063271405661045,0.24899929058488912,0.46334690865133443,0.5873925501432665,0.351810809019518,0.37572280447938733,0.08022922636103152,0.5857142857142857,0.3513846027257142,0.3755030364046086,0.08,0.12034383954154727,0.14857142857142858,0.002857142857142857,23.674285714285713,0.17191977077363896,0.0,2.912799019974323e-18,0.11836634914903713,11.759312320916905,0.0,0.0,0.15,0.08022922636103152,0,0.20412610829068,0.2888254343319695,7.649742691671101,1.0010401431336875,0.0,0.9615384615384616,0.0,0.3,0.0,0.9999999999999999,0.3,0.08,0.12034383954154727,0.05,0.25
262,0.9270258819488976,0.4702829388500068,0.926227794874471,0.4700090751776808,0.24899929058488912,0.46347312925283585,0.6217765042979942,0.351810809019518,0.37572280447938733,0.08022922636103152,0.62,0.3513846027257142,0.3755030364046086,0.08,0.11461318051575932,0.12571428571428572,0.002857142857142857,23.722857142857144,0.17478510028653296,0.0,2.912799019974323e-18,0.11836634914903713,11.759312320916905,0.0,0.0,0.15,0.08022922636103152,0,0.20384563483861942,0.2873813071603097,7.622462123551966,0.9810193402710137,0.0,1.0,0.0,0.3,0.0,0.9999999999999999,0.3,0.08,0.11461318051575932,0.05,0.25
263,0.9275918521005736,0.47024416341643865,0.9267921479685708,0.4699457111500163,0.24899929058488912,0.4635003833260036,0.6131805157593123,0.35175350242926007,0.37567982453669396,0.08022922636103152,0.6114285714285714,0.35132745986857133,0.3754601792617515,0.08,0.1346704871060172,0.16,0.002857142857142857,23.825714285714287,0.16905444126074498,0.0,2.912799019974323e-18,0.11836634914903713,11.759312320916905,0.0,0.0,0.15,0.08022922636103152,0,0.20416670021801556,0.2922929319421465,7.6300128810809245,0.9710208732965752,0.0,0.9821428571428571,0.0,0.3,0.0,0.9999999999999999,0.3,0.08,0.1346704871060172,0.05,0.25
264,0.9281293962734898,0.46971992013602276,0.927328156300993,0.4694133953802926,0.24899929058488912,0.4634876633052366,0.6160458452722063,0.35158158265848644,0.37555088470861375,0.08022922636103152,0.6142857142857143,0.35115603129714285,0.37533160783318004,0.08,0.10888252148997135,0.14857142857142858,0.002857142857142857,23.86285714285714,0.16905444126074498,0.0,2.912799019974323e-18,0.11836634914903713,11.759312320916905,0.0,0.0,0.15,0.08022922636103152,0,0.20575099245666686,0.2908314672824358,7.625984052030735,1.0376193504031512,0.0,0.9423076923076923,0.0,0.3,0.0,0.9999999999999999,0.3,0.08,0.10888252148997135,0.05,0.25
265,0.928818950335487,0.4688830213150072,0.9280157402085271,0.46853868068674104,0.24899929058488912,0.4633980678999032,0.6418338108882522,0.3513523562974549,0.3753789649378401,0.08022922636103152,0.64,0.3509274598685714,0.37516017926175155,0.08,0.14040114613180515,0.16857142857142857,0.002857142857142857,23.97142857142857,0.15759312320916904,0.0,2.912799019974323e-18,0.11836634914903713,11.759312320916905,0.0,0.0,0.15,0.08022922636103152,0,0.20637823820866924,0.2927364664890379,7.642035799561549,1.0249355264632543,0.0,0.9661016949152542,0.0,0.3,0.0,0.9999999999999999,0.3,0.08,0.14040114613180515,0.05,0.25
266,0.9282266644037861,0.46890669215079167,0.9274251465223454,0.46856907671930537,0.24899929058488912,0.4634009406870838,0.6246418338108882,0.3513523562974549,0.3753789649378401,0.08022922636103152,0.6228571428571429,0.3509274598685714,0.37516017926175155,0.08,0.1174785100286533,0.15142857142857144,0.002857142857142857,24.082857142857144,0.16332378223495703,0.0,2.912799019974323e-18,0.11836634914903713,11.759312320916905,0.0,0.0,0.15,0.08022922636103152,0,0.2059460613033402,0.2912727841565927,7.6406236549988895,1.0044368159339891,0.0,1.0,0.0,0.3,0.0,0.9999999999999999,0.3,0.08,0.1174785100286533,0.05,0.25
267,0.9273570751095997,0.46933692753499295,0.9265580417689997,0.468997923390184,0.24899929058488912,0.4634763370965427,0.6160458452722063,0.35129504970719705,0.37533598499514664,0.08022922636103152,0.6142857142857143,0.35087031701142857,0.3751173221188943,0.08,0.12607449856733524,0.17142857142857143,0.002857142857142857,24.16,0.15759312320916904,0.0,2.912799019974323e-18,0.11836634914903713,11.759312320916905,0.0,0.0,0.15,0.08022922636103152,0,0.20608690313968062,0.2898164202358097,7.6592397533274825,1.005814384534558,0.0,0.9833333333333333,0.0,0.3,0.0,0.9999999999999999,0.3,0.08,0.12607449856733524,0.05,0.25
268,0.9280681983974253,0.4692482974078554,0.9272671332760029,0.4689419519696589,0.24899929058488912,0.46350900773306714,0.6074498567335244,0.35129504970719705,0.37533598499514664,0.08022922636103152,0.6057142857142858,0.35087031701142857,0.3751173221188943,0.08,0.11461318051575932,0.13714285714285715,0.002857142857142857,24.245714285714286,0.15759312320916904,0.0,2.912799019974323e-18,0.11836634914903713,11.759312320916905,0.0,0.0,0.15,0.08022922636103152,0,0.20565589790969654,0.2883673381346307,7.6431978154037905,0.9856980968438668,0.0,1.0,0.0,0.3,0.0,0.9999999999999999,0.3,0.08,0.11461318051575932,0.05,0.25
269,0.928334337483161,0.4683241621843613,0.9275325119643509,0.46804096615419,0.24899929058488912,0.4635013091496284,0.6762177650429799,0.35100851675590766,0.37512108528167953,0.08022922636103152,0.6742857142857143,0.35058460272571423,0.37490303640460865,0.08,0.1174785100286533,0.13714285714285715,0.002857142857142857,24.297142857142855,0.15759312320916904,0.0,2.912799019974323e-18,0.11836634914903713,11.759312320916905,0.0,0.0,0.15,0.08022922636103152,0,0.20654104770586235,0.3207347612744002,7.627476716238572,1.0167523004913557,0.0,0.9375,0.0,0.3,0.0,0.9999999999999999,0.3,0.08,0.1174785100286533,0.05,0.25
270,0.9281593972553381,0.4682433519537051,0.9273580715657501,0.468009245434934,0.24899929058488912,0.4633591905649337,0.6246418338108882,0.35100851675590766,0.37512108528167953,0.08022922636103152,0.6228571428571429,0.35058460272571423,0.37490303640460865,0.08,0.12320916905444126,0.16,0.002857142857142857,24.374285714285715,0.16045845272206305,0.0,2.912799019974323e-18,0.11836634914903713,11.759312320916905,0.0,0.0,0.15,0.08022922636103152,0,0.20647635812815435,0.3191310874680282,7.634927181913799,0.9964172544815286,0.0,1.0,0.0,0.3,0.0,0.9999999999999999,0.3,0.08,0.12320916905444126,0.05,0.25
271,0.9280519268679589,0.4693067816536721,0.9272509082366209,0.4690997701338058,0.24899929058488912,0.46328973817735664,0.6561604584527221,0.35100851675590766,0.37512108528167953,0.08022922636103152,0.6542857142857142,0.35058460272571423,0.37490303640460865,0.08,0.1346704871060172,0.1657142857142857,0.002857142857142857,24.46857142857143,0.16045845272206305,0.0,2.912799019974323e-18,0.11836634914903713,11.759312320916905,0.0,0.0,0.15,0.08022922636103152,0,0.2061574063375136,0.31753543203068807,7.6479429239898105,0.976488909391898,0.0,1.0,0.0,0.3,0.0,0.9999999999999999,0.3,0.08,0.1346704871060172,0.05,0.25
272,0.9275374472271473,0.4696155508384592,0.9267378985376399,0.4694153043849439,0.24899929058488912,0.46351617811321716,0.664756446991404,0.35077929039487615,0.3749491655109059,0.08022922636103152,0.6628571428571428,0.3503560312971428,0.3747316078331801,0.08,0.12034383954154727,0.14857142857142858,0.002857142857142857,24.562857142857144,0.15759312320916904,0.0,2.912799019974323e-18,0.11836634914903713,11.759312320916905,0.0,0.0,0.15,0.08022922636103152,0,0.20666862002011174,0.3159477548705346,7.643555494081442,1.0260566838601175,0.0,0.9615384615384616,0.0,0.3,0.0,0.9999999999999999,0.3,0.08,0.12034383954154727,0.05,0.25
273,0.9283855475754451,0.4685077691656176,0.9275835757420857,0.4682904710472535,0.24899929058488912,0.46374946905373937,0.6590257879656161,0.35077929039487615,0.3749491655109059,0.08022922636103152,0.6571428571428571,0.3503560312971428,0.3747316078331801,0.08,0.1346704871060172,0.15142857142857144,0.002857142857142857,24.68857142857143,0.16045845272206305,0.0,2.912799019974323e-18,0.11836634914903713,11.759312320916905,0.0,0.0,0.15,0.08022922636103152,0,0.20629184834858263,0.314368016096182,7.6421129556283836,1.005535550182915,0.0,1.0,0.0,0.3,0.0,0.9999999999999999,0.3,0.08,0.1346704871060172,0.05,0.25
274,0.9289780384274071,0.46847033595799026,0.9281743737630419,0.46824441986165605,0.24899929058488912,0.4639703305118343,0.5931232091690545,0.35077929039487615,0.3749491655109059,0.08022922636103152,0.5914285714285714,0.3503560312971428,0.3747316078331801,0.08,0.14613180515759314,0.1742857142857143,0.002857142857142857,24.802857142857142,0.16332378223495703,0.0,2.912799019974323e-18,0.11836634914903713,11.759312320916905,0.0,0.0,0.15,0.08022922636103152,0,0.2060309612496968,0.3127961760157011,7.663556410801531,0.9854248391792567,0.0,1.0,0.0,0.3,0.0,0.9999999999999999,0.3,0.08,0.14613180515759314,0.05,0.25
275,0.9299256075625825,0.46797452525413313,0.929119235557831,0.46778308443696437,0.24899929058488912,0.4642588085510466,0.6189111747851003,0.3504927574435867,0.3747342657974389,0.08022922636103152,0.6171428571428571,0.35007031701142854,0.3745173221188944,0.08,0.09455587392550144,0.12571428571428572,0.002857142857142857,24.874285714285715,0.16045845272206305,0.0,2.912799019974323e-18,0.11836634914903713,11.759312320916905,0.0,0.0,0.15,0.08022922636103152,0,0.20682880715773405,0.35204715437948664,7.635999568299787,1.037034446666412,0.0,0.9318181818181818,0.0,0.3,0.0,0.9999999999999999,0.3,0.08,0.09455587392550144,0.05,0.25
276,0.9304098288279664,0.4683808140073556,0.9296020733338853,0.4681880972562037,0.24899929058488912,0.464558101169039,0.5845272206303725,0.3504927574435867,0.3747342657974389,0.08022922636103152,0.5828571428571429,0.35007031701142854,0.3745173221188944,0.08,0.17191977077363896,0.18857142857142858,0.002857142857142857,24.97714285714286,0.15759312320916904,0.0,2.912799019974323e-18,0.11836634914903713,11.759312320916905,0.0,0.0,0.15,0.08022922636103152,0,0.20665080597908822,0.3502869186075892,7.671851005505219,1.016293757733084,0.0,1.0,0.0,0.3,0.0,0.9999999999999999,0.3,0.08,0.17191977077363896,0.05,0.25
277,0.9296882718791865,0.4678439724334283,0.9288825779763874,0.46760427480416494,0.24899929058488912,0.46477259610511834,0.6475644699140402,0.350378144263071,0.37464830591205206,0.08022922636103152,0.6457142857142857,0.3499560312971428,0.3744316078331801,0.08,0.12893982808022922,0.15142857142857144,0.002857142857142857,25.111428571428572,0.166189111747851,0.0,2.912799019974323e-18,0.11836634914903713,11.759312320916905,0.0,0.0,0.15,0.08022922636103152,0,0.2066175519491928,0.34853548401455126,7.669842556823686,0.9959678825784223,0.0,0.9811320754716981,0.0,0.3,0.0,0.9999999999999999,0.3,0.08,0.12893982808022922,0.05,0.25
278,0.9289049573291078,0.4686507081387001,0.9281015014678806,0.46837558297345755,0.24899929058488912,0.46488332894574735,0.6389684813753582,0.35026353108255526,0.37456234602666527,0.08022922636103152,0.6371428571428571,0.3498417455828571,0.37434589354746584,0.08,0.12893982808022922,0.15428571428571428,0.002857142857142857,25.228571428571428,0.16332378223495703,0.0,2.912799019974323e-18,0.11836634914903713,11.759312320916905,0.0,0.0,0.15,0.08022922636103152,0,0.20666974990373255,0.3467928065944785,7.670731419972927,1.0005998393519442,0.0,0.9814814814814815,0.0,0.3,0.0,0.9999999999999999,0.3,0.08,0.12893982808022922,0.05,0.25
279,0.9285080940524585,0.46808702765097215,0.9277057720863074,0.46782803623696645,0.24899929058488912,0.46493391155598657,0.6532951289398281,0.35026353108255526,0.37456234602666527,0.08022922636103152,0.6514285714285715,0.3498417455828571,0.37434589354746584,0.08,0.14040114613180515,0.16,0.002857142857142857,25.34857142857143,0.15472779369627507,0.0,2.912799019974323e-18,0.11836634914903713,11.759312320916905,0.0,0.0,0.15,0.08022922636103152,0,0.20640597970780317,0.3450588425615061,7.677316791573467,0.9805878425649052,0.0,1.0,0.0,0.3,0.0,0.9999999999999999,0.3,0.08,0.14040114613180515,0.05,0.25
280,0.9274606746952643,0.4676154535230218,0.9266613453558482,0.46733008361747463,0.24899929058488912,0.46496876917230046,0.5988538681948424,0.35026353108255526,0.37456234602666527,0.08022922636103152,0.5971428571428572,0.3498417455828571,0.37434589354746584,0.08,0.12034383954154727,0.1457142857142857,0.002857142857142857,25.47714285714286,0.15472779369627507,0.0,2.912799019974323e-18,0.11836634914903713,11.759312320916905,0.0,0.0,0.15,0.08022922636103152,0,0.20603066409497847,0.34333354834869856,7.669484741456282,0.960976085713607,0.0,1.0,0.0,0.3,0.0,0.9999999999999999,0.3,0.08,0.12034383954154727,0.05,0.25
281,0.9280501679229763,0.4678883541770823,0.9272491543171952,0.467601124944516,0.24899929058488912,0.4650123132161949,0.6074498567335244,0.35014891790203945,0.37447638614127843,0.08022922636103152,0.6057142857142858,0.3497274598685714,0.37426017926175154,0.08,0.14040114613180515,0.16857142857142857,0.002857142857142857,25.565714285714286,0.15472779369627507,0.0,2.912799019974323e-18,0.11836634914903713,11.759312320916905,0.0,0.0,0.15,0.08022922636103152,0,0.20617108291736072,0.3680501405798366,7.684666475198585,0.9417565639993348,0.0,0.9830508474576272,0.0,0.3,0.0,0.9999999999999999,0.3,0.08,0.14040114613180515,0.05,0.25
282,0.9286524497507034,0.46738740809390605,0.9278497153397003,0.4670823344574505,0.24899929058488912,0.4649126365465367,0.6131805157593123,0.35014891790203945,0.37447638614127843,0.08022922636103152,0.6114285714285714,0.3497274598685714,0.37426017926175154,0.08,0.11174785100286533,0.1457142857142857,0.002857142857142857,25.66857142857143,0.15472779369627507,0.0,2.912799019974323e-18,0.11836634914903713,11.759312320916905,0.0,0.0,0.15,0.08022922636103152,0,0.2057115132170596,0.36620988987693737,7.6766874314089,0.9229214327193481,0.0,1.0,0.0,0.3,0.0,0.9999999999999999,0.3,0.08,0.11174785100286533,0.05,0.25
283,0.9279406706939908,0.46742938424634123,0.9271399699374355,0.46717233869612823,0.24899929058488912,0.4646655104474151,0.5787965616045845,0.35014891790203945,0.37447638614127843,0.08022922636103152,0.5771428571428572,0.3497274598685714,0.37426017926175154,0.08,0.12034383954154727,0.1657142857142857,0.002857142857142857,25.791428571428572,0.15759312320916904,0.0,2.912799019974323e-18,0.11836634914903713,11.759312320916905,0.0,0.0,0.15,0.08022922636103152,0,0.20536824136526,0.3643788404275527,7.688867968495007,0.9044630040649612,0.0,1.0,0.0,0.3,0.0,0.9999999999999999,0.3,0.08,0.12034383954154727,0.05,0.25
284,0.9282904073876791,0.46760218021484173,0.9274887073834274,0.46734641742504185,0.24899929058488912,0.4644117180744074,0.6217765042979942,0.3500343047215237,0.3743904262558916,0.08022922636103152,0.62,0.34961317415428567,0.37417446497603724,0.08,0.12607449856733524,0.14857142857142858,0.002857142857142857,25.89142857142857,0.15759312320916904,0.0,2.912799019974323e-18,0.11836634914903713,11.759312320916905,0.0,0.0,0.15,0.08022922636103152,0,0.20542611729771945,0.36255694622541496,7.683662037696535,0.911856281830661,0.0,0.9807692307692307,0.0,0.3,0.0,0.9999999999999999,0.3,0.08,0.12607449856733524,0.05,0.25
285,0.9292080887625852,0.4677435106890186,0.9284037668115481,0.46747606282306936,0.24899929058488912,0.46421792820196034,0.6017191977077364,0.3500343047215237,0.3743904262558916,0.08022922636103152,0.6,0.34961317415428567,0.37417446497603724,0.08,0.12034383954154727,0.13428571428571429,0.002857142857142857,25.957142857142856,0.16332378223495703,0.0,2.912799019974323e-18,0.11836634914903713,11.759312320916905,0.0,0.0,0.15,0.08022922636103152,0,0.20499855813980228,0.3607441614942879,7.664274511228319,0.8936191561940479,0.0,1.0,0.0,0.3,0.0,0.9999999999999999,0.3,0.08,0.12034383954154727,0.05,0.25
286,0.929031641787255,0.46755124628550704,0.928227823970433,0.46722620607996657,0.24899929058488912,0.46397824427267614,0.5702005730659025,0.3499769981312658,0.3743474463131982,0.08022922636103152,0.5685714285714286,0.3495560312971428,0.3741316078331801,0.08,0.10888252148997135,0.14857142857142858,0.002857142857142857,26.03142857142857,0.16332378223495703,0.0,2.912799019974323e-18,0.11836634914903713,11.759312320916905,0.0,0.0,0.15,0.08022922636103152,0,0.2051154232062461,0.35894044068681646,7.659560449575181,1.0583353293607136,0.0,0.9807692307692307,0.0,0.3,0.0,0.9999999999999999,0.3,0.08,0.10888252148997135,0.05,0.25
287,0.9290795863354884,0.46696018473939316,0.9282756315342428,0.46667996501218423,0.24899929058488912,0.46379460889454477,0.6332378223495702,0.34991969154100794,0.3743044663705048,0.08022922636103152,0.6314285714285715,0.34949888843999993,0.3740887506903229,0.08,0.12320916905444126,0.16285714285714287,0.002857142857142857,26.13714285714286,0.15759312320916904,0.0,2.912799019974323e-18,0.11836634914903713,11.759312320916905,0.0,0.0,0.15,0.08022922636103152,0,0.20520370323307208,0.3571457384833823,7.669226383440821,1.0371686227734993,0.0,0.9824561403508771,0.0,0.3,0.0,0.9999999999999999,0.3,0.08,0.12320916905444126,0.05,0.25
288,0.9299725561647133,0.46707440407634276,0.9291660500210989,0.466809170009179,0.24899929058488912,0.46364558183092014,0.6418338108882522,0.34969046517997643,0.3741325465997311,0.08022922636103152,0.64,0.3492703170114285,0.3739173221188943,0.08,0.10315186246418338,0.13714285714285715,0.002857142857142857,26.251428571428573,0.15759312320916904,0.0,2.912799019974323e-18,0.11836634914903713,11.759312320916905,0.0,0.0,0.15,0.08022922636103152,0,0.20563425685976383,0.35536000979096544,7.652984712914861,1.049725659457492,0.0,0.9583333333333334,0.0,0.3,0.0,0.9999999999999999,0.3,0.08,0.10315186246418338,0.05,0.25
289,0.9299920971920146,0.4669646405593112,0.9291855352168935,0.46671005873855265,0.24899929058488912,0.46355144982355156,0.6131805157593123,0.34963315858971855,0.3740895666570377,0.08022922636103152,0.6114285714285714,0.34921317415428565,0.3738744649760372,0.08,0.11461318051575932,0.13142857142857142,0.002857142857142857,26.314285714285713,0.16045845272206305,0.0,2.912799019974323e-18,0.11836634914903713,11.759312320916905,0.0,0.0,0.15,0.08022922636103152,0,0.20560551414689354,0.35358320974201063,7.631353590085135,1.0463279576763873,0.0,0.9782608695652174,0.0,0.3,0.0,0.9999999999999999,0.3,0.08,0.11461318051575932,0.05,0.25
290,0.9302896561317942,0.46600579408197856,0.9294822439882737,0.4658258245925627,0.24899929058488912,0.46347052901230174,0.5902578796561605,0.34963315858971855,0.3740895666570377,0.08022922636103152,0.5885714285714285,0.34921317415428565,0.3738744649760372,0.08,0.1318051575931232,0.15714285714285714,0.002857142857142857,26.408571428571427,0.166189111747851,0.0,2.912799019974323e-18,0.11836634914903713,11.759312320916905,0.0,0.0,0.15,0.08022922636103152,0,0.20534777300473053,0.35181529369330056,7.635869375426289,1.0254013985228594,0.0,1.0,0.0,0.3,0.0,0.9999999999999999,0.3,0.08,0.1318051575931232,0.05,0.25
291,0.9295116051843793,0.4663437357220724,0.9287064160435656,0.4661693627522235,0.24899929058488912,0.4632740851662832,0.6504297994269341,0.34946123881894486,0.3740465867143443,0.08022922636103152,0.6485714285714286,0.3490417455828571,0.3738316078331801,0.08,0.11174785100286533,0.12571428571428572,0.002857142857142857,26.46857142857143,0.166189111747851,0.0,2.912799019974323e-18,0.11836634914903713,11.759312320916905,0.0,0.0,0.15,0.08022922636103152,0,0.2056353198539926,0.36681532973641945,7.6088662736320485,1.0366374633923843,0.0,0.9545454545454546,0.0,0.3,0.0,0.9999999999999999,0.3,0.08,0.11174785100286533,0.05,0.25
292,0.9303937513471551,0.46577510484512374,0.9295860417887336,0.4656567669071585,0.24899929058488912,0.4632175823770671,0.6361031518624641,0.34946123881894486,0.3740465867143443,0.08022922636103152,0.6342857142857142,0.3490417455828571,0.3738316078331801,0.08,0.12607449856733524,0.14,0.002857142857142857,26.588571428571427,0.16332378223495703,0.0,2.912799019974323e-18,0.11836634914903713,11.759312320916905,0.0,0.0,0.15,0.08022922636103152,0,0.20531986110829406,0.3649812530877374,7.596688948159408,1.0159047141245365,0.0,1.0,0.0,0.3,0.0,0.9999999999999999,0.3,0.08,0.12607449856733524,0.05,0.25
293,0.9297838440566529,0.46547255057396564,0.9289778770904898,0.46538979087149396,0.24899929058488912,0.46319346579936893,0.6361031518624641,0.34946123881894486,0.3740465867143443,0.08022922636103152,0.6342857142857142,0.3490417455828571,0.3738316078331801,0.08,0.12320916905444126,0.14857142857142858,0.002857142857142857,26.654285714285713,0.16905444126074498,0.0,2.912799019974323e-18,0.11836634914903713,11.759312320916905,0.0,0.0,0.15,0.08022922636103152,0,0.20500612251346687,0.3631563468222987,7.593326597767648,0.9955866198420458,0.0,1.0,0.0,0.3,0.0,0.9999999999999999,0.3,0.08,0.12320916905444126,0.05,0.25
294,0.9296815367162965,0.4664247340242322,0.9288758620568203,0.4663549526089425,0.24899929058488912,0.4631402954834098,0.664756446991404,0.34946123881894486,0.3740465867143443,0.08022922636103152,0.6628571428571428,0.3490417455828571,0.3738316078331801,0.08,0.10601719197707736,0.12857142857142856,0.002857142857142857,26.728571428571428,0.16332378223495703,0.0,2.912799019974323e-18,0.11836634914903713,11.759312320916905,0.0,0.0,0.15,0.08022922636103152,0,0.20455194975804236,0.3613405650881872,7.570031494383723,0.9756748874452049,0.0,1.0,0.0,0.3,0.0,0.9999999999999999,0.3,0.08,0.10601719197707736,0.05,0.25
295,0.9297266533228985,0.4660901370963958,0.928920849758832,0.46600054575329863,0.24899929058488912,0.46324699258581636,0.6475644699140402,0.34946123881894486,0.3740465867143443,0.08022922636103152,0.6457142857142857,0.3490417455828571,0.3738316078331801,0.08,0.1318051575931232,0.15428571428571428,0.002857142857142857,26.80857142857143,0.16045845272206305,0.0,2.912799019974323e-18,0.11836634914903713,11.759312320916905,0.0,0.0,0.15,0.08022922636103152,0,0.20457108161600462,0.3595338622627462,7.572916578781762,0.9561613896963008,0.0,1.0,0.0,0.3,0.0,0.9999999999999999,0.3,0.08,0.1318051575931232,0.05,0.25
296,0.9301179176140224,0.4657956126219075,0.9293109961519812,0.46570484971666654,0.24899929058488912,0.46322998809968974,0.6446991404011462,0.3493466256384291,0.3739606268289575,0.08022922636103152,0.6428571428571429,0.3489274598685714,0.3737458935474658,0.08,0.13753581661891118,0.15714285714285714,0.002857142857142857,26.928571428571427,0.16332378223495703,0.0,2.912799019974323e-18,0.11836634914903713,11.759312320916905,0.0,0.0,0.15,0.08022922636103152,0,0.20485910043660302,0.35773619295143244,7.5786011043489845,0.9571072679730658,0.0,0.9818181818181818,0.0,0.3,0.0,0.9999999999999999,0.3,0.08,0.13753581661891118,0.05,0.25
297,0.9309916021183342,0.46652821126650396,0.9301821844148519,0.46645621541704463,0.24899929058488912,0.4632527456037587,0.6332378223495702,0.34923201245791335,0.3738746669435707,0.08022922636103152,0.6314285714285715,0.34881317415428564,0.3736601792617515,0.08,0.12320916905444126,0.1457142857142857,0.002857142857142857,27.017142857142858,0.16332378223495703,0.0,2.912799019974323e-18,0.11836634914903713,11.759312320916905,0.0,0.0,0.15,0.08022922636103152,0,0.20492009064870575,0.3559475119866753,7.57274336797629,1.0295502045167082,0.0,0.9803921568627451,0.0,0.3,0.0,0.9999999999999999,0.3,0.08,0.12320916905444126,0.05,0.25
298,0.9311459107584739,0.4667013715249314,0.9303360521731628,0.46663450472770585,0.24899929058488912,0.46326213317201553,0.6361031518624641,0.34911739927739766,0.3737887070581839,0.08022922636103152,0.6342857142857142,0.3486988884399999,0.3735744649760372,0.08,0.12893982808022922,0.14285714285714285,0.002857142857142857,27.125714285714285,0.16045845272206305,0.0,2.912799019974323e-18,0.11836634914903713,11.759312320916905,0.0,0.0,0.15,0.08022922636103152,0,0.20492363305260508,0.35768032123685856,7.564145643473907,1.0099952436644044,0.0,0.98,0.0,0.3,0.0,0.9999999999999999,0.3,0.08,0.12893982808022922,0.05,0.25
299,0.931635338954185,0.4671296190258608,0.9308240820026005,0.4670441776604264,0.24899929058488912,0.46332239005908404,0.6332378223495702,0.34911739927739766,0.3737887070581839,0.08022922636103152,0.6314285714285715,0.3486988884399999,0.3735744649760372,0.08,0.11174785100286533,0.14,0.002857142857142857,27.231428571428573,0.16045845272206305,0.0,2.912799019974323e-18,0.11836634914903713,11.759312320916905,0.0,0.0,0.15,0.08022922636103152,0,0.20458344631234204,0.35589191963067424,7.552862730604429,0.9897953387911161,0.0,1.0,0.0,0.3,0.0,0.9999999999999999,0.3,0.08,0.11174785100286533,0.05,0.25
300,0.9319888978974076,0.4674574075467517,0.9311766307774137,0.46740024068471014,0.24899929058488912,0.4632786036078283,0.6074498567335244,0.34911739927739766,0.3737887070581839,0.08022922636103152,0.6057142857142858,0.3486988884399999,0.3735744649760372,0.08,0.1346704871060172,0.15714285714285714,0.002857142857142857,27.34285714285714,0.16332378223495703,0.0,2.912799019974323e-18,0.11836634914903713,11.759312320916905,0.0,0.0,0.15,0.08022922636103152,0,0.2043876733664946,0.3541124600325209,7.558948333135198,0.9699994320152938,0.0,1.0,0.0,0.3,0.0,0.9999999999999999,0.3,0.08,0.1346704871060172,0.05,0.25
301,0.9304948426117953,0.467296785689448,0.9296868442211891,0.46724199060573063,0.24899929058488912,0.46339794156999703,0.6332378223495702,0.34911739927739766,0.3737887070581839,0.08022922636103152,0.6314285714285715,0.3486988884399999,0.3735744649760372,0.08,0.14613180515759314,0.1657142857142857,0.002857142857142857,27.465714285714284,0.16332378223495703,0.0,2.912799019974323e-18,0.11836634914903713,11.759312320916905,0.0,0.0,0.15,0.08022922636103152,0,0.2040224492853764,0.35234189773235824,7.57348365218678,0.9505994433749879,0.0,1.0,0.0,0.3,0.0,0.9999999999999999,0.3,0.08,0.14613180515759314,0.05,0.25
302,0.929128469698317,0.4671639243691248,0.9283243752303207,0.46713028063323414,0.24899929058488912,0.46352898765310546,0.6189111747851003,0.34911739927739766,0.3737887070581839,0.08022922636103152,0.6171428571428571,0.3486988884399999,0.3735744649760372,0.08,0.13753581661891118,0.16285714285714287,0.002857142857142857,27.58,0.16332378223495703,0.0,2.912799019974323e-18,0.11836634914903713,11.759312320916905,0.0,0.0,0.15,0.08022922636103152,0,0.2036874798960924,0.35058018824369647,7.584871122000186,0.9315874545074881,0.0,1.0,0.0,0.3,0.0,0.9999999999999999,0.3,0.08,0.13753581661891118,0.05,0.25
303,0.9305735635178799,0.4654763880175843,0.9297653402103989,0.46546468948426406,0.24899929058488912,0.4636499727224777,0.5730659025787965,0.34911739927739766,0.3737887070581839,0.08022922636103152,0.5714285714285714,0.3486988884399999,0.3735744649760372,0.08,0.11461318051575932,0.15428571428571428,0.002857142857142857,27.66857142857143,0.16332378223495703,0.0,2.912799019974323e-18,0.11836634914903713,11.759312320916905,0.0,0.0,0.15,0.08022922636103152,0,0.2032971853537548,0.34882728730247803,7.587459413845897,0.9129557054173384,0.0,1.0,0.0,0.3,0.0,0.9999999999999999,0.3,0.08,0.11461318051575932,0.05,0.25
304,0.9291852705184969,0.4653246477972934,0.9283810137624428,0.46532762005745326,0.24899929058488912,0.4636189800972592,0.6303724928366762,0.34911739927739766,0.3737887070581839,0.08022922636103152,0.6285714285714286,0.3486988884399999,0.3735744649760372,0.08,0.11461318051575932,0.14285714285714285,0.002857142857142857,27.717142857142857,0.166189111747851,0.0,2.912799019974323e-18,0.11836634914903713,11.759312320916905,0.0,0.0,0.15,0.08022922636103152,0,0.2029655572841289,0.34708315086596564,7.578567368426123,0.8946965913089916,0.0,1.0,0.0,0.3,0.0,0.9999999999999999,0.3,0.08,0.11461318051575932,0.05,0.25
305,0.9298578629026113,0.46581721434506984,0.9290516844540312,0.4658069893975229,0.24899929058488912,0.46350040498993983,0.6217765042979942,0.34911739927739766,0.3737887070581839,0.08022922636103152,0.62,0.3486988884399999,0.3735744649760372,0.08,0.12607449856733524,0.17142857142857143,0.002857142857142857,27.84285714285714,0.16905444126074498,0.0,2.912799019974323e-18,0.11836634914903713,11.759312320916905,0.0,0.0,0.15,0.08022922636103152,0,0.20260758664056538,0.34534773511163575,7.598424592486172,0.8768026594828118,0.0,1.0,0.0,0.3,0.0,0.9999999999999999,0.3,0.08,0.12607449856733524,0.05,0.25
306,0.929302999286527,0.46555565615569894,0.9284984061625643,0.46557103789360077,0.24899929058488912,0.46346688139357667,0.6074498567335244,0.3490600926871397,0.37374572711549037,0.08022922636103152,0.6057142857142858,0.3486417455828571,0.37353160783318,0.08,0.14040114613180515,0.16285714285714287,0.002857142857142857,27.97714285714286,0.16332378223495703,0.0,2.912799019974323e-18,0.11836634914903713,11.759312320916905,0.0,0.0,0.15,0.08022922636103152,0,0.20282141013236255,0.3436209964360776,7.60931324349359,0.8923121309609958,0.0,0.9824561403508771,0.0,0.3,0.0,0.9999999999999999,0.3,0.08,0.14040114613180515,0.05,0.25
307,0.9286357788685847,0.46576157819925307,0.9278330920886733,0.4657634096532076,0.24899929058488912,0.4634964231831468,0.6475644699140402,0.34900278609688185,0.373702747172797,0.08022922636103152,0.6457142857142857,0.34858460272571423,0.37348875069032295,0.08,0.12607449856733524,0.15142857142857144,0.002857142857142857,28.062857142857144,0.16045845272206305,0.0,2.912799019974323e-18,0.11836634914903713,11.759312320916905,0.0,0.0,0.15,0.08022922636103152,0,0.20283558879598643,0.3419028914538972,7.608555550052289,0.8871680985496843,0.0,0.9811320754716981,0.0,0.3,0.0,0.9999999999999999,0.3,0.08,0.12607449856733524,0.05,0.25
308,0.9289908701734773,0.4659471585471433,0.9281871688469804,0.4659561475312083,0.24899929058488912,0.4635302793987666,0.6189111747851003,0.3488308663261082,0.37357380734471685,0.08022922636103152,0.6171428571428571,0.3484131741542857,0.3733601792617515,0.08,0.12034383954154727,0.14,0.002857142857142857,28.214285714285715,0.166189111747851,0.0,2.912799019974323e-18,0.11836634914903713,11.759312320916905,0.0,0.0,0.15,0.08022922636103152,0,0.2032778401377208,0.3401933769966277,7.596384439051244,0.9613190178362153,0.0,0.9591836734693877,0.0,0.3,0.0,0.9999999999999999,0.3,0.08,0.12034383954154727,0.05,0.25
309,0.9295553749705332,0.46524066554751453,0.9287500607731876,0.465275008158022,0.24899929058488912,0.4634877127772991,0.6131805157593123,0.34871625314559246,0.37348784745933,0.08022922636103152,0.6114285714285714,0.34829888843999995,0.3732744649760372,0.08,0.1318051575931232,0.1657142857142857,0.002857142857142857,28.34,0.16045845272206305,0.0,2.912799019974323e-18,0.11836634914903713,11.759312320916905,0.0,0.0,0.15,0.08022922636103152,0,0.2034888802227465,0.33849241011164455,7.610171035984505,0.9512185373154177,0.0,0.9827586206896551,0.0,0.3,0.0,0.9999999999999999,0.3,0.08,0.1318051575931232,0.05,0.25
310,0.9302085637369398,0.4646718790431877,0.9294013832859761,0.46469935422310243,0.24899929058488912,0.46353639809563224,0.6418338108882522,0.34871625314559246,0.37348784745933,0.08022922636103152,0.64,0.34829888843999995,0.3732744649760372,0.08,0.12034383954154727,0.14,0.002857142857142857,28.442857142857143,0.16045845272206305,0.0,2.912799019974323e-18,0.11836634914903713,11.759312320916905,0.0,0.0,0.15,0.08022922636103152,0,0.20304257867877562,0.3367999480610863,7.597967615264814,0.9321941665691094,0.0,1.0,0.0,0.3,0.0,0.9999999999999999,0.3,0.08,0.12034383954154727,0.05,0.25
311,0.9297305989198507,0.46506175497297847,0.9289247840826499,0.4650748182770899,0.24899929058488912,0.4634366141757225,0.66189111747851,0.3486016399650767,0.37340188757394316,0.08022922636103152,0.66,0.3481846027257142,0.373188750690323,0.08,0.11174785100286533,0.12285714285714286,0.002857142857142857,28.52,0.16045845272206305,0.0,2.912799019974323e-18,0.11836634914903713,11.759312320916905,0.0,0.0,0.15,0.08022922636103152,0,0.20302665149966742,0.3351159483207809,7.568865405816661,0.922502636672713,0.0,0.9767441860465116,0.0,0.3,0.0,0.9999999999999999,0.3,0.08,0.11174785100286533,0.05,0.25
312,0.9309426329643682,0.46601675049035995,0.9301333551727544,0.46602042593915727,0.24899929058488912,0.4635320442492256,0.6074498567335244,0.3486016399650767,0.37340188757394316,0.08022922636103152,0.6057142857142858,0.3481846027257142,0.373188750690323,0.08,0.1318051575931232,0.15714285714285714,0.002857142857142857,28.617142857142856,0.16045845272206305,0.0,2.912799019974323e-18,0.11836634914903713,11.759312320916905,0.0,0.0,0.15,0.08022922636103152,0,0.2029512467601333,0.33344036857917697,7.574630954843183,0.9040525839392588,0.0,1.0,0.0,0.3,0.0,0.9999999999999999,0.3,0.08,0.1318051575931232,0.05,0.25
313,0.9311436046610052,0.4661389231658223,0.9303337526645441,0.466119099369278,0.24899929058488912,0.4636902336724837,0.6045845272206304,0.34854433337481877,0.37335890763124974,0.08022922636103152,0.6028571428571429,0.3481274598685714,0.37314589354746575,0.08,0.12893982808022922,0.16857142857142857,0.002857142857142857,28.722857142857144,0.16045845272206305,0.0,2.912799019974323e-18,0.11836634914903713,11.759312320916905,0.0,0.0,0.15,0.08022922636103152,0,0.20307863409776125,0.33531896735207206,7.591709764317749,0.8888125850258638,0.0,0.9830508474576272,0.0,0.3,0.0,0.9999999999999999,0.3,0.08,0.12893982808022922,0.05,0.25
314,0.9316683029479862,0.46618061084327034,0.9308569518135622,0.4660814712404801,0.24899929058488912,0.4637711135998477,0.6160458452722063,0.34848702678456095,0.37331592768855637,0.08022922636103152,0.6142857142857143,0.3480703170114285,0.3731030364046087,0.08,0.12320916905444126,0.16285714285714287,0.002857142857142857,28.84,0.16045845272206305,0.0,2.912799019974323e-18,0.11836634914903713,11.759312320916905,0.0,0.0,0.15,0.08022922636103152,0,0.203091669498701,0.3336423725153117,7.602732711888536,0.8929041973301821,0.0,0.9824561403508771,0.0,0.3,0.0,0.9999999999999999,0.3,0.08,0.12320916905444126,0.05,0.25
315,0.9319961515008535,0.4661103398373473,0.9311838636562784,0.46601786462004335,0.24899929058488912,0.46387314996038376,0.5787965616045845,0.34837241360404514,0.3732299678031695,0.08022922636103152,0.5771428571428572,0.3479560312971428,0.3730173221188944,0.08,0.14040114613180515,0.17714285714285713,0.002857142857142857,28.982857142857142,0.166189111747851,0.0,2.912799019974323e-18,0.11836634914903713,11.759312320916905,0.0,0.0,0.15,0.08022922636103152,0,0.2032184975797789,0.33197416065273516,7.627820914793622,0.9390874660055779,0.0,0.9838709677419355,0.0,0.3,0.0,0.9999999999999999,0.3,0.08,0.14040114613180515,0.05,0.25
316,0.931777013551348,0.46642128078381234,0.9309653518152,0.4663070795004926,0.24899929058488912,0.4640158253041127,0.6217765042979942,0.3483151070137873,0.3731869878604761,0.08022922636103152,0.62,0.34789888843999994,0.3729744649760372,0.08,0.1318051575931232,0.15428571428571428,0.002857142857142857,29.102857142857143,0.166189111747851,0.0,2.912799019974323e-18,0.11836634914903713,11.759312320916905,0.0,0.0,0.15,0.08022922636103152,0,0.2032872650883086,0.33031428984947153,7.6295502107834645,0.9377589444917891,0.0,0.9814814814814815,0.0,0.3,0.0,0.9999999999999999,0.3,0.08,0.1318051575931232,0.05,0.25
317,0.9301020167954002,0.4668233470662821,0.9292951407642692,0.4666823840505482,0.24899929058488912,0.4642515361250555,0.6160458452722063,0.3482578004235294,0.37314400791778274,0.08022922636103152,0.6142857142857143,0.3478417455828571,0.3729316078331801,0.08,0.12893982808022922,0.15142857142857144,0.002857142857142857,29.208571428571428,0.17191977077363896,0.0,2.912799019974323e-18,0.11836634914903713,11.759312320916905,0.0,0.0,0.15,0.08022922636103152,0,0.2033275430485813,0.32866271840022415,7.628387777996366,0.9371927919514176,0.0,0.9811320754716981,0.0,0.3,0.0,0.9999999999999999,0.3,0.08,0.12893982808022922,0.05,0.25
318,0.929685535174897,0.4669450524248581,0.9288798490912534,0.4668055809549758,0.24899929058488912,0.4645103355077789,0.6532951289398281,0.3482578004235294,0.37314400791778274,0.08022922636103152,0.6514285714285715,0.3478417455828571,0.3729316078331801,0.08,0.12320916905444126,0.14857142857142858,0.002857142857142857,29.325714285714287,0.16905444126074498,0.0,2.912799019974323e-18,0.11836634914903713,11.759312320916905,0.0,0.0,0.15,0.08022922636103152,0,0.20291061961905274,0.327019404808223,7.6243914510078685,0.9184489361123893,0.0,1.0,0.0,0.3,0.0,0.9999999999999999,0.3,0.08,0.12320916905444126,0.05,0.25
319,0.929803072071574,0.46725321111131946,0.9289970501682254,0.46713051100985437,0.24899929058488912,0.46471673903275473,0.6131805157593123,0.3481431872430137,0.3730580480323959,0.08022922636103152,0.6114285714285714,0.34772745986857134,0.3728458935474658,0.08,0.13753581661891118,0.15428571428571428,0.002857142857142857,29.431428571428572,0.16905444126074498,0.0,2.912799019974323e-18,0.11836634914903713,11.759312320916905,0.0,0.0,0.15,0.08022922636103152,0,0.20312193861035022,0.32707899525191736,7.626189336273424,0.909039630195883,0.0,0.9814814814814815,0.0,0.3,0.0,0.9999999999999999,0.3,0.08,0.13753581661891118,0.05,0.25
320,0.9299151178986924,0.4670320695222648,0.9291087758644091,0.46689582549450503,0.24899929058488912,0.4648819556048686,0.6389684813753582,0.3481431872430137,0.3730580480323959,0.08022922636103152,0.6371428571428571,0.34772745986857134,0.3728458935474658,0.08,0.12607449856733524,0.15428571428571428,0.002857142857142857,29.542857142857144,0.16905444126074498,0.0,2.912799019974323e-18,0.11836634914903713,11.759312320916905,0.0,0.0,0.15,0.08022922636103152,0,0.2029047610565842,0.3254436002756577,7.627951263833669,0.8908588375919653,0.0,1.0,0.0,0.3,0.0,0.9999999999999999,0.3,0.08,0.12607449856733524,0.05,0.25
321,0.9301016621762764,0.46755857559614333,0.929294787158343,0.46743594814487655,0.24899929058488912,0.46492425728333064,0.6160458452722063,0.3480858806527558,0.3730150680897024,0.08022922636103152,0.6142857142857143,0.34767031701142853,0.3728030364046086,0.08,0.11174785100286533,0.1457142857142857,0.002857142857142857,29.63142857142857,0.16905444126074498,0.0,2.912799019974323e-18,0.11836634914903713,11.759312320916905,0.0,0.0,0.15,0.08022922636103152,0,0.20294695153701553,0.32381638227427945,7.6211065242712825,0.8880228314189275,0.0,0.9803921568627451,0.0,0.3,0.0,0.9999999999999999,0.3,0.08,0.11174785100286533,0.05,0.25
322,0.9294941211479555,0.4671188384308784,0.9286889819615315,0.46701939097405826,0.24899929058488912,0.4649639327327673,0.5730659025787965,0.34779934770146637,0.3728001683762354,0.08022922636103152,0.5714285714285714,0.34738460272571425,0.37258875069032293,0.08,0.13753581661891118,0.1742857142857143,0.002857142857142857,29.728571428571428,0.16905444126074498,0.0,2.912799019974323e-18,0.11836634914903713,11.759312320916905,0.0,0.0,0.15,0.08022922636103152,0,0.20387464535075903,0.322197300362908,7.642970108071571,0.9217037492171021,0.0,0.9508196721311475,0.0,0.3,0.0,0.9999999999999999,0.3,0.08,0.13753581661891118,0.05,0.25
323,0.928392619820867,0.4661625119921959,0.9275906277810918,0.4661118323936111,0.24899929058488912,0.4648566799624283,0.5558739255014327,0.34762742793069273,0.37267122854815515,0.08022922636103152,0.5542857142857143,0.34721317415428565,0.37246017926175157,0.08,0.13753581661891118,0.1657142857142857,0.002857142857142857,29.845714285714287,0.16905444126074498,0.0,2.912799019974323e-18,0.11836634914903713,11.759312320916905,0.0,0.0,0.15,0.08022922636103152,0,0.2043974156954338,0.33079145850695707,7.655824991624426,0.9221937230268016,0.0,0.9655172413793104,0.0,0.3,0.0,0.9999999999999999,0.3,0.08,0.13753581661891118,0.05,0.25
324,0.9290815642504323,0.4660127049599213,0.9282776037980011,0.4659890730597601,0.24899929058488912,0.4647796365270329,0.6045845272206304,0.347512814750177,0.3725852686627684,0.08022922636103152,0.6028571428571429,0.3470988884399999,0.37237446497603727,0.08,0.14613180515759314,0.17714285714285713,0.002857142857142857,29.931428571428572,0.166189111747851,0.0,2.912799019974323e-18,0.11836634914903713,11.759312320916905,0.0,0.0,0.15,0.08022922636103152,0,0.20457414575624236,0.32913750121442226,7.679851348934793,0.9618096920449081,0.0,0.9838709677419355,0.0,0.3,0.0,0.9999999999999999,0.3,0.08,0.14613180515759314,0.05,0.25
325,0.9293689523751584,0.46517497600323454,0.9285641708137996,0.4651291505166351,0.24899929058488912,0.4646397801688721,0.6389684813753582,0.3473982015696612,0.3724993087773816,0.08022922636103152,0.6371428571428571,0.34698460272571424,0.37228875069032297,0.08,0.12893982808022922,0.1457142857142857,0.002857142857142857,30.014285714285716,0.16332378223495703,0.0,2.912799019974323e-18,0.11836634914903713,11.759312320916905,0.0,0.0,0.15,0.08022922636103152,0,0.20457956074174685,0.3274918137083502,7.671968607670384,0.9554571720009297,0.0,0.9803921568627451,0.0,0.3,0.0,0.9999999999999999,0.3,0.08,0.12893982808022922,0.05,0.25
326,0.9288358274376131,0.46604679680897476,0.9280325690903614,0.4659478981450811,0.24899929058488912,0.46449542622435,0.5902578796561605,0.3473982015696612,0.3724993087773816,0.08022922636103152,0.5885714285714285,0.34698460272571424,0.37228875069032297,0.08,0.14326647564469913,0.17142857142857143,0.002857142857142857,30.12,0.16332378223495703,0.0,2.912799019974323e-18,0.11836634914903713,11.759312320916905,0.0,0.0,0.15,0.08022922636103152,0,0.2043270922237524,0.3258543546398084,7.6899578069455465,0.9363480285609111,0.0,1.0,0.0,0.3,0.0,0.9999999999999999,0.3,0.08,0.14326647564469913,0.05,0.25
327,0.9279931900957373,0.46528891715176895,0.9271923392837483,0.4652000284991353,0.24899929058488912,0.4644156637851589,0.6217765042979942,0.3473982015696612,0.3724993087773816,0.08022922636103152,0.62,0.34698460272571424,0.37228875069032297,0.08,0.1174785100286533,0.1457142857142857,0.002857142857142857,30.22,0.16332378223495703,0.0,2.912799019974323e-18,0.11836634914903713,11.759312320916905,0.0,0.0,0.15,0.08022922636103152,0,0.20399074247691934,0.32422508286660934,7.6818729365209215,0.9176210679896928,0.0,1.0,0.0,0.3,0.0,0.9999999999999999,0.3,0.08,0.1174785100286533,0.05,0.25
328,0.9275172152140092,0.4652107944622582,0.9267177243302537,0.46517667169185856,0.24899929058488912,0.4642654150668757,0.5959885386819485,0.34734089497940335,0.37245632883468816,0.08022922636103152,0.5942857142857143,0.3469274598685714,0.3722458935474658,0.08,0.1174785100286533,0.14285714285714285,0.002857142857142857,30.31142857142857,0.166189111747851,0.0,2.912799019974323e-18,0.11836634914903713,11.759312320916905,0.0,0.0,0.15,0.08022922636103152,0,0.20402750305024905,0.3261886825364465,7.671092620647645,0.899268646629899,0.0,0.98,0.0,0.3,0.0,0.9999999999999999,0.3,0.08,0.1174785100286533,0.05,0.25
329,0.9265709769586704,0.4656595276499783,0.9257741896127873,0.4656448718591899,0.24899929058488912,0.46407835293020117,0.6446991404011462,0.3471116686183718,0.37228440906391447,0.08022922636103152,0.6428571428571429,0.34669888843999996,0.3720744649760372,0.08,0.13753581661891118,0.1657142857142857,0.002857142857142857,30.422857142857143,0.166189111747851,0.0,2.912799019974323e-18,0.11836634914903713,11.759312320916905,0.0,0.0,0.15,0.08022922636103152,0,0.20457822267785494,0.3245577391237643,7.683385053948979,0.8876502224576002,0.0,0.9655172413793104,0.0,0.3,0.0,0.9999999999999999,0.3,0.08,0.13753581661891118,0.05,0.25
330,0.9273342822273168,0.4654660957229848,0.9265353140092376,0.4654950031989031,0.24899929058488912,0.4640230952205418,0.5873925501432665,0.3469970554378561,0.37219844917852773,0.08022922636103152,0.5857142857142857,0.34658460272571423,0.371988750690323,0.08,0.12320916905444126,0.14,0.002857142857142857,30.48857142857143,0.16045845272206305,0.0,2.912799019974323e-18,0.11836634914903713,11.759312320916905,0.0,0.0,0.15,0.08022922636103152,0,0.20461176085017996,0.3229349504281455,7.6697173528699985,0.8886146290613643,0.0,0.9795918367346939,0.0,0.3,0.0,0.9999999999999999,0.3,0.08,0.12320916905444126,0.05,0.25
331,0.9254987882201545,0.4656629977910218,0.924705064270667,0.4656646244061177,0.24899929058488912,0.46386447986963114,0.6189111747851003,0.3469970554378561,0.37219844917852773,0.08022922636103152,0.6171428571428571,0.34658460272571423,0.371988750690323,0.08,0.13753581661891118,0.16285714285714287,0.002857142857142857,30.62857142857143,0.16332378223495703,0.0,2.912799019974323e-18,0.11836634914903713,11.759312320916905,0.0,0.0,0.15,0.08022922636103152,0,0.20435927347450047,0.3213202756760048,7.679180148669741,0.8708423364801371,0.0,1.0,0.0,0.3,0.0,0.9999999999999999,0.3,0.08,0.13753581661891118,0.05,0.25
332,0.9271456626268141,0.46602111710515975,0.926347233321879,0.46599949597428,0.24899929058488912,0.4638777955231946,0.5787965616045845,0.3469970554378561,0.37219844917852773,0.08022922636103152,0.5771428571428572,0.34658460272571423,0.371988750690323,0.08,0.10888252148997135,0.12285714285714286,0.002857142857142857,30.734285714285715,0.16332378223495703,0.0,2.912799019974323e-18,0.11836634914903713,11.759312320916905,0.0,0.0,0.15,0.08022922636103152,0,0.20382304853569944,0.31971367429762476,7.64845368855349,0.8534254897505342,0.0,1.0,0.0,0.3,0.0,0.9999999999999999,0.3,0.08,0.10888252148997135,0.05,0.25
333,0.9252491559880026,0.46527105183785705,0.9244561452734644,0.46520167040348853,0.24899929058488912,0.4641586924262765,0.6131805157593123,0.34688244225734033,0.37211248929314084,0.08022922636103152,0.6114285714285714,0.3464703170114285,0.37190303640460864,0.08,0.09742120343839542,0.13428571428571429,0.002857142857142857,30.81142857142857,0.166189111747851,0.0,2.912799019974323e-18,0.11836634914903713,11.759312320916905,0.0,0.0,0.15,0.08022922636103152,0,0.2039170768644495,0.3181151059261366,7.629770329068134,0.8601369758058984,0.0,0.9787234042553191,0.0,0.3,0.0,0.9999999999999999,0.3,0.08,0.09742120343839542,0.05,0.25
334,0.9258895213907996,0.46503217397819285,0.9250946810608249,0.4649729849182651,0.24899929058488912,0.46444114251306917,0.5988538681948424,0.3467678290768246,0.3720265294077541,0.08022922636103152,0.5971428571428572,0.3463560312971428,0.3718173221188944,0.08,0.1489971346704871,0.17714285714285713,0.002857142857142857,30.92,0.166189111747851,0.0,2.912799019974323e-18,0.11836634914903713,11.759312320916905,0.0,0.0,0.15,0.08022922636103152,0,0.20455349219441293,0.31652453039650597,7.654317779629629,0.9059895469643503,0.0,0.967741935483871,0.0,0.3,0.0,0.9999999999999999,0.3,0.08,0.1489971346704871,0.05,0.25
335,0.9274159677798288,0.46535172501551714,0.9266167661744567,0.46530033543503024,0.24899929058488912,0.46470999188416495,0.6275071633237822,0.3467678290768246,0.3720265294077541,0.08022922636103152,0.6257142857142857,0.3463560312971428,0.3718173221188944,0.08,0.11461318051575932,0.14285714285714285,0.002857142857142857,31.01142857142857,0.166189111747851,0.0,2.912799019974323e-18,0.11836634914903713,11.759312320916905,0.0,0.0,0.15,0.08022922636103152,0,0.20413043901915517,0.3149419077445234,7.644088566894178,0.8878697560250634,0.0,1.0,0.0,0.3,0.0,0.9999999999999999,0.3,0.08,0.11461318051575932,0.05,0.25
336,0.9261249254983878,0.4650970583092408,0.9253294125852483,0.4650394900335547,0.24899929058488912,0.4651064102235466,0.6361031518624641,0.3466532158963088,0.3719405695223672,0.08022922636103152,0.6342857142857142,0.34624174558285714,0.37173160783318004,0.08,0.1318051575931232,0.1457142857142857,0.002857142857142857,31.105714285714285,0.16905444126074498,0.0,2.912799019974323e-18,0.11836634914903713,11.759312320916905,0.0,0.0,0.15,0.08022922636103152,0,0.2042235011097737,0.31336719820580083,7.636921081270581,0.870112360904562,0.0,0.9803921568627451,0.0,0.3,0.0,0.9999999999999999,0.3,0.08,0.1318051575931232,0.05,0.25
337,0.9267794675556347,0.46452509282831345,0.9259820845223317,0.46441633634052826,0.24899929058488912,0.4655418918456307,0.6131805157593123,0.3466532158963088,0.3719405695223672,0.08022922636103152,0.6114285714285714,0.34624174558285714,0.37173160783318004,0.08,0.1518624641833811,0.18,0.002857142857142857,31.231428571428573,0.17191977077363896,0.0,2.912799019974323e-18,0.11836634914903713,11.759312320916905,0.0,0.0,0.15,0.08022922636103152,0,0.2039448121756534,0.31180036221477186,7.664182659645168,0.8527101136864708,0.0,1.0,0.0,0.3,0.0,0.9999999999999999,0.3,0.08,0.1518624641833811,0.05,0.25
338,0.9262282529584686,0.4649856588674544,0.9254324448240145,0.4648171919221706,0.24899929058488912,0.46605355219488775,0.5616045845272206,0.3466532158963088,0.3719405695223672,0.08022922636103152,0.56,0.34624174558285714,0.37173160783318004,0.08,0.14326647564469913,0.16857142857142857,0.002857142857142857,31.322857142857142,0.16905444126074498,0.0,2.912799019974323e-18,0.11836634914903713,11.759312320916905,0.0,0.0,0.15,0.08022922636103152,0,0.20349651668620367,0.310241360403698,7.679470435023694,0.8356559114127414,0.0,1.0,0.0,0.3,0.0,0.9999999999999999,0.3,0.08,0.14326647564469913,0.05,0.25
339,0.925615805095426,0.465946671906428,0.9248217468120092,0.4657856364132842,0.24899929058488912,0.466519617558835,0.6074498567335244,0.3466532158963088,0.3719405695223672,0.08022922636103152,0.6057142857142858,0.34624174558285714,0.37173160783318004,0.08,0.11461318051575932,0.12571428571428572,0.002857142857142857,31.442857142857143,0.17478510028653296,0.0,2.912799019974323e-18,0.11836634914903713,11.759312320916905,0.0,0.0,0.15,0.08022922636103152,0,0.20302160553134407,0.3086901536016795,7.6515953120375055,0.8189427931844866,0.0,1.0,0.0,0.3,0.0,0.9999999999999999,0.3,0.08,0.11461318051575932,0.05,0.25
340,0.9238593023668474,0.4657478336325352,0.9230702626626553,0.4655970342456297,0.24899929058488912,0.4668698351345497,0.6275071633237822,0.34653860271579306,0.37185460963698047,0.08022922636103152,0.6257142857142857,0.3461274598685714,0.37164589354746586,0.08,0.12320916905444126,0.14,0.002857142857142857,31.494285714285713,0.17191977077363896,0.0,2.912799019974323e-18,0.11836634914903713,11.759312320916905,0.0,0.0,0.15,0.08022922636103152,0,0.20306292607511595,0.30714670283367107,7.638563405796754,0.8243727208241705,0.0,0.9795918367346939,0.0,0.3,0.0,0.9999999999999999,0.3,0.08,0.12320916905444126,0.05,0.25
341,0.924266699796776,0.46587181403295913,0.9234764960999269,0.465729265569523,0.24899929058488912,0.46713383867761976,0.6103151862464183,0.3464239895352773,0.3717686497515936,0.08022922636103152,0.6085714285714285,0.3460131741542857,0.37156017926175144,0.08,0.12320916905444126,0.15714285714285714,0.002857142857142857,31.605714285714285,0.17478510028653296,0.0,2.912799019974323e-18,0.11836634914903713,11.759312320916905,0.0,0.0,0.15,0.08022922636103152,0,0.2036468971590261,0.32343981530203586,7.642934994823676,0.8612059291603201,0.0,0.9636363636363636,0.0,0.3,0.0,0.9999999999999999,0.3,0.08,0.12320916905444126,0.05,0.25
342,0.9249401415960766,0.4652556276442533,0.9241480137798008,0.46516817349593775,0.24899929058488912,0.4673318741864644,0.6045845272206304,0.3463666829450194,0.37172566980890026,0.08022922636103152,0.6028571428571429,0.34595603129714286,0.3715173221188944,0.08,0.11461318051575932,0.14285714285714285,0.002857142857142857,31.677142857142858,0.17478510028653296,0.0,2.912799019974323e-18,0.11836634914903713,11.759312320916905,0.0,0.0,0.15,0.08022922636103152,0,0.20359994838751666,0.3218226162255257,7.632933437784346,0.8591394825053057,0.0,0.98,0.0,0.3,0.0,0.9999999999999999,0.3,0.08,0.11461318051575932,0.05,0.25
343,0.9253140738495812,0.4642871647603771,0.9245208776554383,0.4642413471325566,0.24899929058488912,0.4675732014818481,0.6160458452722063,0.3463666829450194,0.37172566980890026,0.08022922636103152,0.6142857142857143,0.34595603129714286,0.3715173221188944,0.08,0.12034383954154727,0.14285714285714285,0.002857142857142857,31.81142857142857,0.17765042979942694,0.0,2.912799019974323e-18,0.11836634914903713,11.759312320916905,0.0,0.0,0.15,0.08022922636103152,0,0.2032385200741505,0.3202135031443981,7.623131911885803,0.8419566928551996,0.0,1.0,0.0,0.3,0.0,0.9999999999999999,0.3,0.08,0.12034383954154727,0.05,0.25
344,0.9250139927065281,0.4643307693566073,0.9242216538870798,0.46426681241283557,0.24899929058488912,0.4677130411237481,0.5845272206303725,0.3463093763547615,0.3716826898662068,0.08022922636103152,0.5828571428571429,0.34589888843999994,0.3714744649760372,0.08,0.10601719197707736,0.12857142857142856,0.002857142857142857,31.908571428571427,0.17765042979942694,0.0,2.912799019974323e-18,0.11836634914903713,11.759312320916905,0.0,0.0,0.15,0.08022922636103152,0,0.20319332747377977,0.31861243562867614,7.5992407022195145,0.8728115646524033,0.0,0.9777777777777777,0.0,0.3,0.0,0.9999999999999999,0.3,0.08,0.10601719197707736,0.05,0.25
345,0.9249150077573053,0.46411970000026703,0.9241229517519975,0.46404272986864886,0.24899929058488912,0.4679395680213728,0.5673352435530086,0.3463093763547615,0.3716826898662068,0.08022922636103152,0.5657142857142857,0.34589888843999994,0.3714744649760372,0.08,0.1346704871060172,0.15142857142857144,0.002857142857142857,31.985714285714284,0.18051575931232092,0.0,2.912799019974323e-18,0.11836634914903713,11.759312320916905,0.0,0.0,0.15,0.08022922636103152,0,0.20305840058740834,0.3170193734505327,7.598684459603696,0.8553553333593552,0.0,1.0,0.0,0.3,0.0,0.9999999999999999,0.3,0.08,0.1346704871060172,0.05,0.25
346,0.9233784441544659,0.4650873806404354,0.9225907783308805,0.46500276619080416,0.24899929058488912,0.46813741548505206,0.5816618911174785,0.3463093763547615,0.3716826898662068,0.08022922636103152,0.58,0.34589888843999994,0.3714744649760372,0.08,0.1318051575931232,0.15142857142857144,0.002857142857142857,32.05428571428571,0.16905444126074498,0.0,2.912799019974323e-18,0.11836634914903713,11.759312320916905,0.0,0.0,0.15,0.08022922636103152,0,0.20272796644161414,0.31543427658328005,7.598139341840193,0.838248226692168,0.0,1.0,0.0,0.3,0.0,0.9999999999999999,0.3,0.08,0.1318051575931232,0.05,0.25
347,0.9230521075656617,0.46504646894693014,0.92226537413233,0.4649534861070697,0.24899929058488912,0.46819406009534303,0.5501432664756447,0.3463093763547615,0.3716826898662068,0.08022922636103152,0.5485714285714286,0.34589888843999994,0.3714744649760372,0.08,0.12607449856733524,0.15428571428571428,0.002857142857142857,32.145714285714284,0.17191977077363896,0.0,2.912799019974323e-18,0.11836634914903713,11.759312320916905,0.0,0.0,0.15,0.08022922636103152,0,0.20237089803797753,0.31385710520036364,7.600462269289103,0.8214832621583247,0.0,1.0,0.0,0.3,0.0,0.9999999999999999,0.3,0.08,0.12607449856733524,0.05,0.25
348,0.9236662808648449,0.4659601974420718,0.9228777926506583,0.4659311490358096,0.24899929058488912,0.46833073056600283,0.6131805157593123,0.3463093763547615,0.3716826898662068,0.08022922636103152,0.6114285714285714,0.34589888843999994,0.3714744649760372,0.08,0.1346704871060172,0.14857142857142858,0.002857142857142857,32.23428571428571,0.17478510028653296,0.0,2.912799019974323e-18,0.11836634914903713,11.759312320916905,0.0,0.0,0.15,0.08022922636103152,0,0.20198704354778768,0.3122878196743618,7.5970244524747494,0.8050535969151582,0.0,1.0,0.0,0.3,0.0,0.9999999999999999,0.3,0.08,0.1346704871060172,0.05,0.25
349,0.9228031432432634,0.4661073355674262,0.9220171211365674,0.4660774313592986,0.24899929058488912,0.4685690308379818,0.6217765042979942,0.3463093763547615,0.3716826898662068,0.08022922636103152,0.62,0.34589888843999994,0.3714744649760372,0.08,0.1174785100286533,0.1457142857142857,0.002857142857142857,32.26857142857143,0.17191977077363896,0.0,2.912799019974323e-18,0.11836634914903713,11.759312320916905,0.0,0.0,0.15,0.08022922636103152,0,0.2016336797586201,0.31072638057599,7.59079824913954,0.7889525249768551,0.0,1.0,0.0,0.3,0.0,0.9999999999999999,0.3,0.08,0.1174785100286533,0.05,0.25
350,0.9218801568366644,0.46601316731672804,0.921096771833987,0.4659527803183851,0.24899929058488912,0.4688182044205843,0.5702005730659025,0.34619476317424575,0.37159672998082,0.08022922636103152,0.5685714285714286,0.34578460272571426,0.3713887506903229,0.08,0.12034383954154727,0.14857142857142858,0.002857142857142857,32.32857142857143,0.17191977077363896,0.0,2.912799019974323e-18,0.11836634914903713,11.759312320916905,0.0,0.0,0.15,0.08022922636103152,0,0.20219845218682922,0.30917274867311006,7.587553712728177,0.773173474477318,0.0,0.9807692307692307,0.0,0.3,0.0,0.9999999999999999,0.3,0.08,0.12034383954154727,0.05,0.25
351,0.9225564069349584,0.4663732228849209,0.9217710897891431,0.4662798609927137,0.24899929058488912,0.4691455648477997,0.5759312320916905,0.34619476317424575,0.37159672998082,0.08022922636103152,0.5742857142857143,0.34578460272571426,0.3713887506903229,0.08,0.1318051575931232,0.16,0.002857142857142857,32.44,0.17191977077363896,0.0,2.912799019974323e-18,0.11836634914903713,11.759312320916905,0.0,0.0,0.15,0.08022922636103152,0,0.2019010313544665,0.30762688492974455,7.595802638473613,0.7577100049877716,0.0,1.0,0.0,0.3,0.0,0.9999999999999999,0.3,0.08,0.1318051575931232,0.05,0.25
352,0.9237540441470131,0.46571612954155667,0.9229653051805918,0.4656182207887506,0.24899929058488912,0.46943722258683496,0.5816618911174785,0.34608014999373,0.37151077009543315,0.08022922636103152,0.58,0.34567031701142853,0.3713030364046086,0.08,0.10888252148997135,0.14857142857142858,0.002857142857142857,32.505714285714284,0.166189111747851,0.0,2.912799019974323e-18,0.11836634914903713,11.759312320916905,0.0,0.0,0.15,0.08022922636103152,0,0.20206167190840846,0.3060887505050958,7.59245801427557,0.7843381706224742,0.0,0.9807692307692307,0.0,0.3,0.0,0.9999999999999999,0.3,0.08,0.10888252148997135,0.05,0.25
353,0.9216268227980928,0.4656442404976724,0.9208441616069541,0.4655829533211953,0.24899929058488912,0.4697880659246141,0.5988538681948424,0.3464239895352773,0.3717686497515936,0.08022922636103152,0.5971428571428572,0.3460131741542857,0.37156017926175144,0.08,0.1346704871060172,0.16857142857142857,0.002857142857142857,32.582857142857144,0.166189111747851,0.0,2.912799019974323e-18,0.11836634914903713,11.759312320916905,0.0,0.0,0.15,0.08022922636103152,0,0.20299393497743787,0.30455830675257034,7.609180282561486,0.7686514072100247,0.0,1.0,0.0,0.3,0.0,0.9999999999999999,0.3,0.08,0.1346704871060172,0.05,0.25
354,0.922180934493455,0.4666277175905244,0.9213966901260437,0.4665493122071983,0.24899929058488912,0.47004143493241907,0.5873925501432665,0.3464239895352773,0.3717686497515936,0.08022922636103152,0.5857142857142857,0.3460131741542857,0.37156017926175144,0.08,0.11461318051575932,0.13714285714285715,0.002857142857142857,32.66,0.16332378223495703,0.0,2.912799019974323e-18,0.11836634914903713,11.759312320916905,0.0,0.0,0.15,0.08022922636103152,0,0.20306368101683636,0.3030355152188075,7.594139534053115,0.7532783790658242,0.0,1.0,0.0,0.3,0.0,0.9999999999999999,0.3,0.08,0.11461318051575932,0.05,0.25
355,0.922930367273503,0.46689158518052126,0.9221439816695776,0.46682012010886953,0.24899929058488912,0.4704683659574945,0.5988538681948424,0.3463093763547615,0.3716826898662068,0.08022922636103152,0.5971428571428572,0.34589888843999994,0.3714744649760372,0.08,0.1318051575931232,0.17142857142857143,0.002857142857142857,32.74285714285714,0.16332378223495703,0.0,2.912799019974323e-18,0.11836634914903713,11.759312320916905,0.0,0.0,0.15,0.08022922636103152,0,0.20413321975460932,0.30152033764271347,7.613685314800623,0.7402959200958169,0.0,0.9833333333333333,0.0,0.3,0.0,0.9999999999999999,0.3,0.08,0.1318051575931232,0.05,0.25
356,0.9230942553692993,0.4677775339794655,0.9223074015136714,0.4676511225925315,0.24899929058488912,0.47092537619277286,0.6189111747851003,0.34653860271579306,0.37185460963698047,0.08022922636103152,0.6171428571428571,0.3461274598685714,0.37164589354746574,0.08,0.12893982808022922,0.15714285714285714,0.002857142857142857,32.80285714285714,0.166189111747851,0.0,2.912799019974323e-18,0.11836634914903713,11.759312320916905,0.0,0.0,0.15,0.08022922636103152,0,0.20524612464472372,0.3000127359544999,7.618554465647468,0.7254900016939005,0.0,1.0,0.0,0.3,0.0,0.9999999999999999,0.3,0.08,0.12893982808022922,0.05,0.25
357,0.925272304683633,0.46654787725172414,0.9244792278299643,0.466486715473592,0.24899929058488912,0.4715462339389737,0.6017191977077364,0.3465959093060509,0.37189758957967384,0.08022922636103152,0.6,0.3461846027257142,0.3716887506903229,0.08,0.16045845272206305,0.18571428571428572,0.002857142857142857,32.862857142857145,0.16905444126074498,0.0,2.912799019974323e-18,0.11836634914903713,11.759312320916905,0.0,0.0,0.15,0.08022922636103152,0,0.20750503687864297,0.29851267227472744,7.651897662048805,0.7594032701986747,0.0,0.9538461538461539,0.0,0.3,0.0,0.9999999999999999,0.3,0.08,0.16045845272206305,0.05,0.25
358,0.9247861931352214,0.46612145722055326,0.9239945051716911,0.46606455371341066,0.24899929058488912,0.4720644368265374,0.6074498567335244,0.3468251356670824,0.37206950935044747,0.0830945558739255,0.6057142857142858,0.3464131741542857,0.3718601792617515,0.08285714285714285,0.1489971346704871,0.16857142857142857,0.002857142857142857,32.957142857142856,0.166189111747851,0.0,2.912799019974323e-18,0.11836634914903713,11.759312320916905,0.0,0.0,0.15,0.08022922636103152,0,0.20858027226786408,0.2970201089133538,7.667431137379257,0.7558542578570386,0.0,0.9830508474576272,0.0,0.3,0.0,0.9999999999999999,0.3,0.08,0.1489971346704871,0.05,0.25
359,0.9253247568576496,0.466485747282597,0.9245315301406265,0.46638639771385565,0.24899929058488912,0.4723873103540766,0.6561604584527221,0.3469970554378561,0.3721984491785277,0.0830945558739255,0.6542857142857142,0.3465846027257142,0.3719887506903229,0.08285714285714285,0.13753581661891118,0.1742857142857143,0.002857142857142857,33.06857142857143,0.166189111747851,0.0,2.912799019974323e-18,0.11836634914903713,11.759312320916905,0.0,0.0,0.15,0.08022922636103152,0,0.2086797994779533,0.295535008368787,7.688368228917386,0.7651838156233515,0.0,0.9836065573770492,0.0,0.3,0.0,0.9999999999999999,0.3,0.08,0.13753581661891118,0.05,0.25
360,0.9238209367088267,0.4663386224389139,0.9230320066208004,0.4662239607372021,0.24899929058488912,0.4726343073748332,0.6389684813753582,0.3469970554378561,0.3721984491785277,0.0830945558739255,0.6371428571428571,0.3465846027257142,0.3719887506903229,0.08285714285714285,0.12893982808022922,0.15142857142857144,0.002857142857142857,33.16285714285714,0.16045845272206305,0.0,2.912799019974323e-18,0.11836634914903713,11.759312320916905,0.0,0.0,0.15,0.08022922636103152,0,0.20823611476627782,0.29405733332694306,7.686029435767609,0.7498801393108844,0.0,1.0,0.0,0.3,0.0,0.9999999999999999,0.3,0.08,0.12893982808022922,0.05,0.25
361,0.9242368625151218,0.4655794516236702,0.9234467440676488,0.4654877154580849,0.24899929058488912,0.47295079099746284,0.6275071633237822,0.34717701675382984,0.3723703689493013,0.0830945558739255,0.6257142857142857,0.34676404986649956,0.3721601792617515,0.08285714285714285,0.12034383954154727,0.14285714285714285,0.002857142857142857,33.22857142857143,0.16045845272206305,0.0,2.912799019974323e-18,0.11836634914903713,11.759312320916905,0.0,0.0,0.15,0.08022922636103152,0,0.20828007704958926,0.3083850772430125,7.675165989909399,0.8389572240035359,0.0,0.98,0.0,0.3,0.0,0.9999999999999999,0.3,0.08,0.12034383954154727,0.05,0.25
362,0.9241908204450147,0.46575419098273996,0.9234008335463134,0.46567247475767787,0.24899929058488912,0.47331748310189886,0.6361031518624641,0.34717701675382984,0.37254228872007494,0.0830945558739255,0.6342857142857142,0.34676404986649956,0.37233160783318,0.08285714285714285,0.12034383954154727,0.14,0.002857142857142857,33.317142857142855,0.15759312320916904,0.0,2.912799019974323e-18,0.11836634914903713,11.759312320916905,0.0,0.0,0.15,0.08022922636103152,0,0.20789524809291274,0.30684315185679745,7.661662670111212,0.8221780795234651,0.0,1.0,0.0,0.3,0.0,0.9999999999999999,0.3,0.08,0.12034383954154727,0.05,0.25
363,0.9222754301188649,0.4663625422674418,0.9214909157639528,0.4662600822693686,0.24899929058488912,0.4735904585106584,0.6418338108882522,0.34689048380254045,0.37232738900660795,0.0830945558739255,0.64,0.3464783355807852,0.3721173221188943,0.08285714285714285,0.1318051575931232,0.15142857142857144,0.002857142857142857,33.40571428571429,0.15759312320916904,0.0,2.912799019974323e-18,0.11836634914903713,11.759312320916905,0.0,0.0,0.15,0.08022922636103152,0,0.20885448899173395,0.3180601328647343,7.659857988137558,0.9067936753602475,0.0,0.9433962264150944,0.0,0.3,0.0,0.9999999999999999,0.3,0.08,0.1318051575931232,0.05,0.25
364,0.9236953562699487,0.4659553635722558,0.9229067849831765,0.4659098386798755,0.24899929058488912,0.4740341419982965,0.6103151862464183,0.34689048380254045,0.37232738900660795,0.0830945558739255,0.6085714285714285,0.3464783355807852,0.3721173221188943,0.08285714285714285,0.12893982808022922,0.15714285714285714,0.002857142857142857,33.511428571428574,0.15759312320916904,0.0,2.912799019974323e-18,0.11836634914903713,11.759312320916905,0.0,0.0,0.15,0.08022922636103152,0,0.20852364583248956,0.3164698322004106,7.663803685517664,0.8886578018530424,0.0,1.0,0.0,0.3,0.0,0.9999999999999999,0.3,0.08,0.12893982808022922,0.05,0.25
365,0.9227324627439403,0.4663994797512936,0.921946642581528,0.4663695913046079,0.24899929058488912,0.4743849093423198,0.6189111747851003,0.34689048380254045,0.3725852686627684,0.0830945558739255,0.6171428571428571,0.3464783355807852,0.37237446497603716,0.08285714285714285,0.15472779369627507,0.18571428571428572,0.002857142857142857,33.61714285714286,0.15759312320916904,0.0,2.912799019974323e-18,0.11836634914903713,11.759312320916905,0.0,0.0,0.15,0.08022922636103152,0,0.20828017117475567,0.3148874830394085,7.696241897521596,0.8708846458159816,0.0,1.0,0.0,0.3,0.0,0.9999999999999999,0.3,0.08,0.15472779369627507,0.05,0.25
366,0.9235173394688481,0.4668610455267734,0.9227292768015072,0.466823558915036,0.24899929058488912,0.4746581369629607,0.6189111747851003,0.34683317721228263,0.37254228872007505,0.0830945558739255,0.6171428571428571,0.3464211927236424,0.3723316078331801,0.08285714285714285,0.12893982808022922,0.16857142857142857,0.002857142857142857,33.70857142857143,0.15759312320916904,0.0,2.912799019974323e-18,0.11836634914903713,11.759312320916905,0.0,0.0,0.15,0.08022922636103152,0,0.20829577031888188,0.3133130456242115,7.710888488142594,0.8780866162419247,0.0,0.9830508474576272,0.0,0.3,0.0,0.9999999999999999,0.3,0.08,0.12893982808022922,0.05,0.25
367,0.9238306982308697,0.4673006593799157,0.9230417402527802,0.4672748480027602,0.24899929058488912,0.4748213601015845,0.6217765042979942,0.3467185640317669,0.3724563288346882,0.0830945558739255,0.62,0.3463069070093567,0.3722458935474658,0.08285714285714285,0.12893982808022922,0.1457142857142857,0.002857142857142857,33.81428571428572,0.16332378223495703,0.0,2.912799019974323e-18,0.11836634914903713,11.759312320916905,0.0,0.0,0.15,0.08022922636103152,0,0.20831114861014463,0.31174648039609043,7.702385004094025,0.9381099973104761,0.0,0.9803921568627451,0.0,0.3,0.0,0.9999999999999999,0.3,0.08,0.12893982808022922,0.05,0.25
368,0.9244666051491592,0.4674392143910427,0.9236758302941604,0.46739059253115117,0.24899929058488912,0.47492251952090897,0.6446991404011462,0.3467185640317669,0.3724563288346882,0.0830945558739255,0.6428571428571429,0.3463069070093567,0.3722458935474658,0.08285714285714285,0.1174785100286533,0.15428571428571428,0.002857142857142857,33.88,0.16332378223495703,0.0,2.912799019974323e-18,0.11836634914903713,11.759312320916905,0.0,0.0,0.15,0.08022922636103152,0,0.20792630715280816,0.31018774799411,7.702623018297861,0.9193477973642665,0.0,1.0,0.0,0.3,0.0,0.9999999999999999,0.3,0.08,0.1174785100286533,0.05,0.25
369,0.9239516178804218,0.4675642312842374,0.9231623144176196,0.46752966914015115,0.24899929058488912,0.4749242469723685,0.6045845272206304,0.346661257441509,0.3725852686627684,0.0830945558739255,0.6028571428571429,0.3462497641522138,0.37237446497603716,0.08285714285714285,0.12320916905444126,0.14285714285714285,0.002857142857142857,33.957142857142856,0.16332378223495703,0.0,2.912799019974323e-18,0.11836634914903713,11.759312320916905,0.0,0.0,0.15,0.08022922636103152,0,0.20799982132775843,0.3184465706177533,7.6914277007890455,0.9137384878681531,0.0,0.98,0.0,0.3,0.0,0.9999999999999999,0.3,0.08,0.12320916905444126,0.05,0.25
370,0.9209710706625532,0.46797636962630224,0.9201902830489447,0.4679476971612432,0.24899929058488912,0.4748576398851375,0.5845272206303725,0.346661257441509,0.3726307233509602,0.0830945558739255,0.5828571428571429,0.3462497641522138,0.37241978979369134,0.08285714285714285,0.1318051575931232,0.18285714285714286,0.002857142857142857,34.05428571428571,0.16045845272206305,0.0,2.912799019974323e-18,0.11836634914903713,11.759312320916905,0.0,0.0,0.15,0.08022922636103152,0,0.20778739436397675,0.3168543377646645,7.720456289630409,0.8954637181107902,0.0,1.0,0.0,0.3,0.0,0.9999999999999999,0.3,0.08,0.1318051575931232,0.05,0.25
371,0.9203377764964176,0.4675397768896844,0.9195587982947125,0.46753615579892505,0.24899929058488912,0.4747476310196397,0.6074498567335244,0.346661257441509,0.3726307233509602,0.0830945558739255,0.6057142857142858,0.3462497641522138,0.37241978979369134,0.08285714285714285,0.1346704871060172,0.1657142857142857,0.002857142857142857,34.174285714285716,0.16045845272206305,0.0,2.912799019974323e-18,0.11836634914903713,11.759312320916905,0.0,0.0,0.15,0.08022922636103152,0,0.20781727954087553,0.3152700660758411,7.731761449552087,0.8775544437485743,0.0,1.0,0.0,0.3,0.0,0.9999999999999999,0.3,0.08,0.1346704871060172,0.05,0.25
372,0.9215458174003093,0.46794998655693115,0.9207633876531645,0.46794212851097094,0.24899929058488912,0.47467554208845625,0.6389684813753582,0.3466039508512511,0.37258774340826684,0.0830945558739255,0.6371428571428571,0.34619262129507095,0.3723769326508341,0.08285714285714285,0.14040114613180515,0.17142857142857143,0.002857142857142857,34.28285714285714,0.166189111747851,0.0,2.912799019974323e-18,0.11836634914903713,11.759312320916905,0.0,0.0,0.15,0.08022922636103152,0,0.20789219314317117,0.31997372927248663,7.748554791989614,0.8858622137704961,0.0,0.9833333333333333,0.0,0.3,0.0,0.9999999999999999,0.3,0.08,0.14040114613180515,0.05,0.25
373,0.9219072472298017,0.4692264362784282,0.9211237848260011,0.46918940126083986,0.24899929058488912,0.47472355868583876,0.6389684813753582,0.3464893376707353,0.37250178352288,0.0830945558739255,0.6371428571428571,0.3460783355807852,0.37229121836511986,0.08285714285714285,0.14040114613180515,0.16285714285714287,0.002857142857142857,34.37714285714286,0.166189111747851,0.0,2.912799019974323e-18,0.11836634914903713,11.759312320916905,0.0,0.0,0.15,0.08022922636103152,0,0.20802344717745533,0.31837386062612416,7.756440839006965,0.8700721442437461,0.0,0.9824561403508771,0.0,0.3,0.0,0.9999999999999999,0.3,0.08,0.14040114613180515,0.05,0.25
374,0.9230857957417867,0.4697799063843168,0.9222989660565233,0.4697545348660853,0.24899929058488912,0.47476398210201204,0.6389684813753582,0.3462601113097038,0.37232986375210636,0.0830945558739255,0.6371428571428571,0.3458497641522138,0.3721197897936913,0.08285714285714285,0.14040114613180515,0.17714285714285713,0.002857142857142857,34.43142857142857,0.16332378223495703,0.0,2.912799019974323e-18,0.11836634914903713,11.759312320916905,0.0,0.0,0.15,0.08022922636103152,0,0.20898290137013947,0.3167819913229935,7.778454879369682,0.9661192918531328,0.0,0.9516129032258065,0.0,0.3,0.0,0.9999999999999999,0.3,0.08,0.14040114613180515,0.05,0.25
375,0.9240005018113858,0.469572042279796,0.9232110586802093,0.46959071763630156,0.24899929058488912,0.4748942617486646,0.6446991404011462,0.3462028047194459,0.3722868838094129,0.0830945558739255,0.6428571428571429,0.34579262129507093,0.3720769326508342,0.08285714285714285,0.13753581661891118,0.1657142857142857,0.002857142857142857,34.502857142857145,0.16332378223495703,0.0,2.912799019974323e-18,0.11836634914903713,11.759312320916905,0.0,0.0,0.15,0.08022922636103152,0,0.2090804154347173,0.31519808136637856,7.788600067496575,0.9657009153835542,0.0,0.9827586206896551,0.0,0.3,0.0,0.9999999999999999,0.3,0.08,0.13753581661891118,0.05,0.25
376,0.9244994002814269,0.4696215894647018,0.9237085317260504,0.4696725584824305,0.24899929058488912,0.4750820030608286,0.6561604584527221,0.34608819153893017,0.3722009239240261,0.0830945558739255,0.6542857142857142,0.3456783355807852,0.37199121836511984,0.08285714285714285,0.1318051575931232,0.1657142857142857,0.002857142857142857,34.637142857142855,0.16332378223495703,0.0,2.912799019974323e-18,0.11836634914903713,11.759312320916905,0.0,0.0,0.15,0.08022922636103152,0,0.20914901335754368,0.3136220909595467,7.798542351860929,0.9610254501982707,0.0,0.9827586206896551,0.0,0.3,0.0,0.9999999999999999,0.3,0.08,0.1318051575931232,0.05,0.25
377,0.9235403559792846,0.46892511419732263,0.9227522275504857,0.46891061836603587,0.24899929058488912,0.47539116161657036,0.6561604584527221,0.34608819153893017,0.3722009239240261,0.0830945558739255,0.6542857142857142,0.3456783355807852,0.37199121836511984,0.08285714285714285,0.12034383954154727,0.1457142857142857,0.002857142857142857,34.714285714285715,0.166189111747851,0.0,2.912799019974323e-18,0.11836634914903713,11.759312320916905,0.0,0.0,0.15,0.08022922636103152,0,0.20878826900504172,0.3120539805047489,7.788285790537996,0.9418049411943054,0.0,1.0,0.0,0.3,0.0,0.9999999999999999,0.3,0.08,0.12034383954154727,0.05,0.25
378,0.923682811629936,0.4684707842498116,0.9228942761849921,0.46844556811998805,0.24899929058488912,0.4755594702148283,0.6504297994269341,0.3459735783584144,0.37211496403863925,0.0830945558739255,0.6485714285714286,0.3455640498664995,0.3719055040794056,0.08285714285714285,0.15759312320916904,0.18857142857142858,0.002857142857142857,34.8,0.166189111747851,0.0,2.912799019974323e-18,0.11836634914903713,11.759312320916905,0.0,0.0,0.15,0.08022922636103152,0,0.2090007562314451,0.3104937106022252,7.821091503298664,0.9290218526687586,0.0,0.9848484848484849,0.0,0.3,0.0,0.9999999999999999,0.3,0.08,0.15759312320916904,0.05,0.25
379,0.9239542297585911,0.4691135542750673,0.9231649188332797,0.4690809626285428,0.24899929058488912,0.4758208981910239,0.6504297994269341,0.3459735783584144,0.37211496403863925,0.0830945558739255,0.6485714285714286,0.3455640498664995,0.3719055040794056,0.08285714285714285,0.1318051575931232,0.16,0.002857142857142857,34.9,0.166189111747851,0.0,2.912799019974323e-18,0.11836634914903713,11.759312320916905,0.0,0.0,0.15,0.08022922636103152,0,0.20864132387885928,0.308941242049214,7.824669673232691,0.9104414156153834,0.0,1.0,0.0,0.3,0.0,0.9999999999999999,0.3,0.08,0.1318051575931232,0.05,0.25
380,0.9233318830456395,0.46918316254752596,0.9225443502537937,0.4691315628970556,0.24899929058488912,0.4759767876943458,0.6532951289398281,0.3459735783584144,0.37211496403863925,0.0830945558739255,0.6514285714285715,0.3455640498664995,0.3719055040794056,0.08285714285714285,0.14613180515759314,0.17142857142857143,0.002857142857142857,34.988571428571426,0.16045845272206305,0.0,2.912799019974323e-18,0.11836634914903713,11.759312320916905,0.0,0.0,0.15,0.08022922636103152,0,0.2082835458308936,0.307396535838968,7.839604851196609,0.8922325873030758,0.0,1.0,0.0,0.3,0.0,0.9999999999999999,0.3,0.08,0.14613180515759314,0.05,0.25
381,0.9243975024533929,0.46922906255420904,0.9236069250346678,0.469193511879872,0.24899929058488912,0.4760438984266794,0.6332378223495702,0.3459735783584144,0.37211496403863925,0.0830945558739255,0.6314285714285715,0.3455640498664995,0.3719055040794056,0.08285714285714285,0.14040114613180515,0.1657142857142857,0.002857142857142857,35.06857142857143,0.166189111747851,0.0,2.912799019974323e-18,0.11836634914903713,11.759312320916905,0.0,0.0,0.15,0.08022922636103152,0,0.20792741381602484,0.30585955315977315,7.848527039886963,0.8743879355570142,0.0,1.0,0.0,0.3,0.0,0.9999999999999999,0.3,0.08,0.14040114613180515,0.05,0.25
382,0.9239708741385348,0.46934198951186823,0.923181515657852,0.469336776569879,0.24899929058488912,0.4760272004775574,0.6475644699140402,0.3459735783584144,0.37211496403863925,0.0830945558739255,0.6457142857142857,0.3455640498664995,0.3719055040794056,0.08285714285714285,0.12893982808022922,0.1657142857142857,0.002857142857142857,35.17142857142857,0.16905444126074498,0.0,2.912799019974323e-18,0.11836634914903713,11.759312320916905,0.0,0.0,0.15,0.08022922636103152,0,0.20763006246123042,0.3043302553939743,7.857270784803508,0.8569001768458739,0.0,1.0,0.0,0.3,0.0,0.9999999999999999,0.3,0.08,0.12893982808022922,0.05,0.25
383,0.9245523657909717,0.4689875411764774,0.9237613459055677,0.469007219173642,0.24899929058488912,0.4761282624094259,0.6303724928366762,0.3459735783584144,0.37211496403863925,0.0830945558739255,0.6285714285714286,0.3455640498664995,0.3719055040794056,0.08285714285714285,0.14613180515759314,0.17714285714285713,0.002857142857142857,35.30285714285714,0.16905444126074498,0.0,2.912799019974323e-18,0.11836634914903713,11.759312320916905,0.0,0.0,0.15,0.08022922636103152,0,0.20727734072035284,0.30280860411700444,7.877268226250295,0.8397621733089564,0.0,1.0,0.0,0.3,0.0,0.9999999999999999,0.3,0.08,0.14613180515759314,0.05,0.25
384,0.9247496645944249,0.46817796410492246,0.9239580809981539,0.46824334116890537,0.24899929058488912,0.47626143982706864,0.6160458452722063,0.345687045407125,0.37190006432517225,0.0830945558739255,0.6142857142857143,0.34527833558078525,0.37169121836511987,0.08285714285714285,0.12893982808022922,0.1657142857142857,0.002857142857142857,35.41142857142857,0.16905444126074498,0.0,2.912799019974323e-18,0.11836634914903713,11.759312320916905,0.0,0.0,0.15,0.08022922636103152,0,0.20824024044532247,0.3012945610964194,7.885437147439576,0.8692684986620306,0.0,0.9482758620689655,0.0,0.3,0.0,0.9999999999999999,0.3,0.08,0.12893982808022922,0.05,0.25
385,0.9256642551388788,0.46797495986478915,0.9248700584267666,0.46806917891341526,0.24899929058488912,0.4763361916378696,0.6074498567335244,0.3455724322266092,0.3718141044397854,0.0830945558739255,0.6057142857142858,0.3451640498664995,0.37160550407940557,0.08285714285714285,0.1518624641833811,0.19142857142857142,0.002857142857142857,35.505714285714284,0.166189111747851,0.0,2.912799019974323e-18,0.11836634914903713,11.759312320916905,0.0,0.0,0.15,0.08022922636103152,0,0.20842703924309586,0.2997880882909372,7.919156975919355,0.8855312279993749,0.0,0.9850746268656716,0.0,0.3,0.0,0.9999999999999999,0.3,0.08,0.1518624641833811,0.05,0.25
386,0.9246077073600455,0.4674366109048437,0.9238165293558729,0.467569106447236,0.24899929058488912,0.4764379546996542,0.5845272206303725,0.3455724322266092,0.3718141044397854,0.0830945558739255,0.5828571428571429,0.3451640498664995,0.37160550407940557,0.08285714285714285,0.14326647564469913,0.17714285714285713,0.002857142857142857,35.60285714285714,0.16332378223495703,0.0,2.912799019974323e-18,0.11836634914903713,11.759312320916905,0.0,0.0,0.15,0.08022922636103152,0,0.20807047547545185,0.29828914784948257,7.937916693543825,0.8678206034393875,0.0,1.0,0.0,0.3,0.0,0.9999999999999999,0.3,0.08,0.14326647564469913,0.05,0.25
387,0.9244122164601276,0.4668347374828725,0.9236215970013834,0.4669287137414381,0.24899929058488912,0.47640019073972184,0.5988538681948424,0.34551512563635134,0.371771124497092,0.0830945558739255,0.5971428571428572,0.34510690700935664,0.37156264693654845,0.08285714285714285,0.12893982808022922,0.15714285714285714,0.002857142857142857,35.70857142857143,0.17191977077363896,0.0,2.912799019974323e-18,0.11836634914903713,11.759312320916905,0.0,0.0,0.15,0.08022922636103152,0,0.20808698024093172,0.29679770211023515,7.936301216815806,0.8658962247046399,0.0,0.9818181818181818,0.0,0.3,0.0,0.9999999999999999,0.3,0.08,0.12893982808022922,0.05,0.25
388,0.9233578256689705,0.46666502634789103,0.9225702187553437,0.4667513001140784,0.24899929058488912,0.4763679570463857,0.5988538681948424,0.34551512563635134,0.371771124497092,0.0830945558739255,0.5971428571428572,0.34510690700935664,0.37156264693654845,0.08285714285714285,0.12034383954154727,0.14857142857142858,0.002857142857142857,35.817142857142855,0.17191977077363896,0.0,2.912799019974323e-18,0.11836634914903713,11.759312320916905,0.0,0.0,0.15,0.08022922636103152,0,0.20770311676829847,0.29531371359968395,7.926146621050918,0.848578300210547,0.0,1.0,0.0,0.3,0.0,0.9999999999999999,0.3,0.08,0.12034383954154727,0.05,0.25
389,0.9239367967085388,0.4664165091545048,0.9231475355919417,0.466515960026342,0.24899929058488912,0.47639039918346116,0.6131805157593123,0.34528589927531983,0.3715992047263183,0.0830945558739255,0.6114285714285714,0.3448783355807853,0.3713912183651199,0.08285714285714285,0.12893982808022922,0.14285714285714285,0.002857142857142857,35.87714285714286,0.17191977077363896,0.0,2.912799019974323e-18,0.11836634914903713,11.759312320916905,0.0,0.0,0.15,0.08022922636103152,0,0.20893959055816932,0.2938371450316855,7.910480831487042,0.8988882604613812,0.0,0.96,0.0,0.3,0.0,0.9999999999999999,0.3,0.08,0.12893982808022922,0.05,0.25
390,0.9240565366509083,0.4660159529181041,0.9232669334201901,0.4661117233087523,0.24899929058488912,0.4763049591901789,0.5845272206303725,0.3450566729142883,0.37142728495554467,0.0830945558739255,0.5828571428571429,0.3446497641522138,0.3712197897936913,0.08285714285714285,0.12034383954154727,0.14857142857142858,0.002857142857142857,35.94285714285714,0.16332378223495703,0.0,2.912799019974323e-18,0.11836634914903713,11.759312320916905,0.0,0.0,0.15,0.08022922636103152,0,0.2094367504625213,0.30727202528646624,7.90084264342873,0.8980065371218102,0.0,0.9615384615384616,0.0,0.3,0.0,0.9999999999999999,0.3,0.08,0.12034383954154727,0.05,0.25
391,0.9235404305243978,0.46653355608222885,0.9227523018826127,0.4666464361355455,0.24899929058488912,0.4761426126766088,0.6217765042979942,0.3448847531435147,0.37129834512746446,0.0830945558739255,0.62,0.3444783355807853,0.3710912183651199,0.08285714285714285,0.1318051575931232,0.1742857142857143,0.002857142857142857,36.03142857142857,0.16045845272206305,0.0,2.912799019974323e-18,0.11836634914903713,11.759312320916905,0.0,0.0,0.15,0.08022922636103152,0,0.21053057027806585,0.30573566516003386,7.917111504845868,0.9226206862731297,0.0,0.9508196721311475,0.0,0.3,0.0,0.9999999999999999,0.3,0.08,0.1318051575931232,0.05,0.25
392,0.9236294460698083,0.46722514880609045,0.9228410630978936,0.46732337442621347,0.24899929058488912,0.4759048116264204,0.6332378223495702,0.34471283337274106,0.3711694052993843,0.0830945558739255,0.6314285714285715,0.34430690700935673,0.3709626469365485,0.08285714285714285,0.14040114613180515,0.17142857142857143,0.002857142857142857,36.14857142857143,0.16332378223495703,0.0,2.912799019974323e-18,0.11836634914903713,11.759312320916905,0.0,0.0,0.15,0.08022922636103152,0,0.21110563242667552,0.3145994389988569,7.930197846177522,0.9431774487644371,0.0,0.9666666666666667,0.0,0.3,0.0,0.9999999999999999,0.3,0.08,0.14040114613180515,0.05,0.25
393,0.9230776516339125,0.469095737214001,0.9222908452175287,0.4691527293871403,0.24899929058488912,0.4757718332170945,0.6189111747851003,0.34471283337274106,0.3711694052993843,0.0830945558739255,0.6171428571428571,0.34430690700935673,0.3709626469365485,0.08285714285714285,0.10888252148997135,0.13428571428571429,0.002857142857142857,36.23142857142857,0.16045845272206305,0.0,2.912799019974323e-18,0.11836634914903713,11.759312320916905,0.0,0.0,0.15,0.08022922636103152,0,0.21062124712168498,0.3130264418038626,7.905879603539687,0.9243138997891484,0.0,1.0,0.0,0.3,0.0,0.9999999999999999,0.3,0.08,0.10888252148997135,0.05,0.25
394,0.9237496982832085,0.46974218648443966,0.9229609717335412,0.4697737498519475,0.24899929058488912,0.47586661820495274,0.6074498567335244,0.34471283337274106,0.3711694052993843,0.0830945558739255,0.6057142857142858,0.34430690700935673,0.3709626469365485,0.08285714285714285,0.11461318051575932,0.14,0.002857142857142857,36.3,0.166189111747851,0.0,2.912799019974323e-18,0.11836634914903713,11.759312320916905,0.0,0.0,0.15,0.08022922636103152,0,0.21028128445750513,0.31146130959484325,7.887762011468893,0.9058276217933653,0.0,1.0,0.0,0.3,0.0,0.9999999999999999,0.3,0.08,0.11461318051575932,0.05,0.25
395,0.9240129943988975,0.46966393621758007,0.9232235155746139,0.4697339086814493,0.24899929058488912,0.47603877873083866,0.6418338108882522,0.34454091360196737,0.37104046547130404,0.0830945558739255,0.64,0.34413547843792813,0.37083407550797703,0.08285714285714285,0.14040114613180515,0.18,0.002857142857142857,36.402857142857144,0.16332378223495703,0.0,2.912799019974323e-18,0.11836634914903713,11.759312320916905,0.0,0.0,0.15,0.08022922636103152,0,0.21091445017807478,0.327985217622102,7.910006771239514,0.9224434059182726,0.0,0.9682539682539683,0.0,0.3,0.0,0.9999999999999999,0.3,0.08,0.14040114613180515,0.05,0.25
396,0.924003539331971,0.47006045093223486,0.9232140875221642,0.47014603338487276,0.24899929058488912,0.476237205981283,0.6361031518624641,0.34448360701170955,0.3709974855286106,0.0830945558739255,0.6342857142857142,0.34407833558078527,0.37079121836511986,0.08285714285714285,0.11174785100286533,0.14285714285714285,0.002857142857142857,36.502857142857145,0.16905444126074498,0.0,2.912799019974323e-18,0.11836634914903713,11.759312320916905,0.0,0.0,0.15,0.08022922636103152,0,0.2109734500700415,0.34608370422697365,7.894663778671867,0.9064292021191649,0.0,0.98,0.0,0.3,0.0,0.9999999999999999,0.3,0.08,0.11174785100286533,0.05,0.25
397,0.923446179077075,0.46997111485575144,0.9226583197251391,0.47009959257353506,0.24899929058488912,0.4764250899674934,0.6189111747851003,0.34448360701170955,0.3709974855286106,0.0830945558739255,0.6171428571428571,0.34407833558078527,0.37079121836511986,0.08285714285714285,0.11461318051575932,0.1457142857142857,0.002857142857142857,36.57714285714286,0.15759312320916904,0.0,2.912799019974323e-18,0.11836634914903713,11.759312320916905,0.0,0.0,0.15,0.08022922636103152,0,0.21054672567683416,0.34435328570583884,7.882484788812715,0.8883006180767815,0.0,1.0,0.0,0.3,0.0,0.9999999999999999,0.3,0.08,0.11461318051575932,0.05,0.25
398,0.9236744699163741,0.4694752861676742,0.9228859583048977,0.46963791947573474,0.24899929058488912,0.4765392628409373,0.6045845272206304,0.34442630042145167,0.3709545055859172,0.0830945558739255,0.6028571428571429,0.3440211927236424,0.3707483612222627,0.08285714285714285,0.11461318051575932,0.13428571428571429,0.002857142857142857,36.68857142857143,0.16332378223495703,0.0,2.912799019974323e-18,0.11836634914903713,11.759312320916905,0.0,0.0,0.15,0.08022922636103152,0,0.21060713633416428,0.3426315192773096,7.859120807322176,0.8860391746023742,0.0,0.9787234042553191,0.0,0.3,0.0,0.9999999999999999,0.3,0.08,0.11461318051575932,0.05,0.25
399,0.9234012196410005,0.4689109030583444,0.9226134887445965,0.4690839051411592,0.24899929058488912,0.47659543456973263,0.6361031518624641,0.34442630042145167,0.3709545055859172,0.0830945558739255,0.6342857142857142,0.3440211927236424,0.3707483612222627,0.08285714285714285,0.1346704871060172,0.1657142857142857,0.002857142857142857,36.82,0.16332378223495703,0.0,2.912799019974323e-18,0.11836634914903713,11.759312320916905,0.0,0.0,0.15,0.08022922636103152,0,0.21038152993820777,0.3409183616809231,7.8676526768900175,0.8683183911103268,0.0,1.0,0.0,0.3,0.0,0.9999999999999999,0.3,0.08,0.1346704871060172,0.05,0.25
400,0.9238261508843171,0.4686018113304967,0.9230372058986465,0.468775293305961,0.24899929058488912,0.47669363450385455,0.5873925501432665,0.34442630042145167,0.3709545055859172,0.0830945558739255,0.5857142857142857,0.3440211927236424,0.3707483612222627,0.08285714285714285,0.1489971346704871,0.1742857142857143,0.002857142857142857,36.92,0.166189111747851,0.0,2.912799019974323e-18,0.11836634914903713,11.759312320916905,0.0,0.0,0.15,0.08022922636103152,0,0.21009991085637386,0.3392137698725185,7.884585337637931,0.8509520232881203,0.0,1.0,0.0,0.3,0.0,0.9999999999999999,0.3,0.08,0.1489971346704871,0.05,0.25
401,0.9241444102525366,0.46961529349985515,0.9233545559543852,0.4697717705836183,0.24899929058488912,0.4767313652942927,0.6389684813753582,0.34442630042145167,0.3709545055859172,0.0830945558739255,0.6371428571428571,0.3440211927236424,0.3707483612222627,0.08285714285714285,0.14040114613180515,0.1657142857142857,0.002857142857142857,37.02,0.16332378223495703,0.0,2.912799019974323e-18,0.11836634914903713,11.759312320916905,0.0,0.0,0.15,0.08022922636103152,0,0.20979183987352054,0.3375177010231559,7.8926079165994585,0.8339329828223578,0.0,1.0,0.0,0.3,0.0,0.9999999999999999,0.3,0.08,0.14040114613180515,0.05,0.25
402,0.9254058507711138,0.47019518578836494,0.9246123923571951,0.47033502292702856,0.24899929058488912,0.47699611226618716,0.5845272206303725,0.34442630042145167,0.3709545055859172,0.0830945558739255,0.5828571428571429,0.3440211927236424,0.3707483612222627,0.08285714285714285,0.1318051575931232,0.16,0.002857142857142857,37.13428571428572,0.16332378223495703,0.0,2.912799019974323e-18,0.11836634914903713,11.759312320916905,0.0,0.0,0.15,0.08022922636103152,0,0.2093997378170101,0.3358301125180401,7.894755758267469,0.8172543231659106,0.0,1.0,0.0,0.3,0.0,0.9999999999999999,0.3,0.08,0.1318051575931232,0.05,0.25
403,0.925338620006797,0.4701717323151804,0.9245453536807765,0.47029649320582523,0.24899929058488912,0.4772129594299287,0.5873925501432665,0.34442630042145167,0.3709545055859172,0.0830945558739255,0.5857142857142857,0.3440211927236424,0.3707483612222627,0.08285714285714285,0.12893982808022922,0.17142857142857143,0.002857142857142857,37.23428571428571,0.16332378223495703,0.0,2.912799019974323e-18,0.11836634914903713,11.759312320916905,0.0,0.0,0.15,0.08022922636103152,0,0.20906645341363933,0.3341509619554499,7.908289214530689,0.8009092367025924,0.0,1.0,0.0,0.3,0.0,0.9999999999999999,0.3,0.08,0.12893982808022922,0.05,0.25
404,0.9255885739145392,0.47040844827394435,0.9247945934344967,0.4705928622521136,0.24899929058488912,0.47730034865520465,0.5873925501432665,0.34436899383119374,0.3709115256432238,0.0830945558739255,0.5857142857142857,0.34396404986649953,0.37070550407940556,0.08285714285714285,0.1518624641833811,0.18571428571428572,0.002857142857142857,37.32857142857143,0.16905444126074498,0.0,2.912799019974323e-18,0.11836634914903713,11.759312320916905,0.0,0.0,0.15,0.08022922636103152,0,0.2096279789407849,0.33248020714567267,7.935837715954363,0.7911887816780022,0.0,0.9846153846153847,0.0,0.3,0.0,0.9999999999999999,0.3,0.08,0.1518624641833811,0.05,0.25
405,0.9265914642003703,0.4707795423258783,0.9257946183195109,0.4709612379788533,0.24899929058488912,0.4771986959744231,0.6160458452722063,0.34419707406042016,0.3707825858151436,0.0830945558739255,0.6142857142857143,0.34379262129507093,0.3705769326508342,0.08285714285714285,0.14613180515759314,0.18857142857142858,0.002857142857142857,37.42857142857143,0.166189111747851,0.0,2.912799019974323e-18,0.11836634914903713,11.759312320916905,0.0,0.0,0.15,0.08022922636103152,0,0.21017941047465236,0.33081780610994427,7.965692390206703,0.8875995087005267,0.0,0.9696969696969697,0.0,0.3,0.0,0.9999999999999999,0.3,0.08,0.14613180515759314,0.05,0.25
406,0.9254874226627509,0.4710307912181338,0.9246937311862848,0.47119148062755584,0.24899929058488912,0.4771443372377062,0.6275071633237822,0.34408246087990435,0.3706966259297568,0.0830945558739255,0.6257142857142857,0.3436783355807852,0.3704912183651199,0.08285714285714285,0.1489971346704871,0.17714285714285713,0.002857142857142857,37.52857142857143,0.166189111747851,0.0,2.912799019974323e-18,0.11836634914903713,11.759312320916905,0.0,0.0,0.15,0.08022922636103152,0,0.21035594484727912,0.3291637170793945,7.983521399545425,0.8896833275714101,0.0,0.9838709677419355,0.0,0.3,0.0,0.9999999999999999,0.3,0.08,0.1489971346704871,0.05,0.25
407,0.9255855360536024,0.4712138673425713,0.9247915642531623,0.47137087024128665,0.24899929058488912,0.4769811598269933,0.6131805157593123,0.34396784769938865,0.37061066604437,0.0830945558739255,0.6114285714285714,0.3435640498664995,0.3704055040794056,0.08285714285714285,0.16045845272206305,0.19714285714285715,0.002857142857142857,37.651428571428575,0.166189111747851,0.0,2.912799019974323e-18,0.11836634914903713,11.759312320916905,0.0,0.0,0.15,0.08022922636103152,0,0.21056087940875703,0.32751789849399754,8.020993828697375,0.9323103322520728,0.0,0.9855072463768116,0.0,0.3,0.0,0.9999999999999999,0.3,0.08,0.16045845272206305,0.05,0.25
408,0.9250097739041732,0.47176171704560704,0.9242174471384458,0.47191482393444645,0.24899929058488912,0.4768047286008683,0.6189111747851003,0.34396784769938865,0.37061066604437,0.0830945558739255,0.6171428571428571,0.3435640498664995,0.3704055040794056,0.08285714285714285,0.13753581661891118,0.16857142857142857,0.002857142857142857,37.76857142857143,0.166189111747851,0.0,2.912799019974323e-18,0.11836634914903713,11.759312320916905,0.0,0.0,0.15,0.08022922636103152,0,0.21013664644028465,0.32588030900152753,8.029145380694855,0.9136641256070314,0.0,1.0,0.0,0.3,0.0,0.9999999999999999,0.3,0.08,0.13753581661891118,0.05,0.25
409,0.9260604458801804,0.4725423331862066,0.9252651171945215,0.4726477635483733,0.24899929058488912,0.4767761102084065,0.6017191977077364,0.34396784769938865,0.37061066604437,0.0830945558739255,0.6,0.3435640498664995,0.3704055040794056,0.08285714285714285,0.12607449856733524,0.15428571428571428,0.002857142857142857,37.871428571428574,0.166189111747851,0.0,2.912799019974323e-18,0.11836634914903713,11.759312320916905,0.0,0.0,0.15,0.08022922636103152,0,0.20977124892236898,0.3242509074565199,8.022848187366671,0.8953908430948907,0.0,1.0,0.0,0.3,0.0,0.9999999999999999,0.3,0.08,0.12607449856733524,0.05,0.25
410,0.92583502657213,0.4726277668519628,0.925040341941637,0.4727054702698332,0.24899929058488912,0.4766587451662078,0.6103151862464183,0.34396784769938865,0.37061066604437,0.0830945558739255,0.6085714285714285,0.3435640498664995,0.3704055040794056,0.08285714285714285,0.14040114613180515,0.16285714285714287,0.002857142857142857,37.95428571428572,0.166189111747851,0.0,2.912799019974323e-18,0.11836634914903713,11.759312320916905,0.0,0.0,0.15,0.08022922636103152,0,0.2094643933920428,0.32262965291923734,8.025248366476482,0.8774830262329929,0.0,1.0,0.0,0.3,0.0,0.9999999999999999,0.3,0.08,0.14040114613180515,0.05,0.25
411,0.9247969533388435,0.47257952966885397,0.9240052346318742,0.4726965707560458,0.24899929058488912,0.4765799935399564,0.5931232091690545,0.34396784769938865,0.37061066604437,0.0830945558739255,0.5914285714285714,0.3435640498664995,0.3704055040794056,0.08285714285714285,0.1318051575931232,0.15714285714285714,0.002857142857142857,38.07714285714286,0.166189111747851,0.0,2.912799019974323e-18,0.11836634914903713,11.759312320916905,0.0,0.0,0.15,0.08022922636103152,0,0.20910207213936832,0.32101650465464115,8.02188625628981,0.859933365708333,0.0,1.0,0.0,0.3,0.0,0.9999999999999999,0.3,0.08,0.1318051575931232,0.05,0.25
412,0.9240924531320592,0.472863842645723,0.9233027472828235,0.4730319635300521,0.24899929058488912,0.47638898394204465,0.5759312320916905,0.34385323451887284,0.37052470615898314,0.0830945558739255,0.5742857142857143,0.34344976415221384,0.3703197897936913,0.08285714285714285,0.12607449856733524,0.15142857142857144,0.002857142857142857,38.16285714285714,0.16045845272206305,0.0,2.912799019974323e-18,0.11836634914903713,11.759312320916905,0.0,0.0,0.15,0.08022922636103152,0,0.2091985624929572,0.319411422131368,8.012877102592583,0.8471576042043601,0.0,0.9811320754716981,0.0,0.3,0.0,0.9999999999999999,0.3,0.08,0.12607449856733524,0.05,0.25
413,0.9251766719054484,0.4733795027373063,0.9243838682882886,0.47352331533454756,0.24899929058488912,0.4763095193579962,0.6017191977077364,0.3437386213383571,0.37043874627359635,0.0830945558739255,0.6,0.3433354784379281,0.370234075507977,0.08285714285714285,0.12607449856733524,0.16,0.002857142857142857,38.23428571428571,0.16332378223495703,0.0,2.912799019974323e-18,0.11836634914903713,11.759312320916905,0.0,0.0,0.15,0.08022922636103152,0,0.20935114396263527,0.3178143650207111,8.012619560540735,0.8524992736482793,0.0,0.9821428571428571,0.0,0.3,0.0,0.9999999999999999,0.3,0.08,0.12607449856733524,0.05,0.25
414,0.9249963594014227,0.4740354468047437,0.9242040709628461,0.4742245176906454,0.24899929058488912,0.47638422741377007,0.5616045845272206,0.3437386213383571,0.37043874627359635,0.0830945558739255,0.56,0.3433354784379281,0.370234075507977,0.08285714285714285,0.15759312320916904,0.18285714285714286,0.002857142857142857,38.325714285714284,0.15759312320916904,0.0,2.912799019974323e-18,0.11836634914903713,11.759312320916905,0.0,0.0,0.15,0.08022922636103152,0,0.20907524538567926,0.31622529319560755,8.035224312187061,0.8354492881753136,0.0,1.0,0.0,0.3,0.0,0.9999999999999999,0.3,0.08,0.15759312320916904,0.05,0.25
415,0.9258548903957555,0.4744637281009812,0.9250601490114809,0.4746076670375106,0.24899929058488912,0.47632375215017764,0.6332378223495702,0.34362400815784133,0.3703527863882095,0.0830945558739255,0.6314285714285715,0.3432211927236424,0.37014836122226275,0.08285714285714285,0.12607449856733524,0.1742857142857143,0.002857142857142857,38.41142857142857,0.15759312320916904,0.0,2.912799019974323e-18,0.11836634914903713,11.759312320916905,0.0,0.0,0.15,0.08022922636103152,0,0.2092565912837687,0.3146441667296295,8.048805540229033,0.8340131704436335,0.0,0.9836065573770492,0.0,0.3,0.0,0.9999999999999999,0.3,0.08,0.12607449856733524,0.05,0.25
416,0.924779248589871,0.47475006984784984,0.9239875804678988,0.4748523543701273,0.24899929058488912,0.4762027232287107,0.6246418338108882,0.34362400815784133,0.3703527863882095,0.0830945558739255,0.6228571428571429,0.3432211927236424,0.37014836122226275,0.08285714285714285,0.13753581661891118,0.16,0.002857142857142857,38.511428571428574,0.15759312320916904,0.0,2.912799019974323e-18,0.11836634914903713,11.759312320916905,0.0,0.0,0.15,0.08022922636103152,0,0.20892373761306415,0.31307094589598133,8.047829429424452,0.8173329070347608,0.0,1.0,0.0,0.3,0.0,0.9999999999999999,0.3,0.08,0.13753581661891118,0.05,0.25
417,0.9237274008386364,0.4745274957158697,0.9229387379959534,0.47463945851670214,0.24899929058488912,0.47610244112215405,0.6160458452722063,0.3434520883870677,0.37022384656012924,0.0830945558739255,0.6142857142857143,0.3430497641522138,0.3700197897936913,0.08285714285714285,0.1346704871060172,0.18,0.002857142857142857,38.60285714285714,0.16045845272206305,0.0,2.912799019974323e-18,0.11836634914903713,11.759312320916905,0.0,0.0,0.15,0.08022922636103152,0,0.20959254749642736,0.31150559116650145,8.066872840835963,0.8236586110267936,0.0,0.9682539682539683,0.0,0.3,0.0,0.9999999999999999,0.3,0.08,0.1346704871060172,0.05,0.25
418,0.9233579337292758,0.4740474193104243,0.9225703265069053,0.4741347321845943,0.24899929058488912,0.47596196990546946,0.5902578796561605,0.34333747520655195,0.3701378866747424,0.0830945558739255,0.5885714285714285,0.3429354784379281,0.369934075507977,0.08285714285714285,0.1489971346704871,0.18571428571428572,0.002857142857142857,38.722857142857144,0.16332378223495703,0.0,2.912799019974323e-18,0.11836634914903713,11.759312320916905,0.0,0.0,0.15,0.08022922636103152,0,0.2097157276160881,0.3099480632106689,8.09124966973353,0.8071854388062577,0.0,0.9846153846153847,0.0,0.3,0.0,0.9999999999999999,0.3,0.08,0.1489971346704871,0.05,0.25
419,0.9238541239397534,0.4742204441906629,0.9230650990310674,0.4742962486980577,0.24899929058488912,0.47577964311916887,0.5988538681948424,0.34333747520655195,0.3701378866747424,0.0830945558739255,0.5971428571428572,0.3429354784379281,0.369934075507977,0.08285714285714285,0.14040114613180515,0.18857142857142858,0.002857142857142857,38.79142857142857,0.16332378223495703,0.0,2.912799019974323e-18,0.11836634914903713,11.759312320916905,0.0,0.0,0.15,0.08022922636103152,0,0.2093811489780077,0.3083983228946156,8.117996104910286,0.7910417300301325,0.0,1.0,0.0,0.3,0.0,0.9999999999999999,0.3,0.08,0.14040114613180515,0.05,0.25
420,0.923819061873887,0.47456348772239476,0.9230301371425318,0.4745685150602259,0.24899929058488912,0.475677594930243,0.6246418338108882,0.34333747520655195,0.3701378866747424,0.0830945558739255,0.6228571428571429,0.3429354784379281,0.369934075507977,0.08285714285714285,0.12320916905444126,0.15428571428571428,0.002857142857142857,38.91428571428571,0.16332378223495703,0.0,2.912799019974323e-18,0.11836634914903713,11.759312320916905,0.0,0.0,0.15,0.08022922636103152,0,0.20896252894740336,0.30685633128014256,8.109921897097795,0.7752208954295299,0.0,1.0,0.0,0.3,0.0,0.9999999999999999,0.3,0.08,0.12320916905444126,0.05,0.25
421,0.9251767426317178,0.47526496884648184,0.9243839388124832,0.4752810833706277,0.24899929058488912,0.47566147033717227,0.6389684813753582,0.34305094225526256,0.3699229869612754,0.0830945558739255,0.6371428571428571,0.3426497641522138,0.3697197897936913,0.08285714285714285,0.1346704871060172,0.17714285714285713,0.002857142857142857,38.97142857142857,0.16045845272206305,0.0,2.912799019974323e-18,0.11836634914903713,11.759312320916905,0.0,0.0,0.15,0.08022922636103152,0,0.2099457163026663,0.3053220496237418,8.124866316298696,0.8916446896789363,0.0,0.9516129032258065,0.0,0.3,0.0,0.9999999999999999,0.3,0.08,0.1346704871060172,0.05,0.25
422,0.9247947230628007,0.4754623425946282,0.9240030107280488,0.47548176414661075,0.24899929058488912,0.47574174038337685,0.6160458452722063,0.34305094225526256,0.3699229869612754,0.0830945558739255,0.6142857142857143,0.3426497641522138,0.3697197897936913,0.08285714285714285,0.1489971346704871,0.18857142857142858,0.002857142857142857,39.082857142857144,0.15472779369627507,0.0,2.912799019974323e-18,0.11836634914903713,11.759312320916905,0.0,0.0,0.15,0.08022922636103152,0,0.20975156271758155,0.30379543937562314,8.15094041854415,0.8738117958853576,0.0,1.0,0.0,0.3,0.0,0.9999999999999999,0.3,0.08,0.1489971346704871,0.05,0.25
423,0.9263979632065918,0.4750688555492203,0.9256016701857147,0.47511056238968813,0.24899929058488912,0.4757886697158525,0.5988538681948424,0.34293632907474675,0.36983702707588856,0.0830945558739255,0.5971428571428572,0.3425354784379281,0.369634075507977,0.08285714285714285,0.1318051575931232,0.15714285714285714,0.002857142857142857,39.18,0.15472779369627507,0.0,2.912799019974323e-18,0.11836634914903713,11.759312320916905,0.0,0.0,0.15,0.08022922636103152,0,0.20978809061827933,0.302276462178745,8.145064467316125,0.9118795567963818,0.0,0.9818181818181818,0.0,0.3,0.0,0.9999999999999999,0.3,0.08,0.1318051575931232,0.05,0.25
424,0.9254382725155933,0.4746811200696674,0.924644721468119,0.47476620690284166,0.24899929058488912,0.47576343070784616,0.5702005730659025,0.3427644093039731,0.3697080872478084,0.0830945558739255,0.5685714285714286,0.34236404986649954,0.3695055040794056,0.08285714285714285,0.12893982808022922,0.16,0.002857142857142857,39.294285714285714,0.15472779369627507,0.0,2.912799019974323e-18,0.11836634914903713,11.759312320916905,0.0,0.0,0.15,0.08022922636103152,0,0.21033843587947368,0.3007650798678513,8.142163177969802,0.9424106830314094,0.0,0.9642857142857143,0.0,0.3,0.0,0.9999999999999999,0.3,0.08,0.12893982808022922,0.05,0.25
425,0.926075474261744,0.47476337688970355,0.925280102637852,0.4748763993787133,0.24899929058488912,0.47565224228341124,0.6361031518624641,0.34270710271371524,0.3696651073051149,0.0830945558739255,0.6342857142857142,0.3423069070093567,0.3694626469365484,0.08285714285714285,0.1318051575931232,0.16,0.002857142857142857,39.38285714285714,0.15472779369627507,0.0,2.912799019974323e-18,0.11836634914903713,11.759312320916905,0.0,0.0,0.15,0.08022922636103152,0,0.21045760084293347,0.29926125446851204,8.139319914410407,0.9276842710928139,0.0,0.9821428571428571,0.0,0.3,0.0,0.9999999999999999,0.3,0.08,0.1318051575931232,0.05,0.25
426,0.925492184130456,0.47383733298770725,0.9246984790497965,0.4739427878319764,0.24899929058488912,0.475510833379428,0.6389684813753582,0.3425924895331995,0.3695791474197281,0.0830945558739255,0.6371428571428571,0.342192621295071,0.3693769326508341,0.08285714285714285,0.1318051575931232,0.16857142857142857,0.002857142857142857,39.511428571428574,0.15472779369627507,0.0,2.912799019974323e-18,0.11836634914903713,11.759312320916905,0.0,0.0,0.15,0.08022922636103152,0,0.2105191699815759,0.2977649481961695,8.145104944693628,0.9426898132754727,0.0,0.9830508474576272,0.0,0.3,0.0,0.9999999999999999,0.3,0.08,0.1318051575931232,0.05,0.25
427,0.9254823147933526,0.4742109664819966,0.9246886379107988,0.4743253872317349,0.24899929058488912,0.47520638950959687,0.6475644699140402,0.34247787635268373,0.3694931875343413,0.0830945558739255,0.6457142857142857,0.3420783355807852,0.36929121836511986,0.08285714285714285,0.1318051575931232,0.15142857142857144,0.002857142857142857,39.614285714285714,0.1518624641833811,0.0,2.912799019974323e-18,0.11836634914903713,11.759312320916905,0.0,0.0,0.15,0.08022922636103152,0,0.21058028841738236,0.2998207095576178,8.133631417228324,0.9238360170099632,0.0,0.9811320754716981,0.0,0.3,0.0,0.9999999999999999,0.3,0.08,0.1318051575931232,0.05,0.25
428,0.9265079059802438,0.4751609221234309,0.9257112988371562,0.4752752343640396,0.24899929058488912,0.4749247360676324,0.6504297994269341,0.3422486499916522,0.36932126776356766,0.0830945558739255,0.6485714285714286,0.34184976415221385,0.36911978979369137,0.08285714285714285,0.14040114613180515,0.16285714285714287,0.002857142857142857,39.705714285714286,0.16332378223495703,0.0,2.912799019974323e-18,0.11836634914903713,11.759312320916905,0.0,0.0,0.15,0.08022922636103152,0,0.21112667268958113,0.2983216060098297,8.133815931740902,0.9541162027745776,0.0,0.9649122807017544,0.0,0.3,0.0,0.9999999999999999,0.3,0.08,0.14040114613180515,0.05,0.25
429,0.9268624850823892,0.4748987276672308,0.9260648648561526,0.47502809705393784,0.24899929058488912,0.47464412525698235,0.6103151862464183,0.3422486499916522,0.36932126776356766,0.0830945558739255,0.6085714285714285,0.34184976415221385,0.36911978979369137,0.08285714285714285,0.1518624641833811,0.1657142857142857,0.002857142857142857,39.822857142857146,0.16332378223495703,0.0,2.912799019974323e-18,0.11836634914903713,11.759312320916905,0.0,0.0,0.15,0.08022922636103152,0,0.21081332504041897,0.29682999797978055,8.13685389882037,0.935033878719086,0.0,1.0,0.0,0.3,0.0,0.9999999999999999,0.3,0.08,0.1518624641833811,0.05,0.25
430,0.9264951206029564,0.4748423636160796,0.9256985499895182,0.4749593901902546,0.24899929058488912,0.47445685800586174,0.6131805157593123,0.34219134340139434,0.3692782878208742,0.0830945558739255,0.6114285714285714,0.34179262129507093,0.36907693265083413,0.08285714285714285,0.1318051575931232,0.17142857142857143,0.002857142857142857,39.94,0.166189111747851,0.0,2.912799019974323e-18,0.11836634914903713,11.759312320916905,0.0,0.0,0.15,0.08022922636103152,0,0.2109016869866454,0.2953458479898816,8.145545392272533,0.9240388485189861,0.0,0.9833333333333333,0.0,0.3,0.0,0.9999999999999999,0.3,0.08,0.1318051575931232,0.05,0.25
431,0.9267469705537175,0.47535305184381593,0.9259496803689914,0.47541861406081054,0.24899929058488912,0.4743254034983575,0.6045845272206304,0.34219134340139434,0.3692782878208742,0.0830945558739255,0.6028571428571429,0.34179262129507093,0.36907693265083413,0.08285714285714285,0.12320916905444126,0.16285714285714287,0.002857142857142857,40.02857142857143,0.166189111747851,0.0,2.912799019974323e-18,0.11836634914903713,11.759312320916905,0.0,0.0,0.15,0.08022922636103152,0,0.21053246426599795,0.2938691187499322,8.145491627284224,0.9055580715486062,0.0,1.0,0.0,0.3,0.0,0.9999999999999999,0.3,0.08,0.12320916905444126,0.05,0.25
432,0.9261096075058458,0.4754082812676881,0.9253141383583994,0.4754917849514233,0.24899929058488912,0.47441408093741144,0.6189111747851003,0.3419621170403628,0.36910636805010055,0.0830945558739255,0.6171428571428571,0.3415640498664996,0.3689055040794056,0.08285714285714285,0.12893982808022922,0.15714285714285714,0.002857142857142857,40.13428571428572,0.166189111747851,0.0,2.912799019974323e-18,0.11836634914903713,11.759312320916905,0.0,0.0,0.15,0.08022922636103152,0,0.2110220876589536,0.2965667104711768,8.139724651881398,0.903935722060306,0.0,0.9636363636363636,0.0,0.3,0.0,0.9999999999999999,0.3,0.08,0.12893982808022922,0.05,0.25
433,0.9256178198303621,0.47542647130977456,0.9248237557905598,0.4754861784643627,0.24899929058488912,0.4746857955631712,0.6217765042979942,0.3419621170403628,0.36910636805010055,0.0830945558739255,0.62,0.3415640498664996,0.3689055040794056,0.08285714285714285,0.14613180515759314,0.17142857142857143,0.002857142857142857,40.23428571428571,0.166189111747851,0.0,2.912799019974323e-18,0.11836634914903713,11.759312320916905,0.0,0.0,0.15,0.08022922636103152,0,0.21073769150637311,0.29508387691882093,8.148358730272342,0.8858570076190999,0.0,1.0,0.0,0.3,0.0,0.9999999999999999,0.3,0.08,0.14613180515759314,0.05,0.25
434,0.925873119730414,0.4755480019634705,0.9250783262623259,0.4755823256006861,0.24899929058488912,0.47488627719317594,0.6303724928366762,0.3419621170403628,0.36910636805010055,0.0830945558739255,0.6285714285714286,0.3415640498664996,0.3689055040794056,0.08285714285714285,0.1346704871060172,0.15142857142857144,0.002857142857142857,40.357142857142854,0.166189111747851,0.0,2.912799019974323e-18,0.11836634914903713,11.759312320916905,0.0,0.0,0.15,0.08022922636103152,0,0.21031214590598413,0.2936084575342268,8.136820127095465,0.8681398674667179,0.0,1.0,0.0,0.3,0.0,0.9999999999999999,0.3,0.08,0.1346704871060172,0.05,0.25
435,0.9257001860358819,0.4754648363146648,0.9249058866640639,0.475518712000631,0.24899929058488912,0.4751039219299865,0.6504297994269341,0.3418475038598471,0.3690204081647138,0.0830945558739255,0.6485714285714286,0.34144976415221384,0.3688197897936913,0.08285714285714285,0.14040114613180515,0.15714285714285714,0.002857142857142857,40.47142857142857,0.166189111747851,0.0,2.912799019974323e-18,0.11836634914903713,11.759312320916905,0.0,0.0,0.15,0.08022922636103152,0,0.21080272803359706,0.2921404152465557,8.131226581696414,0.8798619252002908,0.0,0.9636363636363636,0.0,0.3,0.0,0.9999999999999999,0.3,0.08,0.14040114613180515,0.05,0.25
436,0.9263254301392788,0.4752628824586673,0.925529344355737,0.4753106781554586,0.24899929058488912,0.475296869118975,0.6389684813753582,0.3417328906793313,0.368934448279327,0.0830945558739255,0.6371428571428571,0.3413354784379281,0.368734075507977,0.08285714285714285,0.1489971346704871,0.1742857142857143,0.002857142857142857,40.60857142857143,0.16905444126074498,0.0,2.912799019974323e-18,0.11836634914903713,11.759312320916905,0.0,0.0,0.15,0.08022922636103152,0,0.2108910001077148,0.29067971317032293,8.1428877643482,0.8828833778571654,0.0,0.9836065573770492,0.0,0.3,0.0,0.9999999999999999,0.3,0.08,0.1489971346704871,0.05,0.25
437,0.9269414559085184,0.4756743586082928,0.9261436100513503,0.4757457647984466,0.24899929058488912,0.47531402131682116,0.6361031518624641,0.3417328906793313,0.368934448279327,0.0830945558739255,0.6342857142857142,0.3413354784379281,0.368734075507977,0.08285714285714285,0.14613180515759314,0.17142857142857143,0.002857142857142857,40.70285714285714,0.16905444126074498,0.0,2.912799019974323e-18,0.11836634914903713,11.759312320916905,0.0,0.0,0.15,0.08022922636103152,0,0.2106072601071762,0.28922631460447135,8.151458580489805,0.8652257103000222,0.0,1.0,0.0,0.3,0.0,0.9999999999999999,0.3,0.08,0.14613180515759314,0.05,0.25
438,0.9279742578250735,0.47562572614849735,0.9271734611052865,0.4756914240215431,0.24899929058488912,0.47531647696452306,0.6074498567335244,0.3417328906793313,0.368934448279327,0.0830945558739255,0.6057142857142858,0.3413354784379281,0.368734075507977,0.08285714285714285,0.14040114613180515,0.1657142857142857,0.002857142857142857,40.82857142857143,0.16905444126074498,0.0,2.912799019974323e-18,0.11836634914903713,11.759312320916905,0.0,0.0,0.15,0.08022922636103152,0,0.21029551664594393,0.287780183031449,8.154143694594296,0.8479211960940217,0.0,1.0,0.0,0.3,0.0,0.9999999999999999,0.3,0.08,0.14040114613180515,0.05,0.25
439,0.9286486187056162,0.47562311892992165,0.9278458952404561,0.4756344592465533,0.24899929058488912,0.4753978594952605,0.6275071633237822,0.34161827749881557,0.36884848839394013,0.0830945558739255,0.6257142857142857,0.34122119272364243,0.3686483612222627,0.08285714285714285,0.14040114613180515,0.1742857142857143,0.002857142857142857,40.92857142857143,0.17191977077363896,0.0,2.912799019974323e-18,0.11836634914903713,11.759312320916905,0.0,0.0,0.15,0.08022922636103152,0,0.21044346763414276,0.28634128211629173,8.165346534988124,0.8309627721721413,0.0,0.9836065573770492,0.0,0.3,0.0,0.9999999999999999,0.3,0.08,0.14040114613180515,0.05,0.25
440,0.9289915837268028,0.4756728193051643,0.9281878803615824,0.4756492301092971,0.24899929058488912,0.47542034706377323,0.5730659025787965,0.34161827749881557,0.36884848839394013,0.0830945558739255,0.5714285714285714,0.34122119272364243,0.3686483612222627,0.08285714285714285,0.12034383954154727,0.14285714285714285,0.002857142857142857,41.06285714285714,0.166189111747851,0.0,2.912799019974323e-18,0.11836634914903713,11.759312320916905,0.0,0.0,0.15,0.08022922636103152,0,0.20999096458168634,0.2849095757057103,8.144896747145506,0.8143435167286984,0.0,1.0,0.0,0.3,0.0,0.9999999999999999,0.3,0.08,0.12034383954154727,0.05,0.25
441,0.9293000635090698,0.47518146288248697,0.9284954787730427,0.47515002574302334,0.24899929058488912,0.4754697636312906,0.5931232091690545,0.34161827749881557,0.36884848839394013,0.0830945558739255,0.5914285714285714,0.34122119272364243,0.3686483612222627,0.08285714285714285,0.14040114613180515,0.16857142857142857,0.002857142857142857,41.145714285714284,0.16905444126074498,0.0,2.912799019974323e-18,0.11836634914903713,11.759312320916905,0.0,0.0,0.15,0.08022922636103152,0,0.20968315261592077,0.28348502782718177,8.150570240774023,0.7980566463941244,0.0,1.0,0.0,0.3,0.0,0.9999999999999999,0.3,0.08,0.14040114613180515,0.05,0.25
442,0.9284690055963153,0.47530703387632495,0.9276667953114676,0.47528551770837946,0.24899929058488912,0.4754260342468597,0.6045845272206304,0.34161827749881557,0.36884848839394013,0.0830945558739255,0.6028571428571429,0.34122119272364243,0.3686483612222627,0.08285714285714285,0.12607449856733524,0.15714285714285714,0.002857142857142857,41.25714285714286,0.17191977077363896,0.0,2.912799019974323e-18,0.11836634914903713,11.759312320916905,0.0,0.0,0.15,0.08022922636103152,0,0.20931988042426974,0.2820676026880458,8.1447016931014,0.782095513466242,0.0,1.0,0.0,0.3,0.0,0.9999999999999999,0.3,0.08,0.12607449856733524,0.05,0.25
443,0.926239037247034,0.4756347944210317,0.925443198300327,0.4756070557692869,0.24899929058488912,0.4752002417647554,0.5902578796561605,0.3415609709085577,0.3688055084512467,0.0830945558739255,0.5885714285714285,0.3411640498664995,0.3686055040794056,0.08285714285714285,0.10601719197707736,0.13428571428571429,0.002857142857142857,41.38,0.17191977077363896,0.0,2.912799019974323e-18,0.11836634914903713,11.759312320916905,0.0,0.0,0.15,0.08022922636103152,0,0.20938642530786267,0.2806572646746056,8.116093373525086,0.7752237608558777,0.0,0.9787234042553191,0.0,0.3,0.0,0.9999999999999999,0.3,0.08,0.10601719197707736,0.05,0.25
444,0.927610300125089,0.4752639284009488,0.9268105432844448,0.4752281305987216,0.24899929058488912,0.47493607944216115,0.6074498567335244,0.3415609709085577,0.3688055084512467,0.0830945558739255,0.6057142857142858,0.3411640498664995,0.3686055040794056,0.08285714285714285,0.12607449856733524,0.14,0.002857142857142857,41.5,0.16905444126074498,0.0,2.912799019974323e-18,0.11836634914903713,11.759312320916905,0.0,0.0,0.15,0.08022922636103152,0,0.2089390646098948,0.27925397835123256,8.093771506054583,0.7597192856387601,0.0,1.0,0.0,0.3,0.0,0.9999999999999999,0.3,0.08,0.12607449856733524,0.05,0.25
445,0.9281606362024626,0.47495497067061,0.9273593069730259,0.47494368420525745,0.24899929058488912,0.47473721690705056,0.6131805157593123,0.3415609709085577,0.3688055084512467,0.0830945558739255,0.6114285714285714,0.3411640498664995,0.3686055040794056,0.08285714285714285,0.14326647564469913,0.1657142857142857,0.002857142857142857,41.62571428571429,0.166189111747851,0.0,2.912799019974323e-18,0.11836634914903713,11.759312320916905,0.0,0.0,0.15,0.08022922636103152,0,0.20872137142970246,0.27785770845947644,8.097610361647778,0.7445248999259849,0.0,1.0,0.0,0.3,0.0,0.9999999999999999,0.3,0.08,0.14326647564469913,0.05,0.25
446,0.9285365467867552,0.47457424731052916,0.9277341435270776,0.47458194909184775,0.24899929058488912,0.47451646737863823,0.5873925501432665,0.3413317445475262,0.3686335886804731,0.0830945558739255,0.5857142857142857,0.34093547843792815,0.368434075507977,0.08285714285714285,0.14326647564469913,0.16,0.002857142857142857,41.745714285714286,0.16905444126074498,0.0,2.912799019974323e-18,0.11836634914903713,11.759312320916905,0.0,0.0,0.15,0.08022922636103152,0,0.20933333956898253,0.2792542076090557,8.095658154414823,0.8013341839329717,0.0,0.9642857142857143,0.0,0.3,0.0,0.9999999999999999,0.3,0.08,0.14326647564469913,0.05,0.25
447,0.9275489782215967,0.47451967403000067,0.9267493965863909,0.47449587166212787,0.24899929058488912,0.4743753686494432,0.5873925501432665,0.34121713136701043,0.36854762879508624,0.0830945558739255,0.5857142857142857,0.3408211927236424,0.3683483612222627,0.08285714285714285,0.14040114613180515,0.1742857142857143,0.002857142857142857,41.87714285714286,0.166189111747851,0.0,2.912799019974323e-18,0.11836634914903713,11.759312320916905,0.0,0.0,0.15,0.08022922636103152,0,0.20951467287113756,0.28671505842266604,8.10803070561224,0.7944228256853738,0.0,0.9836065573770492,0.0,0.3,0.0,0.9999999999999999,0.3,0.08,0.14040114613180515,0.05,0.25
448,0.9279014035509175,0.47524873458239114,0.9271008149861995,0.4752204214690465,0.24899929058488912,0.47424845253800835,0.6332378223495702,0.3411025181864947,0.3684616689096994,0.0830945558739255,0.6314285714285715,0.3407069070093567,0.3682626469365485,0.08285714285714285,0.1318051575931232,0.16285714285714287,0.002857142857142857,42.002857142857145,0.16332378223495703,0.0,2.912799019974323e-18,0.11836634914903713,11.759312320916905,0.0,0.0,0.15,0.08022922636103152,0,0.20952409950678194,0.2852814831305527,8.108727234357138,0.8165492863634222,0.0,0.9824561403508771,0.0,0.3,0.0,0.9999999999999999,0.3,0.08,0.1318051575931232,0.05,0.25
449,0.9286392150546635,0.47558882545628667,0.9278365184570777,0.47551524514985805,0.24899929058488912,0.4741747291656103,0.5816618911174785,0.3410452115962368,0.368418688967006,0.0830945558739255,0.58,0.3406497641522138,0.36821978979369124,0.08285714285714285,0.1318051575931232,0.16,0.002857142857142857,42.12285714285714,0.166189111747851,0.0,2.912799019974323e-18,0.11836634914903713,11.759312320916905,0.0,0.0,0.15,0.08022922636103152,0,0.20961890758067658,0.28385507571489993,8.106552689669993,0.8511750132064826,0.0,0.9821428571428571,0.0,0.3,0.0,0.9999999999999999,0.3,0.08,0.1318051575931232,0.05,0.25
