agent_id,punish_issued,punished_received,final_r,final_b,final_x,y,L,cap,service,is_enforcer,cadre_fallback,exited,exit_time,exit_intent,disengaged,exit_cost_eff_last,degree,degree_at_end,betweenness
0,0,331,0.35821930405207086,0.613287481173586,0.07622299557192388,0.520174961957603,0.22825611945373916,0.0,0.0,False,False,True,142,116,False,2.65,5,5,
1,0,0,0.26188752450533664,0.09891186101424838,1.0,0.5302047601137976,0.5305106498107224,0.0,0.0,False,False,False,-1,0,False,0.0,1,1,
2,2,38,0.40584326637327567,0.29680052043085214,0.9247418909030815,0.4865432918038735,0.3740379646714272,0.1622309689084809,0.5699208973308697,False,False,False,-1,0,False,0.0,11,11,
3,0,39,0.1702092590963369,0.3742681779438406,0.7324896668134165,0.7723965413524959,0.2253764093954732,0.0,0.0,False,False,True,91,42,False,1.72,1,1,
4,0,150,0.24023724162009286,0.15035421268293991,0.8261613182888611,0.07782679655677727,0.6177588798318037,0.0,0.0,False,False,True,94,69,False,2.6799999999999997,5,5,
5,0,93,0.07190734747164897,0.43975345573622515,1.0,0.4673759837639456,0.33228029872523035,0.0,0.0,False,False,False,-1,35,True,1.8399999999999999,28,28,
6,0,24,0.40906573983495076,0.5962348674222574,0.5218472624628134,0.5473940653931061,0.37307234714092363,0.0,0.0,False,False,True,39,14,False,2.38,4,4,
7,0,137,0.25575885187585967,0.09280131250513896,0.6641999602241861,0.4168855789103605,0.05536130233524605,0.0,0.0,False,False,True,100,68,False,3.37,5,5,
8,1,91,0.6431359282634658,0.48311713532099987,1.0,0.3714674683057654,0.2752563591409979,0.01882984251557431,0.0002331284824736358,False,False,True,137,86,False,2.29,2,2,
9,0,64,0.4193398971460307,0.15149746608425305,0.49464820125314296,0.5205998304645088,0.11944804623186273,0.0,0.0,False,False,True,83,39,False,2.08,3,3,
10,0,67,0.2880600605280523,0.2507833567315205,0.8900380354680626,0.5136162809408882,0.14609805303248657,0.0,0.0,False,False,True,140,59,False,2.08,3,3,
11,0,33,0.4891478863316845,0.7264277856458311,0.5958456159397113,0.436613949137792,0.18265854031098483,0.0,0.0,False,False,True,63,36,False,1.99,3,3,
12,0,62,0.02577411343552068,0.29921181541013536,0.630757491372554,0.4326095062949636,0.6167285512438198,0.0,0.0,False,False,True,114,65,False,2.2,3,3,
13,0,14,0.47937968483213433,0.3045021301605469,0.2151142978954353,0.12376386425280281,0.5149443622160693,0.0,0.0,False,False,True,32,14,False,2.17,1,1,
14,0,77,0.5705236765708545,0.4975724077865618,0.8957927318258052,0.5667686888161203,0.2594710693451447,0.0,0.0,False,False,True,91,50,False,2.11,3,3,
15,0,41,0.1413460745584546,0.2699098524186897,0.5566266417433644,0.29998242071853143,0.21033050569092782,0.0,0.0,False,False,True,84,38,False,2.1399999999999997,2,2,
16,1,31,0.4485456274141346,0.13381312944045554,0.8565254130218725,0.5516033712560471,0.03515596275490591,0.017205295706178212,0.0001620558447965088,False,False,True,53,22,False,2.02,2,2,
17,50,0,1.0,1.0,1.0,0.5041910754863093,0.4172727367200222,2.0,32.7039027869685,True,False,False,-1,0,False,0.0,10,10,
18,51,183,1.0,1.0,0.746781333049319,0.3453431309915811,0.18013258344559707,0.37492030765948037,0.01850727560712832,False,False,True,210,64,False,1.5699999999999998,2,2,
19,5,0,0.6494698579964517,0.3125444120995827,0.9725745321574116,0.45606692542242105,0.11547182728744917,0.42423006094549176,1.7674412678471956,False,False,False,-1,0,False,0.0,8,8,
20,650,218,1.0,1.0,0.9825274767487255,0.4550486380857296,0.551747247223176,2.0,64.52318747977137,True,False,False,-1,0,False,0.0,21,21,
21,0,4,0.2903158743232135,0.6736977271156223,1.0,0.45852563435721444,0.18579283102017904,0.0,0.0,False,False,False,-1,0,False,0.0,11,11,
22,0,121,0.31233615199371295,0.08779580964805181,0.9258258730386437,0.2315173723231015,0.15034783961685283,0.0,0.0,False,False,True,233,132,False,1.3599999999999999,1,1,
23,0,33,0.37671636377284123,0.22235676965480725,0.54041505929013,0.1443277403676489,0.0667971274884348,0.0,0.0,False,False,True,99,18,False,1.5699999999999998,1,1,
24,1,43,0.39722106197604357,0.7741768637955141,0.8511905081204535,0.14712692946111047,0.27130113323070176,0.017641956117454373,0.00017928102259645766,False,False,True,110,30,False,1.72,2,2,
25,1,1,0.40209175859584356,0.4287831342074502,0.9762587565187708,0.4721590850280349,0.023983163582148914,0.028260324697950756,0.001197521186291817,False,False,False,-1,0,False,0.0,9,9,
26,0,19,0.4779304843585542,0.25347755097208047,0.6501173524574115,0.5974576694229196,0.17982402520103646,0.0,0.0,False,False,True,59,15,False,1.81,3,3,
27,0,19,0.3380487305573751,0.14274474675253748,1.0,0.4582333969051795,0.17916966082256983,0.0,0.0,False,False,True,69,17,False,1.54,0,0,
28,0,68,0.15472824839553215,0.3717117985417826,0.6219661647106858,0.3766612180814078,0.07885829395618991,0.0,0.0,False,False,True,121,76,False,1.54,2,2,
29,3,0,0.7415799878082936,0.4031913642793037,0.9872222498264839,0.4955592668462615,0.09956158643123034,0.11208026199220321,0.025989590079195192,False,False,False,-1,0,False,0.0,9,9,
30,0,1,0.20729531562937642,0.18667929917112602,1.0,0.5068407449480267,0.4788814272516713,0.0,0.0,False,False,False,-1,0,False,0.0,8,8,
31,0,62,0.12666210266860883,0.40547775023056765,0.7506872360544504,0.3326017540097497,0.576433622553003,0.0,0.0,False,False,True,106,66,False,1.54,2,2,
32,3,7,0.7756844430368658,0.7382345681296577,0.982603878473331,0.46839606828574243,0.15732399728678317,0.10529850084081106,0.02533907870751852,False,False,False,-1,0,False,0.0,12,12,
33,0,48,0.1744560874953153,0.14804503527394727,0.9102902729252037,0.22265064126070186,0.0953747467827732,0.0,0.0,False,False,True,136,48,False,1.54,2,2,
34,0,303,0.33686757419966484,0.5292280202140784,0.8754058859056775,0.6410995530067429,0.3013361130632501,0.0,0.0,False,False,True,301,212,False,1.54,2,2,
35,0,32,0.2852354097920221,0.2393547204661459,0.9798719656486903,0.450799535343596,0.3671672311994438,0.0,0.0,False,False,False,-1,1,False,0.0,10,10,
36,0,68,0.22319896840418957,0.5067117750249274,0.23527569186279512,0.2831427820310349,0.3415595679491949,0.0,0.0,False,False,True,102,78,False,1.66,1,1,
37,0,23,0.4275526927583262,0.17236677459907154,0.9082343174950603,0.23287503518857225,0.03884369761011902,0.0,0.0,False,False,True,102,18,False,1.48,2,2,
38,0,182,0.21389673237396137,0.31650467499771406,0.09027212933300818,0.44213151239861576,0.3998316328374234,0.0,0.0,False,False,True,145,113,False,1.42,1,1,
39,1,0,0.38483156118290385,0.11317631222046029,0.989647050093213,0.5352086517863326,0.5759890032783644,0.09458334905333794,0.15588307481006441,False,False,False,-1,0,False,0.0,7,7,
40,3,2,0.5165599138091928,0.28593794913688186,0.9868166036629463,0.4547774379522398,0.12459140281730337,0.22478826637604923,0.5656635057760707,False,False,False,-1,0,False,0.0,9,9,
41,0,25,0.42378814293322464,0.5414272693848043,0.7501749580948956,0.4587350614605935,0.24069198867887667,0.0,0.0,False,False,True,72,28,False,1.5699999999999998,1,1,
42,810,355,1.0,1.0,1.0,0.4401566870484761,0.716568098518862,2.0,105.02221053006527,True,False,False,-1,0,False,0.0,6,6,
43,187,0,1.0,1.0,1.0,0.4068969622473944,0.6065939171302139,0.4123826931652787,0.13321841374322665,False,False,False,-1,0,False,0.0,4,4,
44,0,30,0.3044151535559136,0.3164622953229023,0.984849534663814,0.5256781068841998,0.4584132653202644,0.0,0.0,False,False,False,-1,0,False,0.0,12,12,
45,0,61,0.20430721795353565,0.35467422399779736,0.7168128790866019,0.4632967039038458,0.14802691355482253,0.0,0.0,False,False,True,104,50,False,1.42,0,0,
46,327,0,1.0,1.0,1.0,0.44856433600107937,0.3539429380220167,0.9524582458456821,2.2623142230195215,True,False,False,-1,0,False,0.0,0,0,
47,0,34,0.09681768351512376,0.22139615929394868,1.0,0.47036763154184713,0.10072144117546253,0.0,0.0,False,False,False,-1,0,False,0.0,9,9,
48,1,0,0.6251445793801194,0.2848334503206912,1.0,0.519325444284034,0.14967907842078323,0.13705873290188894,0.6951353308570327,False,False,False,-1,0,False,0.0,5,5,
49,0,14,0.18954017680911464,0.17286602773038226,0.680984476111212,0.3974463814804212,0.28814394540570776,0.0,0.0,False,False,True,36,13,False,1.45,1,1,
50,0,29,0.10229164881610547,0.3380767765260345,0.31126301280123014,0.4287933513661121,0.45384874935795433,0.0,0.0,False,False,True,98,18,False,1.3,0,0,
51,0,186,0.1494998579511278,0.2876994791226811,0.725857133916768,0.6232279650402451,0.20402703477234693,0.0,0.0,False,False,True,210,155,False,1.33,1,1,
52,525,76,1.0,1.0,1.0,0.36409145842656365,0.5809859565896806,2.0,28.06681646997092,True,False,False,-1,0,False,0.0,1,1,
53,0,4,0.28985086337900084,0.21543798698594388,1.0,0.45355416445951263,0.33731140132097803,0.0,0.0,False,False,False,-1,0,False,0.0,4,4,
54,0,76,0.07207530485153314,0.21743327808506702,0.8826461466352975,0.8887170727682702,0.4391187027783195,0.0,0.0,False,False,True,131,68,False,1.3599999999999999,1,1,
55,0,99,0.20430821775561334,0.3767993091661342,0.8524558324380224,0.3325143825088652,0.10537993789519995,0.0,0.0,False,False,True,161,109,False,1.12,0,0,
56,2,36,0.38005924205722125,0.14120422124788004,1.0,0.323698312581954,0.0853661539571219,0.15828248904145453,0.24148471582405528,False,False,False,-1,2,False,0.0,13,13,
57,1,0,0.23398373030212716,0.15074257275654623,0.9985629958294611,0.41225660085438487,0.16696814857033146,0.020920015025724856,0.0003563261924215266,False,False,False,-1,0,False,0.0,9,9,
58,0,70,0.5080423007024053,0.7395246786862038,1.0,0.21043217526823751,0.04384269399148514,0.0,0.0,False,False,True,169,66,False,1.33,1,1,
59,0,71,0.4886807199648221,0.31485575640272684,0.8552045464797271,0.7590037099795637,0.018720751368714095,0.0,0.0,False,False,True,89,53,False,1.81,2,2,
60,1,2,0.44980595028020953,0.07308356790163321,0.9574124570755815,0.5343682087476441,0.03173691937723834,0.020920015025724856,0.0003563261924215266,False,False,False,-1,0,False,0.0,8,8,
61,0,0,0.5252944092348016,0.5106030918565047,0.9986833270306238,0.458695095537915,0.014955078283048361,0.0,0.0,False,False,False,-1,0,False,0.0,4,4,
62,0,44,0.2449951554606051,0.368387566518658,0.9573297946045861,0.355183112233507,0.006717465602446468,0.0,0.0,False,False,True,111,46,False,1.54,2,2,
63,311,0,1.0,1.0,0.9213037147164358,0.46133137159078264,0.5615792822779979,0.4674373507763763,0.25643203104269463,False,False,False,-1,0,False,0.0,0,0,
64,1,2,0.31423428533561315,0.0645795617688518,1.0,0.453769633305276,0.07846924314111858,0.09894798645660946,0.18696670850641603,False,False,False,-1,0,False,0.0,9,9,
65,0,0,0.46833136678864945,0.21225676031279736,0.9987468808197414,0.48472770608192123,0.38777008296763493,0.0,0.0,False,False,False,-1,0,False,0.0,4,4,
66,0,32,0.3747115931531631,0.5640497281234977,0.9899163322276957,0.42059251454760366,0.13950550405518544,0.0,0.0,False,False,False,-1,0,False,0.0,11,11,
67,3,0,0.41389009184181974,0.6980565228033448,0.9749959021111385,0.4699838029354042,0.40219369644069913,0.16105974252417385,0.09824004470750783,False,False,False,-1,0,False,0.0,5,5,
68,0,40,0.12044818175894796,0.35580106757744323,0.8979780838032156,0.46083834381903377,0.35299812924742147,0.0,0.0,False,False,True,135,34,False,1.3599999999999999,1,1,
69,1,44,0.49820174634531844,0.8006731099515605,0.77469131689801,0.37294740668623594,0.09715648540646891,0.026878681110473018,0.0009784619969907598,False,False,True,355,25,False,1.3900000000000001,1,1,
70,0,76,0.20284397286303127,0.10413227241026522,0.5425177995446981,0.36926798397952587,0.3807333050188408,0.0,0.0,False,False,True,83,61,False,1.3900000000000001,1,1,
71,8,1,0.8398203699156851,0.8112996458904198,0.9689851159835442,0.49197254194814277,0.4164898764297429,0.5044839493745736,0.8411547792485488,False,False,False,-1,0,False,0.0,6,6,
72,0,2,0.409739458925161,0.5457610336158414,0.9946270491748703,0.47135289597615215,0.16423081387580804,0.0,0.0,False,False,False,-1,0,False,0.0,8,8,
73,1,30,0.28165618849244095,0.3521963047919562,0.9790603895724664,0.4619178510908477,0.07294687144084401,0.03894932894581573,0.00436329283880209,False,False,False,-1,9,True,0.0,3,3,
74,2,38,0.28528710738807217,0.20033222363688724,0.9796488082510395,0.32470946369540704,0.16793762273019722,0.04011609464091884,0.0006053871913874523,False,False,True,121,38,False,1.15,1,1,
75,2,1,0.4035166102778301,0.27793557400445745,1.0,0.42322207722970323,0.17727410647155273,0.06474157044131358,0.009228085218250009,False,False,False,-1,0,False,0.0,5,5,
76,2,1,0.27830746686644886,0.27188993286647994,1.0,0.5230472958774981,0.2863718016083783,0.09112107231190157,0.03931230277480416,False,False,False,-1,0,False,0.0,6,6,
77,1,56,0.31690156429454763,0.8186417627765792,0.9943918417734108,0.4047349958090149,0.04882057103578322,0.025436762968241218,0.0007834851965077539,False,False,True,144,50,False,1.18,1,1,
78,0,66,0.36030793082539636,0.10427316682256167,0.9233179016455557,0.4685384315540684,0.5560448262799658,0.0,0.0,False,False,True,428,13,False,1.24,1,1,
79,0,28,0.3944654924750167,0.5127226884651255,0.9955615995874721,0.3717787700969132,0.45233758150041975,0.0,0.0,False,False,True,101,20,False,1.33,1,1,
80,1,3,0.3575524172220076,0.3048838497095815,0.9999567971562728,0.5102789499202434,0.2813395502569228,0.027423042192373324,0.0010608150187998249,False,False,False,-1,0,False,0.0,4,4,
81,0,15,0.2680520294599235,0.47058278594161096,0.5487662647793199,0.4715136839772117,0.13657198994903466,0.0,0.0,False,False,True,53,13,False,1.3900000000000001,0,0,
82,0,0,0.2572156607763938,0.2965724716026131,1.0,0.5470095271054349,0.18723762139730002,0.0,0.0,False,False,False,-1,0,False,0.0,3,3,
83,0,37,0.11121830371800452,0.6444009481065328,0.9873468733680113,0.6494228710009513,0.10669258045711882,0.0,0.0,False,False,True,104,35,False,1.24,1,1,
84,1,75,0.6513362047054088,0.19095515659497206,0.7884529883202839,0.7325262637026506,0.3693698888184155,0.022666929830734407,0.0004923007938320674,False,False,True,260,78,False,1.21,1,1,
85,0,0,0.43803911911051063,0.4059354534801722,1.0,0.4663207844265438,0.23241044874058514,0.0,0.0,False,False,False,-1,0,False,0.0,4,4,
86,0,2,0.1821854608302812,0.28078120607569934,1.0,0.4271487606730455,0.0984883722574699,0.0,0.0,False,False,False,-1,0,False,0.0,8,8,
87,2,3,0.35371453964266236,0.15104936083522574,1.0,0.4467226981356,0.14502996230877696,0.13615621451038157,0.4030129779713644,False,False,False,-1,0,False,0.0,8,8,
88,582,70,1.0,1.0,0.8756940279429167,0.3379123390576085,0.5106858205895201,2.0,23.515645080505166,True,False,False,-1,0,False,0.0,3,3,
89,2,13,0.565108412153932,0.5793793790496777,0.9114864002928709,0.4610617689658256,0.11805017931316351,0.039137911872125564,0.0005505565685985389,False,False,True,86,13,False,1.33,0,0,
90,0,2,0.09829299006157244,0.2713377023133838,0.9615418439323884,0.4723245941944642,0.08024260423973732,0.0,0.0,False,False,False,-1,0,False,0.0,10,10,
91,5,26,0.7220216369495002,0.42807584647652164,0.9457732140059969,0.46452159045500907,0.1062981186065277,0.1256102868090126,0.010238868310885484,False,False,True,244,12,False,1.15,1,1,
92,266,0,1.0,1.0,0.9787234615763045,0.4250911027018288,0.3838813826007933,0.7755186682744352,1.3163602316613143,True,False,False,-1,0,False,0.0,3,3,
93,0,24,0.3315445075264968,0.16410041728387098,1.0,0.26581297834038303,0.02819434607141749,0.0,0.0,False,False,True,79,27,False,1.21,0,0,
94,1,0,0.5865169186204279,0.3715397447422617,0.9862320757602814,0.5326091970129868,0.34735669002456715,0.06760224172778541,0.04026669963154805,False,False,False,-1,0,False,0.0,3,3,
95,1,19,0.31102637970529906,0.6689091272874818,1.0,0.5219908079691175,0.028100864772936898,0.03171365447880841,0.0019058269531941749,False,False,False,-1,0,False,0.0,10,10,
96,0,31,0.2737128886675483,0.5438298605093468,0.8124605390274046,0.13651350653111624,0.07430592343145845,0.0,0.0,False,False,True,104,30,False,1.33,1,1,
97,2,1,0.4686026245404892,0.4004518947702429,0.9842696119226356,0.45608711628606174,0.33535147924884157,0.04721834745286009,0.0012750862636075246,False,False,False,-1,0,False,0.0,8,8,
98,2,0,0.34617735174500514,0.758138259613181,0.9355638254290656,0.5631201122217196,0.14460922636326268,0.20344363704866467,0.4184124076694799,False,False,False,-1,0,False,0.0,7,7,
99,4,2,0.8334868502110645,0.37970077650262735,1.0,0.5172119152820915,0.33127926483820025,0.26239335507573114,0.22022455150685752,False,False,False,-1,0,False,0.0,12,12,
100,3,1,0.44094427787082624,0.7020991090786307,0.9873545036610314,0.45055094111984256,0.4194122027599685,0.14225229582657092,0.04994607862182655,False,False,False,-1,0,False,0.0,3,3,
101,1,231,0.787621996231421,0.23426851124000264,0.7068140451545488,0.4813120028772619,0.1412394202699423,0.017819707701779628,0.0001866732846693645,False,False,True,181,149,False,1.3900000000000001,1,1,
102,0,0,0.27007071021341617,0.70299266652998,0.9982210943650747,0.4335797123145937,0.40778652734552273,0.0,0.0,False,False,False,-1,0,False,0.0,4,4,
103,0,15,0.06991121066998081,0.3342621323781807,0.7029221677186994,0.5450878617248005,0.15175529894691875,0.0,0.0,False,False,True,62,12,False,1.42,0,0,
104,1,25,0.33819986212898595,0.16289507660086308,1.0,0.5534119560827949,0.20387932360070765,0.017291754478571068,0.00016536310693521307,False,False,True,85,19,False,1.3,1,1,
105,0,46,0.17222342014898656,0.32325069341154566,0.949545883825189,0.4263652738188189,0.29976471855402326,0.0,0.0,False,False,True,161,35,False,1.09,0,0,
106,0,46,0.1018539961454605,0.13474435543787053,0.9353967496022046,0.5807340114531744,0.4341215587918058,0.0,0.0,False,False,True,229,32,False,1.33,1,1,
107,2,2,0.1835866649715103,0.4715972757787995,0.967511265952248,0.47579272047014454,0.11833472548979392,0.1944590279390281,0.6432113259685569,False,False,False,-1,0,False,0.0,5,5,
108,1,20,0.659688959770031,0.5700940379624905,0.8810720120682518,0.16417010298652066,0.42314290514896036,0.020504742280531712,0.0003286639344636494,False,False,True,92,15,False,1.27,1,1,
109,0,26,0.6427704058896291,0.2331485544834016,1.0,0.46578451165596496,0.3914255065738423,0.0,0.0,False,False,False,-1,0,False,0.0,4,4,
110,0,7,0.3038699667679745,0.046009092058104654,0.9566971766442891,0.47705784853112904,0.08125730847974784,0.0,0.0,False,False,False,-1,0,False,0.0,9,9,
111,0,101,0.4792193827604661,0.26362647703705216,0.9337091119906133,0.5022616142723897,0.27171690750902244,0.0,0.0,False,False,True,181,112,False,1.15,0,0,
112,0,1,0.305136730562472,0.5528626656887705,1.0,0.47264931503317675,0.26130396663724204,0.0,0.0,False,False,False,-1,0,False,0.0,3,3,
113,0,9,0.037421620736904374,0.08496304725217833,1.0,0.4635136808493968,0.06974486921103727,0.0,0.0,False,False,False,-1,0,False,0.0,6,6,
114,3,2,0.35601372089889843,0.16573750382950755,1.0,0.45098566389085665,0.33010042282684016,0.2742188206377128,0.8858800527241458,False,False,False,-1,0,False,0.0,5,5,
115,0,95,0.3728903576333039,0.22228831924697962,0.9021132962986954,0.4436257688620623,0.2872741262310538,0.0,0.0,False,False,True,151,94,False,1.27,1,1,
116,0,1,0.11428178063150779,0.17229824452972156,0.9612281562923672,0.5158546050036439,0.10101788333282027,0.0,0.0,False,False,False,-1,0,False,0.0,9,9,
117,2,1,0.4354261872286514,0.22281604374705768,1.0,0.48530881504510814,0.5636815638829413,0.09692609599502686,0.02689508846212334,False,False,False,-1,0,False,0.0,7,7,
118,0,50,0.1557948596525999,0.2015497822117957,0.9816977984007231,0.5089242447680168,0.38908304509044345,0.0,0.0,False,False,True,159,46,False,1.3,1,1,
119,2,4,0.45225053217608213,0.3719435687808229,0.982594069231409,0.441416131139453,0.3584960793227023,0.14990486602403205,0.5569259882968637,False,False,False,-1,0,False,0.0,11,11,
120,0,56,0.0570323140067394,0.4898818993024048,0.4569525750995375,0.4818622472019659,0.18345715726860223,0.0,0.0,False,False,True,74,53,False,1.27,1,1,
121,243,3,1.0,1.0,0.9822191600747123,0.46329120848246,0.4346892042557865,0.6035959177591438,0.37426348379957786,True,False,False,-1,0,False,0.0,2,2,
122,1,1,0.4692232943106701,0.2497521926871474,0.9312499147443218,0.4284112926972315,0.31164455461145346,0.14628731296828124,0.9039207967999998,False,False,False,-1,0,False,0.0,9,9,
123,0,46,0.2791679490851629,0.5574376401861335,0.6868179029215266,0.6444028042054123,0.032118710192123374,0.0,0.0,False,False,True,76,47,False,1.27,1,1,
124,1,1,0.42997196015507205,0.5028047684717577,0.9749563401766014,0.4340434127234583,0.17634284264043587,0.08817344678270213,0.11748002314293432,False,False,False,-1,0,False,0.0,4,4,
125,1,0,0.18352955029996465,0.4029416067760021,1.0,0.5034007363684472,0.1969477442912883,0.12777027894005197,0.5238831403348924,False,False,False,-1,0,False,0.0,4,4,
126,0,0,0.4098650846616893,0.32507038216495426,1.0,0.5346173767457362,0.16108553994922598,0.0,0.0,False,False,False,-1,0,False,0.0,4,4,
127,0,37,0.2809325392969202,0.43254678640077665,0.350575245636232,0.33029874647546076,0.3884845958928244,0.0,0.0,False,False,True,114,31,False,1.3900000000000001,1,1,
128,1,16,0.34690491883420094,0.1907883915967342,0.5722125252173056,0.5453252503338769,0.5183573059123633,0.019211194316343896,0.00025274992414486185,False,False,True,53,14,False,1.21,0,0,
129,0,1,0.3738196183909847,0.23557596264329034,0.9989443801085947,0.4332176856571906,0.21297487206236557,0.0,0.0,False,False,False,-1,0,False,0.0,11,11,
130,0,41,0.23629051192022163,0.3258401156500495,0.9261156769221817,0.31521218801249895,0.49910776583309663,0.0,0.0,False,False,True,162,26,False,1.21,0,0,
131,0,27,0.39801059674655703,0.6650211245144736,1.0,0.4792919173820446,0.1484621939608829,0.0,0.0,False,False,False,-1,0,False,1.18,6,6,
132,0,13,0.04980615185030853,0.3118580189686357,0.939525243550237,0.4678938936516909,0.2240759169010497,0.0,0.0,False,False,False,-1,0,False,0.0,5,5,
133,0,31,0.19189638463602499,0.5502157634054448,0.5840122618812186,0.4491506102962121,0.019128157740856157,0.0,0.0,False,False,True,100,35,False,1.3,1,1,
134,0,54,0.16945580423119422,0.1568601074569797,0.8741822612714483,0.24902514676381135,0.18209173565053713,0.0,0.0,False,False,True,154,35,False,1.24,1,1,
135,0,3,0.029537993792157727,0.6388084490331598,0.9618258933820691,0.5132727966100566,0.5273473049143205,0.0,0.0,False,False,False,-1,0,False,0.0,4,4,
136,1,9,0.39129615757593,0.07008359158240499,0.9500891127984723,0.4360081062975004,0.07501475628843499,0.04979308370283527,0.011741853360782638,False,False,False,-1,0,False,0.0,3,3,
137,0,1,0.12567713457766605,0.15890599774546557,0.9570242961338392,0.3669634329633342,0.13326367284640472,0.0,0.0,False,False,False,-1,0,False,0.0,5,5,
138,1,32,0.22146602463449852,0.4612681698862424,0.6042654384680373,0.698998039653891,0.38500821878031116,0.019115138344762177,0.00024769492566196463,False,False,True,76,36,False,1.3,1,1,
139,1,22,0.32591370687442744,0.15681136744271681,1.0,0.42742015725950666,0.32332950290726836,0.025822161963313925,0.0008324392860412688,False,False,False,-1,0,False,0.0,10,10,
140,2,32,0.2920153201818974,0.23848649998633656,1.0,0.39905609809156345,0.4093631325694548,0.04682108702171501,0.0017816649716084567,False,False,False,-1,0,False,1.18,2,2,
141,3,0,0.39985104990894393,0.43014685815878917,0.9209736781996469,0.4046797913253797,0.4955543931816181,0.15862911196812232,0.048721436775586165,False,False,False,-1,0,False,0.0,4,4,
142,0,1,0.04653456705566005,0.399690416237776,1.0,0.4140618993739224,0.05407821049364995,0.0,0.0,False,False,False,-1,0,False,0.0,3,3,
143,0,2,0.15193576519358137,0.3157223411740354,0.9675585235851543,0.4033490081991619,0.0707822609224156,0.0,0.0,False,False,False,-1,0,False,0.0,8,8,
144,264,0,1.0,1.0,1.0,0.4584783597713975,0.5791808846420031,0.46510016402249443,0.21515242681265867,False,False,False,-1,0,False,0.0,2,2,
145,0,23,0.4814245008153033,0.3595461246628295,0.9366636887795814,0.36486930351040636,0.17986186968417844,0.0,0.0,False,False,True,59,19,False,1.27,1,1,
146,279,0,1.0,1.0,1.0,0.46328363621270074,0.6175066185289895,0.44906381119819605,0.250779730530624,True,False,False,-1,0,False,0.0,0,0,
147,0,1,0.4191519327451668,0.07582351516744588,0.9410226269995848,0.44375711670305323,0.32478799481561044,0.0,0.0,False,False,False,-1,0,False,0.0,5,5,
148,4,5,0.8121500672274999,0.3680241393860606,0.999683567910837,0.4182347330005973,0.07475995478165424,0.28093133768985906,0.34793218698091705,False,False,False,-1,0,False,0.0,8,8,
149,462,0,1.0,1.0,0.9818096789796811,0.5047617596788684,0.6684952472592144,0.6945444303778464,1.3411756053911226,True,False,False,-1,0,False,0.0,2,2,
150,0,0,0.15852135761503278,0.14585284714595478,0.9791433296641981,0.5365093294519816,0.0661053351345017,0.0,0.0,False,False,False,-1,0,False,0.0,3,3,
151,248,0,1.0,1.0,0.9890366937147447,0.49328320730299063,0.43912130544134653,0.4558676935072535,0.21910385839745206,False,False,False,-1,0,False,0.0,2,2,
152,0,67,0.2505483884014959,0.10461751285494056,0.9984688467803661,0.4352149163989405,0.23004557675121703,0.0,0.0,False,False,True,158,66,False,1.12,0,0,
153,0,99,0.14826843532833364,0.26175574565136195,0.7512946847212209,0.28297650832104015,0.4513697600504114,0.0,0.0,False,False,True,111,74,False,1.3,1,1,
154,4,1,0.28921910652714894,0.6553854693319751,1.0,0.4940305233952698,0.3216729293814906,0.23914083524182306,0.25359355469819483,False,False,False,-1,0,False,0.0,6,6,
155,0,24,0.17741310282476846,0.392223557497567,0.9391668178925789,0.6307122174317161,0.06845604803050558,0.0,0.0,False,False,True,79,20,False,1.24,0,0,
156,6,44,0.2885193744650668,0.6958276673722434,0.9253553267482152,0.3841513157860422,0.5007603327003048,0.11151993264865968,0.0013880462555474833,False,False,True,290,21,False,1.15,1,1,
157,1,34,0.4386938544029404,0.17685161415495707,0.976581467641882,0.5215279543411535,0.2418074107561119,0.11792316715264384,0.3791854228312336,False,False,False,-1,1,False,0.0,6,6,
158,0,16,0.1901913273830732,0.6115688927494061,0.8359126330644893,0.5810697299105744,0.015431129300886262,0.0,0.0,False,False,True,85,12,False,1.33,1,1,
159,0,0,0.26500550860267175,0.14933702511832547,0.9914182380059033,0.49234885318187793,0.0639797444303332,0.0,0.0,False,False,False,-1,0,False,0.0,6,6,
160,0,20,0.297112059562277,0.5626016723250581,0.6094886952526334,0.3751900566598987,0.2603233032849325,0.0,0.0,False,False,True,50,20,False,1.3900000000000001,1,1,
161,0,31,0.4831677085839479,0.04807754691994272,0.6355308370777888,0.748395194255889,0.15408826634091322,0.0,0.0,False,False,True,44,26,False,1.3,0,0,
162,0,3,0.15699078621050597,0.35060877596874374,0.9929253924384677,0.4069468258544994,0.5512162924247054,0.0,0.0,False,False,False,-1,0,False,0.0,6,6,
163,1,1,0.40286873535743095,0.5105858420398716,0.9979128891359116,0.5443079711538639,0.024730685000418154,0.14628731296828124,0.9039207967999998,False,False,False,-1,0,False,0.0,6,6,
164,0,74,0.5954007697639074,0.29389085738363396,0.40076861360802607,0.6297137948682267,0.16160335778135995,0.0,0.0,False,False,True,137,67,False,1.18,1,1,
165,0,0,0.3496539289834132,0.18943748032150207,1.0,0.5534427445492632,0.008838318679202265,0.0,0.0,False,False,False,-1,0,False,0.0,5,5,
166,0,3,0.2735173830063257,0.42858571333939866,1.0,0.4833109956853435,0.3307275249343962,0.0,0.0,False,False,False,-1,0,False,0.0,5,5,
167,0,2,0.46665719324685384,0.5567514408799997,0.9768706568890495,0.4867254523145876,0.04438807969082357,0.0,0.0,False,False,False,-1,0,False,0.0,1,1,
168,4,0,0.5944700089977004,0.30362314016747505,1.0,0.4574664674471682,0.1828113962826652,0.12718412659223702,0.00902265808179726,False,False,False,-1,0,False,0.0,4,4,
169,0,21,0.4194810247057918,0.33075818042065647,0.9897348869203765,0.9189919747307798,0.25829290398184745,0.0,0.0,False,False,True,110,16,False,1.21,1,1,
170,1,20,0.3411895154147164,0.4753975687645059,1.0,0.39806524230277374,0.09021690373792002,0.021885388751355882,0.0004273788891632471,False,False,True,144,15,False,1.24,1,1,
171,0,1,0.21137374797900033,0.19384926972402441,1.0,0.5187402277902176,0.23679550970785848,0.0,0.0,False,False,False,-1,0,False,0.0,6,6,
172,0,0,0.26411567692728494,0.40368560728422076,0.9993479131058256,0.4297904152301797,0.6226426860975359,0.0,0.0,False,False,False,-1,0,False,0.0,3,3,
173,0,0,0.15074380845191843,0.38993985753916194,1.0,0.5218779393158449,0.06908760433759324,0.0,0.0,False,False,False,-1,0,False,0.0,4,4,
174,0,41,0.37903335801619864,0.4546264714892985,0.9567612238892362,0.4570170507953596,0.4690206011328421,0.0,0.0,False,False,True,232,30,False,1.12,0,0,
175,0,0,0.12232697646384709,0.26074330094604353,1.0,0.4241991598391539,0.23780186010197613,0.0,0.0,False,False,False,-1,0,False,0.0,5,5,
176,0,0,0.01580770616398462,0.2102397878556193,1.0,0.5306518703798041,0.6676625806646597,0.0,0.0,False,False,False,-1,0,False,0.0,7,7,
177,2,1,0.2852517333806729,0.7762774469624177,0.9022941540743473,0.5055473895329999,0.304668960498315,0.07428965062194967,0.011077854858092614,False,False,False,-1,0,False,0.0,9,9,
178,2,0,0.3402173657966338,0.09888094970519502,0.9658223856517755,0.48336876485126873,0.4193044810599494,0.1652439274839093,0.18660342893089546,False,False,False,-1,0,False,0.0,5,5,
179,0,37,0.27101318649980555,0.34310813383092476,0.948742550551895,0.40594546149995536,0.1739850646962922,0.0,0.0,False,False,True,158,20,False,1.06,0,0,
180,1,1,0.41401943871663294,0.11054840424316867,0.9431362472797107,0.5564030421917111,0.10571514126893342,0.020402218569129053,0.0003220906557743764,False,False,False,-1,0,False,0.0,6,6,
181,0,3,0.29627356978564773,0.6241463193212115,0.9704586684705541,0.4959720016806859,0.09900921514838558,0.0,0.0,False,False,False,-1,0,False,0.0,4,4,
182,1,2,0.4821740359489176,0.14594747903013228,1.0,0.46274134557488245,0.13462652721174714,0.01587930290441215,0.00011729565107240429,False,False,False,-1,0,False,0.0,5,5,
183,11,0,0.7880824479550839,0.5982207165088334,1.0,0.4252607351311316,0.3601464277438497,0.7358706504393618,1.873661499896745,True,False,False,-1,0,False,0.0,5,5,
184,0,2,0.24344555569949577,0.14639739762408518,1.0,0.5271237341226321,0.57303512962073,0.0,0.0,False,False,False,-1,0,False,0.0,4,4,
185,1,0,0.36114063613367253,0.17448875863305283,0.9958570336001945,0.4281921751910367,0.2617799375873029,0.021236979600890597,0.00037859033270738236,False,False,False,-1,0,False,0.0,4,4,
186,0,25,0.4115008781293093,0.3197069771777113,0.7188254323747956,0.46265692190250635,0.07649453740623359,0.0,0.0,False,False,True,53,17,False,1.27,1,1,
187,2,0,0.27918437251318756,0.23968333242380688,0.9526502860315723,0.4105341382472942,0.1282907313052929,0.08555526602891485,0.024697994499953708,False,False,False,-1,0,False,0.0,5,5,
188,0,21,0.035506171292068976,0.1798332929352384,0.8731536530773503,0.6621114512200145,0.1594188886797701,0.0,0.0,False,False,True,103,18,False,1.27,1,1,
189,0,1,0.3706010790231858,0.010646989041116085,1.0,0.530492334726107,0.06106862977514212,0.0,0.0,False,False,False,-1,0,False,0.0,5,5,
190,0,0,0.12620184146526195,0.2535894715706592,0.9712093590188975,0.49423899850739667,0.1138285236546554,0.0,0.0,False,False,False,-1,0,False,0.0,5,5,
191,0,39,0.1664495407343108,0.2945799394243357,0.8749398290316436,0.3000058591442668,0.1722758050282819,0.0,0.0,False,False,True,98,44,False,1.21,0,0,
192,0,1,0.0964440661577995,0.258552694082355,1.0,0.4863416085960905,0.02536544431062441,0.0,0.0,False,False,False,-1,0,False,0.0,5,5,
193,0,2,0.14389793264602901,0.33728201962317356,0.9242627502750285,0.5214010283190034,0.04859509533459723,0.0,0.0,False,False,False,-1,0,False,0.0,7,7,
194,3,8,0.6454590781674834,0.24738696838714816,0.9569175779833956,0.5217882853764739,0.18052783342602893,0.15029260411052783,0.05646923718618247,False,False,False,-1,0,False,0.0,2,2,
195,209,0,1.0,1.0,0.9939006378462228,0.37727848579361695,0.5936038961551472,0.42925541714188237,0.11661460996397645,False,False,False,-1,0,False,0.0,1,1,
196,0,1,0.3036540652785839,0.2937744274987602,0.96639264834575,0.44519521678244567,0.10619838986959902,0.0,0.0,False,False,False,-1,0,False,0.0,2,2,
197,0,0,0.654276566926147,0.21264981374956646,0.9864829828621189,0.3449270657419565,0.029817412926602803,0.0,0.0,False,False,False,-1,0,False,0.0,5,5,
198,0,104,0.21738753415889084,0.6755273022497447,0.7525907902947234,0.4808867464636684,0.5489675525506692,0.0,0.0,False,False,True,181,93,False,1.24,1,1,
199,0,1,0.5676808068401179,0.17455741781994336,1.0,0.4159059171163051,0.18574254704944504,0.0,0.0,False,False,False,-1,0,False,0.0,3,3,
200,0,3,0.03573732333543851,0.40390809737057753,0.9726176207393559,0.5357681284251374,0.25557313402663623,0.0,0.0,False,False,False,-1,0,False,0.0,3,3,
201,1,1,0.3681153826420492,0.380247631417888,0.9553081328934384,0.4605661743502801,0.04414596216798068,0.022553595181580736,0.0004824547779554261,False,False,False,-1,0,False,0.0,6,6,
202,226,0,1.0,1.0,0.9916394737366168,0.39218562295114595,0.4653310312930419,0.4335803814468144,0.14088208285148787,False,False,False,-1,0,False,0.0,1,1,
203,0,2,0.24772776749053915,0.027251689459961016,1.0,0.4392695121259323,0.010396417403149104,0.0,0.0,False,False,False,-1,0,False,0.0,5,5,
204,0,53,0.22524130329012526,0.47658274033059006,0.9204528715015402,0.6124096262858735,0.28391965969058874,0.0,0.0,False,False,True,319,15,False,1.15,1,1,
205,0,51,0.17776984234631832,0.36460487786094037,0.9530338806211169,0.441025342941115,0.24555403667375547,0.0,0.0,False,False,True,109,46,False,1.24,0,0,
206,1,1,0.335272436950359,0.41883591004894904,0.9700040296972207,0.38847003002371505,0.11889062243641159,0.039738151089175056,0.004730532804603847,False,False,False,-1,0,False,0.0,4,4,
207,1,0,0.6569156024508352,0.20287599073971033,0.9980137452751588,0.37831155367488956,0.050476158970191365,0.03798528448934054,0.003944071139521719,False,False,False,-1,0,False,0.0,5,5,
208,0,86,0.07175534835642826,0.28810868940215945,0.7493582631920708,0.5377587861475824,0.062023970063617345,0.0,0.0,False,False,True,230,95,False,1.09,0,0,
209,0,73,0.03875661246546475,0.24691353866831364,0.9468353688015981,0.4528806562466935,0.19051719427925584,0.0,0.0,False,False,True,238,79,False,1.12,0,0,
210,5,3,0.6835691177610801,0.7863819043408291,1.0,0.5584403110859038,0.08692507644150801,0.3059208024649574,0.8156401937511012,False,False,False,-1,0,False,0.0,5,5,
211,0,14,0.24772589322401853,0.8419639806885476,0.5195823896852717,0.7232329356982731,0.2167843849427215,0.0,0.0,False,False,True,36,13,False,1.21,0,0,
212,3,0,0.1694033536256183,0.4700212411953637,0.9510545599575461,0.45331734346243713,0.10614791393477187,0.2878588081235637,0.6208864037382507,False,False,False,-1,0,False,0.0,5,5,
213,0,13,0.3337410285568503,0.5607497045739234,0.9154323859193234,0.14811281705756804,0.30589435252537606,0.0,0.0,False,False,True,54,13,False,1.18,0,0,
214,0,1,0.5732287724144864,0.2590418501513019,0.9744527084985772,0.4869965067592849,0.2978910235509105,0.0,0.0,False,False,False,-1,0,False,0.0,4,4,
215,0,0,0.06972641662627403,0.13227254629691013,0.8888794047476951,0.47992240136345155,0.3402771171165652,0.0,0.0,False,False,False,-1,0,False,0.0,2,2,
216,1,1,0.12908527327244138,0.2434211091652839,0.988821320548031,0.4465114825040518,0.1558272060658787,0.04904991570443499,0.011051338448341731,False,False,False,-1,0,False,0.0,6,6,
217,0,35,0.2707889611061303,0.08948051152489407,0.7955561454561216,0.5289291104317825,0.3883649303312345,0.0,0.0,False,False,True,87,36,False,1.21,1,1,
218,0,0,0.12866892794335633,0.19789607681922822,1.0,0.4341671215998464,0.042025828442794615,0.0,0.0,False,False,False,-1,0,False,0.0,4,4,
219,2,26,0.7077627050127445,0.47154653474881625,0.9544340355212961,0.08791052184435084,0.15167654932695263,0.04202738633885845,0.0007429646910463065,False,False,True,118,23,False,1.24,1,1,
220,0,2,0.12440982755554122,0.29756239025554504,1.0,0.41554828958626533,0.05895429128247545,0.0,0.0,False,False,False,-1,0,False,0.0,2,2,
221,1,1,0.42033216664969697,0.1744870602907387,0.969155257362829,0.5195124020652214,0.04078707498491934,0.0478358691314833,0.009989534655931531,False,False,False,-1,0,False,0.0,2,2,
222,1,3,0.3404452053561194,0.28080848173649864,1.0,0.49396209131943514,0.4066051456677852,0.12398476619620823,0.46407788832877006,False,False,False,-1,0,False,0.0,7,7,
223,0,0,0.06562981516800069,0.18182941443290582,1.0,0.373466559486289,0.21999200863324758,0.0,0.0,False,False,False,-1,0,False,0.0,6,6,
224,0,4,0.3145830807528984,0.27431379991086136,0.9955658156995274,0.46260761857090416,0.22456999304875822,0.0,0.0,False,False,False,-1,0,False,0.0,4,4,
225,1,21,0.505179322333477,0.3545866750402479,1.0,0.5784275127242614,0.27184538376774914,0.017819707701779628,0.0001866732846693645,False,False,True,141,16,False,1.09,0,0,
226,6,0,0.6847111727418662,0.56751138987856,1.0,0.4118173357680021,0.14564076099198142,0.43660071990339866,0.5112084517516129,False,False,False,-1,0,False,0.0,3,3,
227,0,16,0.24899103410552495,0.17737149368699182,0.9768886584721793,0.33706219806790033,0.07966529986784664,0.0,0.0,False,False,True,70,18,False,1.18,0,0,
228,4,1,0.8822799053445195,0.5177448970352939,0.997863637456945,0.5462362062332743,0.36031542488781143,0.254146580957294,0.3354816554738484,False,False,False,-1,0,False,0.0,5,5,
229,0,31,0.13844323655698013,0.4500298489098994,0.9445682730269601,0.5570203129834196,0.14252738863163747,0.0,0.0,False,False,True,217,14,False,1.18,1,1,
230,0,31,0.2946747709108721,0.5030673671013177,0.9105832238676353,0.37527590578264003,0.2748590987663395,0.0,0.0,False,False,False,-1,10,True,0.0,3,3,
231,0,9,0.28851763057916197,0.2824409028712211,1.0,0.42656694503080766,0.06452675576220067,0.0,0.0,False,False,False,-1,0,False,0.0,3,3,
232,4,1,0.771337438667431,0.3494398807976854,0.9683674781500137,0.4049023734621843,0.030203386108935158,0.27464669167736205,0.9726494135975227,False,False,False,-1,0,False,0.0,3,3,
233,0,25,0.38047613526800855,0.20800282310916543,0.89854676282782,0.7402279975715161,0.20010618195531177,0.0,0.0,False,False,True,61,17,False,1.21,1,1,
234,6,0,0.5797914156641555,0.8780715463961525,0.9781994359002759,0.43357766927703806,0.3049577818142237,0.36416107553726107,0.4218161792088353,False,False,False,-1,0,False,0.0,4,4,
235,4,0,0.5597888096906486,0.6734951737670241,1.0,0.5037076947991945,0.17128397192166694,0.17805465700972364,0.06685155852724842,False,False,False,-1,0,False,0.0,3,3,
236,0,1,0.02417784526506894,0.6406632386073208,1.0,0.44892216444559774,0.4071750976928576,0.0,0.0,False,False,False,-1,0,False,0.0,4,4,
237,0,65,0.14987594773364754,0.449367704787716,0.9250757477720496,0.7170788927991779,0.05699662834270445,0.0,0.0,False,False,True,198,35,False,1.12,0,0,
238,0,58,0.07497615505004737,0.39911315068412684,0.8175241379116208,0.5914578314892965,0.3443269970853691,0.0,0.0,False,False,True,196,63,False,1.12,0,0,
239,0,2,0.5908771815396757,0.3284016296028195,0.9733629173290389,0.4574556130760047,0.16735803570620017,0.0,0.0,False,False,False,-1,0,False,0.0,6,6,
240,160,0,1.0,1.0,0.9889695816858912,0.489717195635029,0.24880173713589515,2.0,30.649451806429397,True,False,False,-1,0,False,0.0,4,4,
241,3,31,0.40285216730288653,0.3400706080112953,0.9522868000144794,0.41800717452864455,0.16192571561148783,0.06001377971993381,0.0009321100577845077,False,False,False,-1,0,False,0.0,4,4,
242,0,32,0.028051093432804066,0.4986750473834387,0.3914751089386597,0.7198901224541109,0.20258682548812376,0.0,0.0,False,False,True,71,38,False,1.3599999999999999,1,1,
243,1,22,0.4963789350465064,0.311076679066001,0.8104322528394171,0.4796084097051377,0.5291586760159334,0.01808969871633324,0.0001983370923991752,False,False,True,76,25,False,1.21,0,0,
244,0,1,0.44161338083583324,0.21656828796491795,1.0,0.4438867425992639,0.27291770577349495,0.0,0.0,False,False,False,-1,0,False,0.0,4,4,
245,0,90,0.14717086733912685,0.2460718587201322,0.9290908130457212,0.47832263443495937,0.22091463196588026,0.0,0.0,False,False,True,438,71,False,1.03,0,0,
246,0,2,0.046000582383113456,0.4415007384707307,1.0,0.43432445359764815,0.239061325901381,0.0,0.0,False,False,False,-1,0,False,0.0,4,4,
247,2,0,0.5144451578421657,0.4116879676805171,1.0,0.44125273028373396,0.20612608849165356,0.051873498396493814,0.001991224548682298,False,False,False,-1,0,False,0.0,4,4,
248,2,0,0.4160081188440676,0.07892068749238042,0.9596868361799825,0.47433362354639125,0.43238626590147144,0.11857271800856245,0.06121004693430667,False,False,False,-1,0,False,0.0,4,4,
249,51,19,1.0,1.0,0.9876667206442447,0.5359844454236017,0.22460446351718905,2.0,31.436747455096384,True,False,False,-1,0,False,0.0,6,6,
250,240,0,1.0,1.0,0.9880246209995184,0.4980665317141452,0.5706602954689067,0.42925541714188237,0.16263960008766662,False,False,False,-1,0,False,0.0,1,1,
251,4,65,0.6097362483878104,0.567926550634779,0.9868134712747222,0.3830351482606151,0.23466596843308882,0.1913568248766217,0.055072731128522456,False,False,True,379,19,False,1.18,1,1,
252,365,0,1.0,1.0,1.0,0.5014947937474281,0.6852825316238604,0.6773535897137376,0.676935169585548,True,False,False,-1,0,False,0.0,2,2,
253,0,31,0.23022197049661222,0.6106597245726723,0.8177962042807527,0.507746623115465,0.3822117709560523,0.0,0.0,False,False,True,114,21,False,1.24,1,1,
254,0,50,0.23684579944430653,0.13051570166105878,0.7758980180528825,0.5438667083900467,0.42422086571988504,0.0,0.0,False,False,True,78,42,False,1.21,1,1,
255,1,0,0.33275528272523014,0.6824049256823553,0.9790951119929874,0.38147667963907167,0.004334985646669528,0.055043673258924994,0.017587946605721515,False,False,False,-1,0,False,0.0,5,5,
256,4,0,0.6933684295112275,0.1205015803202848,0.9332464191602629,0.4378157683723041,0.12103343622028705,0.1853357854137837,0.13432180537898797,False,False,False,-1,0,False,0.0,6,6,
257,1,0,0.5090748003755964,0.26348709310370105,0.9968514786749662,0.442615334607006,0.16608697188534344,0.022105895054524767,0.00044500092582595494,False,False,False,-1,0,False,0.0,4,4,
258,1,8,0.15175431891915958,0.4236133208518875,0.9770777825629234,0.45745139056023987,0.2273235194378081,0.01652900789758374,0.00013787112034612252,False,False,False,-1,0,False,0.0,2,2,
259,0,3,0.3622594525600516,0.4950989974844976,0.9853866410187898,0.5671614399686179,0.4176354201618996,0.0,0.0,False,False,False,-1,0,False,0.0,4,4,
260,336,0,1.0,1.0,0.9928171020200244,0.43549529210398535,0.6255371698378958,0.521934056225337,0.4224105282106596,True,False,False,-1,0,False,0.0,2,2,
261,0,4,0.1320179303159713,0.21724236825538001,0.9997790715032934,0.47085817473530805,0.15160131431650772,0.0,0.0,False,False,False,-1,0,False,0.0,5,5,
262,0,1,0.12233180289900336,0.3650623483052143,1.0,0.40530506950842327,0.37953327988223395,0.0,0.0,False,False,False,-1,0,False,0.0,5,5,
263,0,0,0.08390196732696209,0.44148448502334525,0.9701883989554558,0.5117737703931765,0.483406506742373,0.0,0.0,False,False,False,-1,0,False,0.0,1,1,
264,1,1,0.5737022880260888,0.10269320809622025,1.0,0.43514914385583553,0.37478765721440777,0.10993152819655191,0.2857700382415124,False,False,False,-1,0,False,0.0,2,2,
265,0,19,0.2084911036936229,0.39152124908077834,0.9239491214704272,0.4702115255418588,0.2140917481333627,0.0,0.0,False,False,True,104,12,False,1.21,0,0,
266,0,2,0.3275744876315044,0.34987967341350795,0.9392157667395745,0.4704935529122665,0.12261080437165853,0.0,0.0,False,False,False,-1,0,False,0.0,3,3,
267,199,0,1.0,1.0,1.0,0.4037042016558567,0.6053077956815168,0.38636740431589345,0.11708887601426898,False,False,False,-1,0,False,0.0,0,0,
268,0,0,0.358642435645466,0.14619005342654193,0.9863608591965703,0.5233666083263693,0.11094493676345124,0.0,0.0,False,False,False,-1,0,False,0.0,3,3,
269,152,0,1.0,1.0,1.0,0.5007880301344797,0.2552097622709858,0.3374610553786671,0.05250340447151078,False,False,False,-1,0,False,0.0,2,2,
270,0,14,0.1744703243203442,0.32148027517955047,0.5479402006738616,0.5642143745213336,0.31436798634177815,0.0,0.0,False,False,True,71,12,False,1.21,1,1,
271,0,1,0.2850557879040632,0.45956047932763616,0.9977724136406599,0.459836599039489,0.23852032328505418,0.0,0.0,False,False,False,-1,0,False,0.0,5,5,
272,1,0,0.26747056405787845,0.5292102224909144,0.9986566760317459,0.5577580965737665,0.0246727981762158,0.025951921571169774,0.0008494278428992539,False,False,False,-1,0,False,0.0,5,5,
273,0,32,0.12238886918888782,0.42209274153837195,0.8437561171643329,0.5607352942682421,0.546697792545996,0.0,0.0,False,False,True,106,41,False,1.15,1,1,
274,0,13,0.8472795951358502,0.17428064039024435,0.9845118296654164,0.6248336393574614,0.32001017501804757,0.0,0.0,False,False,True,64,14,False,1.18,1,1,
275,0,42,0.193084995229018,0.5459631690006187,0.6108211083745403,0.48715540803493484,0.3428999471978106,0.0,0.0,False,False,True,72,43,False,1.12,0,0,
276,1,28,0.3451836053037889,0.40903223449829806,0.9011662581354287,0.6040547080734022,0.28391757644131493,0.023832076964246083,0.0006025176577683151,False,False,True,112,32,False,1.12,0,0,
277,0,1,0.46017374781398823,0.09465233815104732,0.9723764009931586,0.4121380049369895,0.403158490005746,0.0,0.0,False,False,False,-1,0,False,0.0,4,4,
278,1,19,0.6053231052777439,0.5680085283541099,0.9958233408440746,0.1354349327872107,0.4214680289916455,0.01790925397163782,0.00019048294354016786,False,False,True,121,14,False,1.15,1,1,
279,4,1,0.696886596451131,0.844065472612754,1.0,0.46521538704259285,0.181215905400907,0.14028126067062427,0.04032960876429447,False,False,False,-1,0,False,0.0,4,4,
280,1,0,0.159979680388905,0.4259741874619134,0.9837882816857247,0.4630057991782866,0.0821731956450864,0.09944521251920549,0.19078235561879187,False,False,False,-1,0,False,0.0,4,4,
281,261,0,1.0,1.0,0.8747076906549434,0.4791747619278901,0.4994447396155168,0.4914650110471074,0.2995706850088363,False,False,False,-1,0,False,0.0,1,1,
282,0,10,0.06835303908566019,0.6526587338348513,1.0,0.42375036888378204,0.11283421163784646,0.0,0.0,False,False,False,-1,0,False,0.0,2,2,
283,0,96,0.2015681315128501,0.27596397830345726,0.87220583093884,0.6355527806490369,0.022794852355697927,0.0,0.0,False,False,True,132,68,False,1.12,0,0,
284,2,0,0.5777459048371991,0.17303178953380752,1.0,0.49244144172488014,0.06974919953722342,0.25554135564912206,1.143569859893707,False,False,False,-1,0,False,0.0,4,4,
285,0,31,0.1933265724930965,0.2793511488814983,1.0,1.0,0.46987038108212914,0.0,0.0,False,False,True,134,19,False,1.12,0,0,
286,0,0,0.2742489260670146,0.3740999997545135,1.0,0.49210288276146413,0.07979318834126443,0.0,0.0,False,False,False,-1,0,False,0.0,1,1,
287,1,1,0.407838150556018,0.293813152313222,1.0,0.48801078929275,0.49857671250812763,0.021995365579252142,0.00043610090730943584,False,False,False,-1,0,False,0.0,4,4,
288,1,0,0.25232760532710213,0.480376864958736,0.9878633802013702,0.4372930041270021,0.2470109000723191,0.04880466612591281,0.010830311679374895,False,False,False,-1,0,False,0.0,4,4,
289,4,0,0.7744770474709448,0.5551838012403069,0.9879292632892545,0.4768109566044687,0.1762449284937946,0.12405438307639931,0.013971826386359913,False,False,False,-1,0,False,0.0,0,0,
290,0,42,0.3658871647072168,0.3246430248706772,0.890994546959273,0.5823549916794143,0.17673744834260116,0.0,0.0,False,False,True,138,37,False,1.18,1,1,
291,345,22,1.0,1.0,1.0,0.40253265877197675,0.6580813058377111,2.0,28.066770320332925,True,False,False,-1,0,False,0.0,2,2,
292,0,38,0.4003253719681637,0.40124472217188767,0.8260642719702851,0.49912539692199337,0.2161837916899082,0.0,0.0,False,False,True,125,37,False,1.21,1,1,
293,0,32,0.07209725728897848,0.1355629743181124,1.0,0.47408335851667677,0.19060492554470745,0.0,0.0,False,False,False,-1,0,False,1.09,3,3,
294,0,21,0.5182576955204964,0.6000780970393518,0.8396222172226501,0.30101697118994286,0.23092184620192965,0.0,0.0,False,False,True,64,24,False,1.18,1,1,
295,1,0,0.39770371848552916,0.5820071341845329,0.98596528031389,0.4505515986107195,0.29157984159237127,0.023358998335362365,0.0005557431033632705,False,False,False,-1,0,False,0.0,6,6,
296,1,30,0.547005414870471,0.5457534106389399,0.9984718289187373,0.45607185186041427,0.03647224372475742,0.034361886445270315,0.002633093333913899,False,False,True,223,12,False,1.12,0,0,
297,231,0,1.0,1.0,1.0,0.5022756737134882,0.5033352005137282,0.4062278299219502,0.1261234397574997,False,False,False,-1,0,False,0.0,0,0,
298,2,1,0.4083823702518713,0.3120504583245396,1.0,0.45901471773472197,0.2702039622704422,0.1258829331683009,0.14606744044229375,False,False,False,-1,0,False,0.0,7,7,
299,0,1,0.45118185942593364,0.36642929569235555,1.0,0.4879367759183866,0.12243202466731051,0.0,0.0,False,False,False,-1,0,False,0.0,5,5,
300,0,2,0.1546392464090918,0.6398218648971657,1.0,0.5087310662535897,0.06047444168597418,0.0,0.0,False,False,False,-1,0,False,0.0,4,4,
301,2,0,0.5908971360748463,0.31310543640626054,1.0,0.46568695765161777,0.15973949332458562,0.13251344377785879,0.1512591066521756,False,False,False,-1,0,False,0.0,4,4,
302,0,2,0.2595537723003103,0.2474519647554248,1.0,0.4370428341414308,0.4493773421223787,0.0,0.0,False,False,False,-1,0,False,0.0,4,4,
303,1,1,0.45532474888484614,0.26642015567510646,1.0,0.5047959148939609,0.3547437521507835,0.03612818888643613,0.0032225932765331767,False,False,False,-1,0,False,0.0,5,5,
304,0,27,0.22183930690937537,0.12615965383131134,0.9993992276775725,0.6743076231627658,0.3402627581848791,0.0,0.0,False,False,True,262,13,False,1.12,0,0,
305,0,36,0.14443436290053024,0.46339892501970764,0.9909587987279235,0.4411829268426333,0.012578926575035832,0.0,0.0,False,False,True,174,12,False,1.18,1,1,
306,1,0,0.16306575730694572,0.4915901574954953,0.9941103492175524,0.531512987128335,0.03325358348098727,0.08773257954878862,0.11513042268007563,False,False,False,-1,0,False,0.0,2,2,
307,2,1,0.8943187056405649,0.3644880450191863,0.9490559533038558,0.5028577332745058,0.3104628268405214,0.1220331774223289,0.18019018800925396,False,False,False,-1,0,False,0.0,4,4,
308,0,33,0.2826401194967075,0.5047855457534363,0.9540869189651648,0.5824284082071163,0.06770549921911705,0.0,0.0,False,False,True,131,25,False,1.06,0,0,
309,0,1,0.21772302186284914,0.18246127572482104,1.0,0.39938201566785003,0.34046659359355697,0.0,0.0,False,False,False,-1,0,False,0.0,6,6,
310,0,45,0.19685672455853984,0.36526027920455795,0.9412856403257541,0.42051481597605733,0.17902822805467658,0.0,0.0,False,False,True,204,24,False,1.12,0,0,
311,191,1,1.0,1.0,1.0,0.4243683367447643,0.6525300137139944,0.521934056225337,0.2104559924074478,True,False,False,-1,0,False,0.0,1,1,
312,0,0,0.2732277665021197,0.14625902264741364,0.9967494092057819,0.4621199138270591,0.3839947069558125,0.0,0.0,False,False,False,-1,0,False,0.0,4,4,
313,0,23,0.08842328226381795,0.8167143197044419,0.7780661560942055,0.4343286040533117,0.4120395779366908,0.0,0.0,False,False,True,63,26,False,1.18,0,0,
314,0,1,0.21246080035538603,0.3226352136457888,1.0,0.42893585872067896,0.17683613233953624,0.0,0.0,False,False,False,-1,0,False,0.0,3,3,
315,0,0,0.5403569530514416,0.47697104078972,0.9815817302618846,0.45350754632144813,0.19921715882693322,0.0,0.0,False,False,False,-1,0,False,0.0,5,5,
316,0,0,0.2594663654584322,0.608981035701406,1.0,0.3718142655269733,0.10651294590444872,0.0,0.0,False,False,False,-1,0,False,0.0,2,2,
317,3,1,0.7528744024833214,0.17051598659621167,1.0,0.4963382971080716,0.2933299185826517,0.30240064972142067,1.2658069552248021,False,False,False,-1,0,False,0.0,6,6,
318,0,33,0.13014939761944727,0.2614747676471528,0.909844947556648,0.6181816930985139,0.4531637510831144,0.0,0.0,False,False,True,113,37,False,1.18,1,1,
319,1,0,0.70842506462317,0.6052019231273966,0.9197991737018868,0.629196583784972,0.05411983558265437,0.05758371521687978,0.021095045053897248,False,False,False,-1,0,False,0.0,4,4,
320,337,0,1.0,1.0,1.0,0.46951517496890144,0.5423899754072314,0.521934056225337,0.34957757438674325,True,False,False,-1,0,False,0.0,0,0,
321,6,40,0.6944667023200928,0.42744639628595027,0.9720369006277942,0.48138371094076965,0.42442440197906983,0.32153719720282137,0.3487812411517487,False,False,False,-1,2,False,0.0,5,5,
322,1,0,0.39608786715600847,0.13927569722326685,1.0,0.5915754524707411,0.5028436881775676,0.035588971151282456,0.0030330790111268136,False,False,False,-1,0,False,0.0,4,4,
323,2,0,0.5919752088603102,0.6017991190568736,0.9552766360253552,0.5029464543565771,0.23725223737850124,0.08269242041728639,0.029460594251756043,False,False,False,-1,0,False,0.0,3,3,
324,0,1,0.18863416364023267,0.33958633345327666,0.9968110177391698,0.41842431124585144,0.03131546378452602,0.0,0.0,False,False,False,-1,0,False,0.0,3,3,
325,0,1,0.3279963529745489,0.18443752254591905,1.0,0.41113542957475313,0.012258787336352793,0.0,0.0,False,False,False,-1,0,False,0.0,2,2,
326,0,1,0.033195181290107054,0.3546618851843702,0.9204586242305223,0.4684370252209335,0.009153608812678233,0.0,0.0,False,False,False,-1,0,False,0.0,4,4,
327,0,2,0.41021635562683323,0.5070639471033241,0.9733897437049576,0.5178475453357998,0.24292539878554428,0.0,0.0,False,False,False,-1,0,False,0.0,3,3,
328,0,0,0.19079230930663826,0.29144662666800947,1.0,0.5296433476010018,0.2304149843407355,0.0,0.0,False,False,False,-1,0,False,0.0,6,6,
329,0,92,0.24845436683146063,0.2576880124437,0.9587196008610372,0.9572770638338648,0.4000380713604874,0.0,0.0,False,False,True,167,77,False,1.18,1,1,
330,0,1,0.2704980782338116,0.5204474847825424,0.9072568890123384,0.4465589625960758,0.050924020065223154,0.0,0.0,False,False,False,-1,0,False,0.0,3,3,
331,1,28,0.45082715003399865,0.270963999398556,1.0,0.41571521347369467,0.06192168790791421,0.017033672881509084,0.00015563843334256703,False,False,False,-1,0,False,0.0,3,3,
332,1,0,0.33853477042299673,0.7509730727145961,0.9449211274042302,0.5626509862360884,0.38948567217316327,0.025693051153497355,0.0008157905003204434,False,False,False,-1,0,False,0.0,1,1,
333,2,0,0.6648178106444973,0.5068667314063755,0.9873678354288767,0.3652498951739478,0.01597761382501548,0.1319263161227954,0.20846110939205442,False,False,False,-1,0,False,0.0,3,3,
334,7,10,0.6103594461358741,0.7075327575658747,0.8926278564359368,0.44716422820697,0.2564523883038461,0.2555212343699063,0.032135050087893864,False,False,False,-1,0,False,0.0,4,4,
335,0,127,0.04578032342163341,0.4339678967816097,0.448157372347207,0.1939369245141278,0.2992602057659128,0.0,0.0,False,False,True,131,99,False,1.21,1,1,
336,0,0,0.4876950642777826,0.31323052104082993,0.9540882313094571,0.5011342459821705,0.14038749787629146,0.0,0.0,False,False,False,-1,0,False,0.0,3,3,
337,2,34,0.36999840211216556,0.17133182567067265,0.9991125065734459,0.45665100652494583,0.20677709818406395,0.039998970745497436,0.0005952639649568026,False,False,False,-1,0,False,0.0,2,2,
338,1,20,0.18471705481971534,0.30119294315545664,0.9379313916246678,0.37889483305305205,0.3288039386285785,0.02518303125763301,0.0007524591827260468,False,False,True,135,13,False,1.18,1,1,
339,0,3,0.18081764167208098,0.30052366754688564,0.9827771750417968,0.45550615306496467,0.3249556944674636,0.0,0.0,False,False,False,-1,0,False,0.0,4,4,
340,1,27,0.6038696535659008,0.3150893023269593,1.0,0.5388242312206045,0.33155666495768393,0.06726423051914648,0.03946136563891709,False,False,False,-1,0,False,0.0,5,5,
341,0,0,0.2872748645116314,0.2807515488550825,0.972114172641493,0.3885098796335466,0.09984228381556551,0.0,0.0,False,False,False,-1,0,False,0.0,4,4,
342,0,33,0.43682693945789935,0.8339205408438974,1.0,0.4705274770084566,0.4209492943705889,0.0,0.0,False,False,False,-1,0,False,1.18,3,3,
343,1,0,0.3451245289542123,0.1468209173925708,0.9699515164582017,0.4661313564652903,0.39489511982473774,0.022895310553505625,0.0005125997436818695,False,False,False,-1,0,False,0.0,2,2,
344,0,0,0.19752558297001893,0.187853408580345,1.0,0.4625407202354501,0.20171153416397325,0.0,0.0,False,False,False,-1,0,False,0.0,6,6,
345,0,1,0.12235491307668797,0.33668168314842084,1.0,0.49484890572313,0.2928963456604392,0.0,0.0,False,False,False,-1,0,False,0.0,1,1,
346,1,2,0.6820938831584761,0.6310679161723997,1.0,0.43199646203826897,0.34449765685568884,0.05449461261816722,0.016891463920134943,False,False,False,-1,0,False,0.0,2,2,
347,0,0,0.20770377346710675,0.17553352270019507,0.9897342435060678,0.4990373817573835,0.10750108336123453,0.0,0.0,False,False,False,-1,0,False,0.0,1,1,
348,0,30,0.5778613378747856,0.3730341757525552,0.9620272923329964,0.47066256655979205,0.2611259129114325,0.0,0.0,False,False,False,-1,7,True,0.0,5,5,
349,0,90,0.19424537171469472,0.3173949486397378,0.8195403557880241,0.4509670561726156,0.045876618841893986,0.0,0.0,False,False,False,-1,28,True,1.15,5,5,
