agent_id,punish_issued,punished_received,final_r,final_b,final_x,y,L,cap,service,is_enforcer,cadre_fallback,exited,exit_time,exit_intent,disengaged,exit_cost_eff_last,degree,degree_at_end,betweenness
0,0,202,0.13420425753504733,0.13915142877184342,0.8944517269865548,0.686485859445075,0.17376518441024344,0.0,0.0,False,False,True,198,107,False,2.2,2,2,
1,4,20,0.4855163398477472,0.5201980588086172,0.983334725518997,0.5534767658998843,0.39857748071031857,0.16942911492619797,0.23946400710633836,False,False,False,-1,0,False,0.0,16,16,
2,0,70,0.40245208678287353,0.49691564584495324,1.0,0.43973633524146455,0.21023107689701664,0.0,0.0,False,False,True,240,45,False,1.3900000000000001,1,1,
3,0,52,0.2049445264889669,0.23935074652043226,0.83804985273216,0.3981359150959427,0.29544496537071885,0.0,0.0,False,False,True,72,35,False,2.29,2,2,
4,1,126,0.26345403920466753,0.31676615745166403,0.9828234857223986,0.46222697495473825,0.12485171499156254,0.02480717136823393,0.0007082085631082935,False,False,True,328,113,False,1.51,2,2,
5,0,74,0.2708493274570815,0.2150718029669583,0.9796084980930354,0.16733015546507093,0.2119910802564867,0.0,0.0,False,False,True,100,54,False,2.3499999999999996,4,4,
6,2,29,0.665331626788308,0.5418545685298649,1.0,0.5193829290622304,0.11681877316935246,0.06863559232065167,0.009303235740707239,False,False,False,-1,0,False,0.0,14,14,
7,0,110,0.328294685413298,0.22234391605516438,0.8425284344926868,0.24741270742312144,0.30426476128855434,0.0,0.0,False,False,True,229,130,False,1.93,2,2,
8,371,722,1.0,1.0,0.7542583102526169,0.5047190983258227,0.5660027236171714,1.095972570980084,4.771650013167172,True,False,False,-1,126,True,2.59,53,53,
9,0,35,0.07489144267848591,0.3780155248151774,0.529693942642185,0.6776003334936722,0.15980220609339293,0.0,0.0,False,False,True,60,20,False,3.28,7,7,
10,0,49,0.28684902744963275,0.4128306098053427,0.9697381164948243,0.5723193688888595,0.1304064605109424,0.0,0.0,False,False,True,86,35,False,1.93,2,2,
11,0,91,0.2722678748184256,0.6303607502429794,0.9646029235276943,0.209801215346816,0.24776272875374727,0.0,0.0,False,False,True,116,69,False,2.6799999999999997,5,5,
12,0,150,0.32281192402769127,0.037376872036321486,0.46892694213042785,0.463587020094767,0.3395915917127709,0.0,0.0,False,False,True,153,109,False,2.17,4,4,
13,1,30,0.30053996167335695,0.25069002800522167,0.9959477453819393,0.3637080773327947,0.40958651747580854,0.01669554596862073,0.00014355593538746618,False,False,True,133,14,False,1.81,3,3,
14,0,9,0.10038073454022735,0.6276109937953134,0.9780632582042517,0.5627456095971819,0.14857027421248967,0.0,0.0,False,False,False,-1,0,False,0.0,19,19,
15,0,83,0.3875072846955809,0.11481379998000132,0.9806404405402233,0.8522468573077859,0.26096676198856167,0.0,0.0,False,False,True,131,56,False,2.05,3,3,
16,0,46,0.26057722601416017,0.12909855065271247,1.0,0.5042799249281573,0.22786422937934975,0.0,0.0,False,False,False,-1,0,False,0.0,24,24,
17,1,69,0.6471714189045993,0.4440376443016757,0.3768908524009953,0.5095018227328415,0.23076778445461674,0.021667081998561107,0.0004104546851523825,False,False,True,125,67,False,1.93,3,3,
18,0,82,0.0645245323791649,0.3400071642616416,0.8520418985716315,0.44602270375959485,0.2723501986579789,0.0,0.0,False,False,True,134,68,False,1.45,1,1,
19,2,5,0.5016363777846056,0.24854291591433594,0.9330059115162793,0.5230131252697068,0.09213832061237535,0.15665983715655132,0.23951707367625474,False,False,False,-1,0,False,0.0,11,11,
20,0,75,0.21158857225635794,0.06426622878259469,0.9901091133199272,0.5171863426964014,0.2839437052893905,0.0,0.0,False,False,False,-1,6,True,1.48,15,15,
21,2,44,0.5267541704611376,0.4530918541184167,1.0,0.5559263664081492,0.14246414598483953,0.19275470620054672,0.8134614664129195,False,False,False,-1,0,False,0.0,31,31,
22,0,24,0.45645039664264253,0.27008689945345793,1.0,0.5360480818374227,0.053799116934261516,0.0,0.0,False,False,False,-1,0,False,0.0,14,14,
23,1,55,0.7133548398908781,0.6867112946485656,1.0,0.5547300016452889,0.12669458929186306,0.07624426106378758,0.06539133720934334,False,False,False,-1,0,False,0.0,24,24,
24,0,126,0.3299426982985969,0.03257172250450318,0.7693818783181048,0.38772748082126507,0.16200583223315654,0.0,0.0,False,False,True,135,103,False,1.81,2,2,
25,0,28,0.21794990631056482,0.0068056348615071535,0.7487648473978434,0.37096852866255786,0.27170033580892317,0.0,0.0,False,False,True,68,21,False,2.71,6,6,
26,0,55,0.2782422711957787,0.21305238553020528,0.7433197349792892,0.7550134595111516,0.2821469886828753,0.0,0.0,False,False,True,98,58,False,1.75,3,3,
27,0,40,0.2448009974089069,0.42728728188517145,0.961266844239927,0.5808680805927804,0.34321555737879283,0.0,0.0,False,False,True,128,31,False,1.78,2,2,
28,0,115,0.21084862276913657,0.41394495248927615,0.8522127864906426,0.1845313222082515,0.16767121468027968,0.0,0.0,False,False,True,217,102,False,1.54,2,2,
29,0,5,0.3507587455303054,0.47397140790150416,1.0,0.5416810424396933,0.01991300285685892,0.0,0.0,False,False,False,-1,0,False,0.0,6,6,
30,1,39,0.5217331246509103,0.3389164306653544,0.9815525019113015,0.4563229777987264,0.10344023176910629,0.020097712906707477,0.0003031491484895969,False,False,False,-1,0,False,0.0,18,18,
31,0,4,0.11863077962896576,0.251847214757975,0.9747738648683498,0.5455261628877915,0.07343620139559584,0.0,0.0,False,False,False,-1,0,False,0.0,9,9,
32,0,3,0.3403211134702746,0.22843577764624415,1.0,0.5860844094552825,0.3577598246103648,0.0,0.0,False,False,False,-1,0,False,0.0,16,16,
33,0,30,0.4415521055661203,0.4062832647190702,0.9649065754611882,0.6141063731531118,0.3177156104876144,0.0,0.0,False,False,False,-1,0,False,0.0,16,16,
34,0,58,0.12333104890638562,0.42894409315132626,0.8500851406748611,0.5242732354192305,0.1642485297564033,0.0,0.0,False,False,True,216,27,False,1.3900000000000001,1,1,
35,0,49,0.1748054014433793,0.21915858303226252,1.0,0.6973085609638929,0.22114980709380655,0.0,0.0,False,False,True,164,40,False,1.51,2,2,
36,0,57,0.3666124240559963,0.5593094857586302,1.0,0.5804407749572084,0.3246537690302995,0.0,0.0,False,False,False,-1,0,False,0.0,12,12,
37,0,56,0.09730733876555696,0.637504182068021,0.9255816642226463,0.5209501876150678,0.3071223435995568,0.0,0.0,False,False,True,195,35,False,1.48,1,1,
38,0,94,0.20120804436430825,0.2934069444733914,0.5580671287473488,0.538761514604477,0.273693196808402,0.0,0.0,False,False,True,121,71,False,1.24,1,1,
39,4,8,0.5481078654462178,0.7041583620945528,0.9885101546898735,0.5303332610814759,0.10206361721519866,0.3470893120438603,1.08458950802639,False,False,False,-1,0,False,0.0,13,13,
40,471,142,1.0,1.0,0.9841406272993896,0.5609497958661871,0.5287276213871528,2.0,40.445287436898234,True,False,False,-1,0,False,0.0,17,17,
41,0,72,0.5277823884370489,0.6656261580894485,1.0,0.48417119485568616,0.350856530564877,0.0,0.0,False,False,True,145,52,False,1.45,1,1,
42,474,1,1.0,1.0,0.9618180310740987,0.537146937917287,0.7491647756763937,1.99,73.40199377781454,True,False,False,-1,0,False,0.0,6,6,
43,1,3,0.2999926812771962,0.3518097955070836,1.0,0.6105144294104262,0.03382437686700942,0.12460780522231983,0.4735488656416021,False,False,False,-1,0,False,0.0,9,9,
44,1,41,0.20944323214576394,0.2649160640732059,0.9999349183526183,0.6245706546732696,0.02968090001982372,0.04370882406947791,0.00694407847815876,False,False,False,-1,0,False,0.0,7,7,
45,2,50,0.6716591386913681,0.14825707768175142,0.9827800592480666,0.5035281510990756,0.16688595849167556,0.17705561787760313,0.6731683130946229,False,False,False,-1,0,False,0.0,14,14,
46,0,45,0.22824274291773458,0.5955972299556533,0.9722732335432664,0.12152705074453585,0.09066644121021271,0.0,0.0,False,False,True,138,34,False,1.5699999999999998,2,2,
47,1,7,0.44101927529305895,0.23339919773044862,1.0,0.4649368034844437,0.07005293029773405,0.12031140869576447,0.4110998615034951,False,False,False,-1,0,False,0.0,9,9,
48,0,43,0.1415294206042219,0.43118703304882905,0.814122073785207,0.44868440470351667,0.3632499194823432,0.0,0.0,False,False,True,113,38,False,1.3,1,1,
49,0,49,0.11236516147519061,0.43954425718695506,0.9382159463624753,0.5130701423190634,0.12044156900289622,0.0,0.0,False,False,False,-1,0,False,0.0,12,12,
50,0,0,0.38680119940571656,0.16033889388507622,0.9674576449957072,0.5049969658981652,0.33614119908191936,0.0,0.0,False,False,False,-1,0,False,0.0,5,5,
51,0,40,0.22249989944831502,0.3462226272753561,1.0,0.5211094653096806,0.11528451246618987,0.0,0.0,False,False,True,196,23,False,1.54,2,2,
52,3,66,0.3706569957055338,0.8350531643489163,0.8661590464201636,0.5856222452191236,0.3108300692178608,0.1634485420755181,0.10650867601009158,False,False,True,441,17,False,1.12,0,0,
53,0,1,0.16795647787696677,0.15095750087478427,0.9983576717110799,0.5013156340989892,0.23407929990749848,0.0,0.0,False,False,False,-1,0,False,0.0,7,7,
54,0,21,0.26915586879078635,0.5513424452197383,0.975703508169403,0.5458547754455738,0.11787587467444327,0.0,0.0,False,False,True,102,16,False,1.45,0,0,
55,0,4,0.020669948142364628,0.29955384235189775,1.0,0.4553078609237202,0.09265642268311196,0.0,0.0,False,False,False,-1,0,False,0.0,13,13,
56,1,59,0.3084476397452625,0.11665328827531884,0.9599869594064028,0.31293415471950947,0.4015836545741204,0.04831783958130683,0.01040143133687165,False,False,True,432,12,False,1.24,1,1,
57,1,0,0.2457226913160749,0.16347998079926443,1.0,0.5302639767573645,0.35496477362409473,0.023594351996527728,0.0005786579585206898,False,False,False,-1,0,False,0.0,8,8,
58,0,36,0.4469474300595746,0.291475092146326,0.9904672603375398,0.47818484919564075,0.45731735744479585,0.0,0.0,False,False,False,-1,0,False,0.0,10,10,
59,0,55,0.3121994633367426,0.2139900845295934,0.8806384068305719,0.4471313583861484,0.03178872279131746,0.0,0.0,False,False,True,226,33,False,1.3,1,1,
60,1,1,0.42510971803889935,0.3731694058630852,1.0,0.5143146944786853,0.11177548483068434,0.14053720393197056,0.7690223892601038,False,False,False,-1,0,False,0.0,6,6,
61,0,0,0.11556076507023343,0.34493246698515506,1.0,0.5337700700397027,0.10687434728611646,0.0,0.0,False,False,False,-1,0,False,0.0,5,5,
62,0,88,0.15739049884508813,0.4175776184239045,0.7061165108921935,0.7219213350659284,0.35478691271046636,0.0,0.0,False,False,True,215,83,False,1.3599999999999999,1,1,
63,0,78,0.48624584842755747,0.6592122908310181,1.0,0.6257802779848455,0.094359962849305,0.0,0.0,False,False,True,216,65,False,1.42,1,1,
64,0,141,0.492202368095668,0.22220403079935117,0.915145332715975,0.3748938658805576,0.33433486737334006,0.0,0.0,False,False,True,146,88,False,1.3900000000000001,1,1,
65,513,156,1.0,1.0,0.9747394635904637,0.5341929048610202,0.3766398398884773,2.0,34.363694866609954,True,False,False,-1,0,False,0.0,3,3,
66,3,4,0.5561670110688093,0.39572124450332624,1.0,0.39197312033545906,0.24723461258469562,0.17840405297083384,0.09156226462589515,False,False,False,-1,0,False,0.0,14,14,
67,0,87,0.05693643877472187,0.14447164432140275,0.6633072474334584,0.5455266040762422,0.06273869629263307,0.0,0.0,False,False,True,286,68,False,1.15,1,1,
68,2,1,0.2892521141488988,0.6398730785430777,0.9901523815529856,0.5614174948889941,0.04268714653543581,0.16310709491977904,0.6051529920646289,False,False,False,-1,0,False,0.0,9,9,
69,0,41,0.1945342873182604,0.37254366615837226,1.0,0.42658617321642966,0.09396523709010952,0.0,0.0,False,False,True,107,35,False,1.3900000000000001,1,1,
70,0,52,0.12915594510998163,0.22471179715216916,1.0,0.27255463562253607,0.33450923072999034,0.0,0.0,False,False,True,234,18,False,1.54,2,2,
71,0,0,0.03238626585923625,0.13312154590311692,1.0,0.6458862986906654,0.30797683381646884,0.0,0.0,False,False,False,-1,0,False,0.0,3,3,
72,0,39,0.23321952248594827,0.2714413574336152,1.0,0.6733301808668822,0.10939964655688693,0.0,0.0,False,False,True,179,17,False,1.3599999999999999,0,0,
73,0,10,0.22014661783271736,0.04041522766525716,0.9605802782820267,0.5273015477833563,0.46674734644542165,0.0,0.0,False,False,False,-1,0,False,0.0,3,3,
74,0,25,0.11322359780268752,0.7580017742323634,0.9780180037113061,0.5166440985557061,0.1499160439446858,0.0,0.0,False,False,True,63,15,False,1.42,1,1,
75,0,101,0.4738571885652431,0.4631661752751294,1.0,0.5268794708131418,0.2596115384283084,0.0,0.0,False,False,True,415,76,False,1.24,1,1,
76,0,51,0.1369424646616131,0.38328610971781163,1.0,0.5801748963703954,0.12403191438817526,0.0,0.0,False,False,False,-1,3,False,0.0,15,15,
77,5,3,0.9022128770282979,0.740231328272986,1.0,0.5273004862400995,0.06412666713738113,0.3970209538930161,1.3218438414688896,False,False,False,-1,0,False,0.0,13,13,
78,0,31,0.35714285644197297,0.5521125933108649,0.6145964306168854,0.32876770293636026,0.07853559696615513,0.0,0.0,False,False,True,42,19,False,1.63,2,2,
79,2,8,0.5571619208837367,0.6394819775479422,1.0,0.4952436199752526,0.37804577021983915,0.22567048730102673,0.8710097969969007,False,False,False,-1,0,False,0.0,8,8,
80,0,63,0.22583918813674936,0.30637330868133134,0.9033994723907122,0.4662046904685158,0.29772145861232,0.0,0.0,False,False,True,307,33,False,1.15,1,1,
81,0,47,0.26303214890678117,0.32095915104601247,0.7578092599701264,0.22396604601492914,0.3236563937850502,0.0,0.0,False,False,True,226,35,False,1.24,1,1,
82,0,0,0.14388388851315803,0.0890694524828505,1.0,0.5463949176788652,0.2067765414224507,0.0,0.0,False,False,False,-1,0,False,0.0,3,3,
83,0,26,0.3870649776297938,0.3908921451474348,0.7044790114277611,0.2605528598933969,0.08923509615050212,0.0,0.0,False,False,True,72,15,False,1.45,1,1,
84,1,50,0.49944780560456625,0.6526001811577579,0.8701531899836925,0.5670579129563671,0.060521878781702426,0.021995365579252142,0.00043610090730943584,False,False,True,139,43,False,1.33,0,0,
85,0,32,0.1645012199664727,0.3430921604709795,0.9992030896914336,0.5432307582636924,0.19019004566875666,0.0,0.0,False,False,True,121,27,False,1.3900000000000001,1,1,
86,3,7,0.5838959578602272,0.1965497781313113,0.981883444033144,0.5919693930196662,0.3173549031668862,0.22928582353797688,0.8102382171412151,False,False,False,-1,0,False,0.0,7,7,
87,549,243,1.0,1.0,0.9900362961517253,0.5627200968813875,0.622800187116966,2.0,66.29191485339241,True,False,False,-1,0,False,0.0,9,9,
88,573,71,1.0,1.0,1.0,0.5134903642351785,0.5237542359667245,2.0,39.63871810927003,True,False,False,-1,0,False,0.0,3,3,
89,0,38,0.6165643569296199,0.25647414051237066,0.9545371358242917,0.6993391521009227,0.04686936241042663,0.0,0.0,False,False,True,197,17,False,1.33,1,1,
90,0,24,0.2238245338797337,0.5491703399937717,0.29770326388283475,0.4741264810442556,0.27891767660736927,0.0,0.0,False,False,True,70,26,False,1.33,1,1,
91,493,49,1.0,1.0,1.0,0.5901390754318404,0.5981554457428211,2.0,57.838367326745086,True,False,False,-1,0,False,0.0,12,12,
92,3,2,0.48155957455555387,0.3307139392843963,1.0,0.5518741660481542,0.04078775650303385,0.17296907169670733,0.21706641714900768,False,False,False,-1,0,False,0.0,13,13,
93,1,56,0.4485662482270195,0.7161250635443894,0.9629992236200354,0.48186476903514336,0.4142421790184862,0.06333753354637432,0.03096599355827203,False,False,False,-1,4,False,0.0,6,6,
94,0,1,0.21458724708442986,0.3579481157612243,0.9120298400689221,0.49027776777536997,0.10557336627908664,0.0,0.0,False,False,False,-1,0,False,0.0,6,6,
95,1,6,0.2608768532658644,0.22193890783613746,1.0,0.527670577610458,0.2663860189056727,0.03523397116404842,0.002912969082286192,False,False,False,-1,0,False,0.0,7,7,
96,0,1,0.07226065931435481,0.1365365113964879,1.0,0.5771098369869561,0.2472570170554894,0.0,0.0,False,False,False,-1,0,False,0.0,11,11,
97,0,8,0.26697031440148683,0.5443447474300973,0.9617460683677849,0.5516119424733064,0.25932394878913934,0.0,0.0,False,False,False,-1,0,False,0.0,10,10,
98,5,4,0.8175010169925045,0.5316971691757045,1.0,0.49191032648122557,0.3854648571386251,0.2376702427902312,0.38985501334620276,False,False,False,-1,0,False,0.0,22,22,
99,1,1,0.567368011913582,0.4405100580357101,0.9861260975359809,0.5228409478797117,0.42183230108115594,0.03817616531592014,0.00402456238726706,False,False,False,-1,0,False,0.0,5,5,
100,1,2,0.18990880629305487,0.40921043043699545,1.0,0.6290005827223357,0.3022131274959226,0.08097112825212256,0.08333113750668932,False,False,False,-1,0,False,0.0,4,4,
101,0,56,0.4901178650684355,0.5362225754760196,0.7358987265174869,0.5408727688956515,0.19663209869053608,0.0,0.0,False,False,True,195,34,False,1.48,0,0,
102,403,0,1.0,1.0,1.0,0.5674837400884399,0.6018222786985027,0.8834707129415926,2.178027604262466,True,False,False,-1,0,False,0.0,1,1,
103,2,26,0.39692840027039455,0.21550638817201195,1.0,0.46429655582357865,0.2195305536837338,0.09010522927494204,0.058051042414364325,False,False,False,-1,0,False,0.0,6,6,
104,0,129,0.4366237817687295,0.28546337296956215,0.7086690509272492,0.6584661686772435,0.08632507397662154,0.0,0.0,False,False,True,187,145,False,1.27,1,1,
105,1,0,0.14945928443096845,0.652096173431442,1.0,0.47233825414212927,0.2882926691703859,0.08219794282350625,0.08853787272595742,False,False,False,-1,0,False,0.0,8,8,
106,0,48,0.06470888902727727,0.3238427647058447,0.9658637165165112,0.5552358869989521,0.24309674664248518,0.0,0.0,False,False,True,284,18,False,1.21,0,0,
107,1,36,0.32723380449548234,0.17766259597676637,0.9192106535582073,0.5803940173841655,0.30385324950449494,0.035411026295526046,0.0029724174309042773,False,False,True,170,13,False,1.21,1,1,
108,0,68,0.2305963189904274,0.3751897691537312,1.0,0.40536813725122534,0.5123422455168273,0.0,0.0,False,False,False,-1,2,False,0.0,7,7,
109,3,1,0.4417985529226577,0.3781680127407331,0.9719328572880641,0.38813646301863863,0.3797349962308532,0.21255811173499545,0.3186015297845686,False,False,False,-1,0,False,0.0,10,10,
110,2,5,0.4627505511945907,0.2748778010388163,1.0,0.5473642013083655,0.33526664243909443,0.0806966859409577,0.010085056661249842,False,False,False,-1,0,False,0.0,8,8,
111,0,28,0.25939980436159543,0.34474919350971805,0.59552704503862,0.41084999430826474,0.12210834675098499,0.0,0.0,False,False,True,50,23,False,1.48,2,2,
112,4,0,0.46821939858695244,0.5526183202908681,1.0,0.551323163829959,0.3563593758601137,0.23905209581793316,0.20214596029138332,False,False,False,-1,0,False,0.0,6,6,
113,0,46,0.28952786783068457,0.5180570417770304,0.9890391839708594,0.526188641496791,0.6019997903979808,0.0,0.0,False,False,True,251,14,False,1.33,1,1,
114,0,10,0.37500227411832837,0.027753451694422147,1.0,0.49765255349157134,0.16515400857785897,0.0,0.0,False,False,False,-1,0,False,0.0,7,7,
115,0,10,0.28997548843404214,0.04829598292349857,1.0,0.5149514950409366,0.21823518535328162,0.0,0.0,False,False,False,-1,0,False,0.0,8,8,
116,0,62,0.19953606373853358,0.09100351346686464,0.8169372487958078,0.6929331170362045,0.13080871503679514,0.0,0.0,False,False,True,347,42,False,1.12,0,0,
117,1,9,0.5468296721866267,0.1430035955845233,1.0,0.5322175530168798,0.3655004187824035,0.08685744706778945,0.11057125794194463,False,False,False,-1,0,False,0.0,8,8,
118,0,1,0.2809480571887637,0.23475450421883778,1.0,0.5768667554412421,0.10897925705854117,0.0,0.0,False,False,False,-1,0,False,0.0,8,8,
119,336,83,1.0,1.0,0.9744138862705457,0.5498648511034143,0.7091414332242792,1.9602990012500001,17.074549722448783,True,False,False,-1,0,False,0.0,1,1,
120,312,0,1.0,1.0,1.0,0.49177551119967766,0.6359842231108234,0.6189148315514057,0.776975316184318,False,False,False,-1,0,False,0.0,3,3,
121,0,30,0.41495412451500224,0.06373723741230417,0.9025169124254431,0.33895120942642865,0.11503697552791511,0.0,0.0,False,False,True,115,22,False,1.33,0,0,
122,0,44,0.419795838553531,0.34089418752974215,0.9918996929462838,0.599127311237171,0.1205756099574555,0.0,0.0,False,False,False,-1,0,False,0.0,7,7,
123,1,0,0.5171691707882332,0.378786582829735,0.9898115057651597,0.5057717504172747,0.18712064927125227,0.07586303975846864,0.06408351046515648,False,False,False,-1,0,False,0.0,8,8,
124,0,42,0.20645325715850515,0.2661640718822488,0.6091058633691091,0.516839494168012,0.12264802422573563,0.0,0.0,False,False,True,68,27,False,1.3,1,1,
125,483,0,1.0,1.0,0.9507036823609575,0.505627296078638,0.5718163227787713,1.495438918606509,14.461567188525624,True,False,False,-1,0,False,0.0,0,0,
126,2,24,0.24477533197653742,0.6689353907491065,0.9847763218597881,0.5291296568934729,0.39328953509321185,0.23858481808371568,0.8092196183359938,False,False,False,-1,0,False,0.0,8,8,
127,1,0,0.4511874768341772,0.7851614007141587,1.0,0.5369968829431577,0.18837730509930048,0.04459403799278236,0.007528532292527055,False,False,False,-1,0,False,0.0,5,5,
128,0,1,0.2894900758099327,0.20180529978949568,0.9751673117706727,0.5394151071490221,0.2005494395853677,0.0,0.0,False,False,False,-1,0,False,0.0,6,6,
129,3,5,0.5045011807150971,0.42700455793883885,1.0,0.4776822255941492,0.1275123246467733,0.3226153423450338,0.9810271469727825,False,False,False,-1,0,False,0.0,5,5,
130,1,1,0.48403897789619793,0.1860484561297784,1.0,0.486301184677511,0.3673602476477053,0.09894798645660946,0.18696670850641603,False,False,False,-1,0,False,0.0,6,6,
131,0,2,0.2942671435675304,0.2873559441431404,1.0,0.6252162164519202,0.08631269248082699,0.0,0.0,False,False,False,-1,0,False,0.0,7,7,
132,0,0,0.3887858382616354,0.5633662952493701,1.0,0.5152821115241192,0.13373872511145318,0.0,0.0,False,False,False,-1,0,False,0.0,3,3,
133,1,54,0.690392768285991,0.1925139517711014,0.9627306498393805,0.7104886416130498,0.4611797879152829,0.023594351996527728,0.0005786579585206898,False,False,True,332,32,False,1.21,1,1,
134,0,0,0.2031970037669156,0.3781788446305045,0.9531419483403822,0.46654510622749096,0.2704396595113644,0.0,0.0,False,False,False,-1,0,False,0.0,2,2,
135,1,2,0.33888393773847375,0.5456093763276422,0.975560561608791,0.5372452978571096,0.14604535629877377,0.08137801834384177,0.0850317729660095,False,False,False,-1,0,False,0.0,5,5,
136,568,135,1.0,1.0,1.0,0.5256615094870414,0.5709013051920563,1.99,59.61154662653775,True,False,False,-1,0,False,0.0,3,3,
137,1,10,0.4175070024136979,0.5226511474555323,1.0,0.5310968951339974,0.049905870878242865,0.04979308370283527,0.011741853360782638,False,False,False,-1,0,False,0.0,8,8,
138,0,36,0.33770435435313945,0.33285545976113784,0.6477344217013631,0.3605904030911368,0.32331577553340113,0.0,0.0,False,False,True,121,23,False,1.18,1,1,
139,1,87,0.5867444512683424,0.6942121171773805,0.9484065425310417,0.4427983066091631,0.1194038638567495,0.027285926981411458,0.0010395987184238283,False,False,False,-1,0,False,1.18,6,6,
140,2,37,0.45009949877511635,0.4287668430070207,1.0,0.5214303209380262,0.07822078154774124,0.17821333531368608,0.2764522579163199,False,False,False,-1,0,False,0.0,6,6,
141,1,0,0.6687297559902495,0.2451426707209209,0.9797417017161321,0.5437291757930238,0.3633391969790591,0.03894932894581573,0.00436329283880209,False,False,False,-1,0,False,0.0,4,4,
142,0,58,0.19922166907842123,0.048018664817140344,0.7799035226130117,0.5279890994491788,0.11990675709289506,0.0,0.0,False,False,False,-1,6,True,0.0,4,4,
143,0,0,0.03159799278346896,0.2523680517179593,0.9849311685020665,0.4960845338314094,0.17587548956003882,0.0,0.0,False,False,False,-1,0,False,0.0,4,4,
144,286,84,1.0,1.0,1.0,0.49633800796063093,0.5214581885269636,2.0,18.827192538172685,True,False,False,-1,0,False,0.0,2,2,
145,0,47,0.3138983009010764,0.25467166543408415,0.8846193836210301,0.34510999278289506,0.12681773737921548,0.0,0.0,False,False,True,261,13,False,1.21,1,1,
146,1,0,0.47573008081711204,0.30159957055628905,0.9977624388090698,0.5774390601816158,0.06961252432979466,0.01882984251557431,0.0002331284824736358,False,False,False,-1,0,False,0.0,5,5,
147,0,0,0.44314349891833815,0.38684016118732933,1.0,0.5634741057269278,0.14190711426007235,0.0,0.0,False,False,False,-1,0,False,0.0,5,5,
148,0,18,0.03976946360848238,0.32422434828453395,0.9974252484420667,0.48579969233696957,0.15598918082864788,0.0,0.0,False,False,False,-1,0,False,0.0,6,6,
149,0,34,0.10050721709235176,0.3910395667676278,1.0,0.5569884330440628,0.45578441658408003,0.0,0.0,False,False,False,-1,0,False,0.0,4,4,
150,0,2,0.11932665404960086,0.3630498483643907,1.0,0.5418585288906275,0.08121246842080303,0.0,0.0,False,False,False,-1,0,False,0.0,6,6,
151,0,0,0.35646731118145303,0.111179606873058,0.9866967247005994,0.4397725017415404,0.021938042790622864,0.0,0.0,False,False,False,-1,0,False,0.0,5,5,
152,0,44,0.08760580305368641,0.27484470452944154,1.0,0.5662001973021887,0.26706914659446157,0.0,0.0,False,False,False,-1,0,False,0.0,7,7,
153,0,11,0.41609323669192055,0.4838634923195155,0.9841863812260905,0.5381812874818778,0.08537235093926507,0.0,0.0,False,False,False,-1,0,False,0.0,7,7,
154,346,0,1.0,1.0,1.0,0.5780120423478277,0.592494843995427,0.6876163496848274,1.091318414895457,False,False,False,-1,0,False,0.0,0,0,
155,290,0,1.0,1.0,1.0,0.563773661391793,0.565727575512873,0.653998876059134,0.7232680856621126,False,False,False,-1,0,False,0.0,0,0,
156,0,2,0.2067204382749691,0.35338355926090187,0.9759279826801847,0.6735918068317358,0.1760520943808331,0.0,0.0,False,False,False,-1,0,False,0.0,13,13,
157,0,5,0.5066363188674088,0.19225701492152322,0.9759313901174546,0.5708870321169134,0.1577980575201242,0.0,0.0,False,False,False,-1,0,False,0.0,8,8,
158,1,0,0.2841436918756463,0.24503790493921074,1.0,0.47684800621868156,0.1618539703723121,0.027560846424495803,0.0010824643048977804,False,False,False,-1,0,False,0.0,5,5,
159,0,2,0.05731666664715209,0.48345476179268226,0.9920010401915927,0.5525214766089729,0.22390349575235632,0.0,0.0,False,False,False,-1,0,False,0.0,7,7,
160,288,117,1.0,1.0,1.0,0.5169075341273895,0.27543458705917284,1.9407450187125315,37.245697187530574,True,False,False,-1,0,False,0.0,10,10,
161,0,15,0.46036414752650245,0.19815694591562194,0.9557585530122289,0.5841461114071387,0.10659868617351548,0.0,0.0,False,False,True,80,12,False,1.24,1,1,
162,1,55,0.3512809465418953,0.4375924900219771,0.9473926707448074,0.36718293297912963,0.0821676570397615,0.03612818888643613,0.0032225932765331767,False,False,True,236,33,False,1.21,1,1,
163,0,3,0.2960618921124972,0.4299777477492434,1.0,0.5238037159458399,0.37006885995312605,0.0,0.0,False,False,False,-1,0,False,0.0,7,7,
164,0,1,0.31258743405388717,0.49516363765208293,1.0,0.5052939222862698,0.21750617870035713,0.0,0.0,False,False,False,-1,0,False,0.0,6,6,
165,0,0,0.1408564808091726,0.5744638502714601,0.9981829630617376,0.5454486682835832,0.3847840105197609,0.0,0.0,False,False,False,-1,0,False,0.0,4,4,
166,616,123,1.0,1.0,0.9673367798731025,0.46281463182467764,0.5810670459484287,2.0,64.68549881840525,True,False,False,-1,0,False,0.0,4,4,
167,0,104,0.16008551094986107,0.2133505226788235,0.9218790900775504,0.5604048908967355,0.19576131892491552,0.0,0.0,False,False,True,431,79,False,1.12,0,0,
168,0,34,0.3198183561190976,0.39644044817605495,0.9940822228328455,0.5074668970202477,0.2815473126526318,0.0,0.0,False,False,False,-1,0,False,0.0,5,5,
169,0,84,0.3898650952692934,0.24730680747177558,0.801548341817113,0.6269340045756115,0.021903294396438074,0.0,0.0,False,False,True,291,72,False,1.18,1,1,
170,463,40,1.0,1.0,0.9964223719385746,0.6627369364390601,0.43591648112334563,2.0,59.740311110891696,True,False,False,-1,0,False,0.0,10,10,
171,4,0,0.7948813672639433,0.2997620662123388,1.0,0.5606188297973187,0.16803234750708376,0.29738029435301083,0.7372233193771406,False,False,False,-1,0,False,0.0,5,5,
172,1,0,0.30224813332775574,0.35961851452821747,0.9764445332288635,0.5996284310396571,0.23280073899006296,0.0797626240415686,0.07843059997219594,False,False,False,-1,0,False,0.0,5,5,
173,0,18,0.17334057152433746,0.2854590061529054,0.9251966389254727,0.8564456679942264,0.11830582756198715,0.0,0.0,False,False,True,47,15,False,1.3599999999999999,1,1,
174,2,59,0.22428170991747173,0.5786671612915185,0.9548296139932606,0.5084527001117318,0.5480595903325514,0.08671619954733399,0.04298099953698857,False,False,False,-1,6,True,0.0,7,7,
175,0,16,0.21000041322158283,0.10418870286073095,1.0,0.6096655115380974,0.2915748535962941,0.0,0.0,False,False,False,-1,0,False,0.0,5,5,
176,0,8,0.2560477656609334,0.0965411676947087,1.0,0.47226449283597505,0.13984951204103926,0.0,0.0,False,False,False,-1,0,False,0.0,6,6,
177,0,92,0.7536852094628175,0.25052190293316007,0.9267846289409565,0.49709242859687325,0.053279405565146494,0.0,0.0,False,False,True,255,70,False,1.18,1,1,
178,1,21,0.37418445686978874,0.43512400488451397,0.9567122107183481,0.5241724577013354,0.29545246709805506,0.13233303644232014,0.6034647297788965,False,False,False,-1,0,False,0.0,5,5,
179,0,5,0.13144138176480624,0.5808973799831755,0.9784641123871404,0.5255323749038417,0.14202222870554362,0.0,0.0,False,False,False,-1,0,False,0.0,9,9,
180,0,1,0.10560989733521847,0.09098662556246169,1.0,0.5628290783018751,0.22725532276849664,0.0,0.0,False,False,False,-1,0,False,0.0,6,6,
181,0,2,0.04807876759555616,0.22835669408206125,0.9872903389214805,0.5195457227779011,0.15113013830090097,0.0,0.0,False,False,False,-1,0,False,0.0,4,4,
182,220,10,1.0,1.0,0.9165462991169315,0.5445410423868662,0.11481339359519911,1.99,36.33794680267753,True,False,False,-1,0,False,0.0,3,3,
183,1,16,0.5564645646869183,0.12770980587920555,0.9776815473970792,0.5324793246876294,0.05192011090607388,0.14338343675363394,0.8337477621301497,False,False,False,-1,0,False,0.0,4,4,
184,1,2,0.4599332545392767,0.3169786330727602,0.9987137787093279,0.55261698092214,0.37813924822347733,0.11970985165228565,0.4028778642734252,False,False,False,-1,0,False,0.0,4,4,
185,0,0,0.23098563601567365,0.11690978441373653,0.9885075665033441,0.5658188895639377,0.23946963213672445,0.0,0.0,False,False,False,-1,0,False,0.0,5,5,
186,1,52,0.1849672250420956,0.1472147674892547,1.0,0.49098715995160497,0.3409880563301228,0.040542948870387334,0.005128681810312975,False,False,True,324,13,False,1.24,1,1,
187,0,1,0.08128958644500679,0.46833073325124924,1.0,0.5021111788832143,0.5534489861901032,0.0,0.0,False,False,False,-1,0,False,0.0,5,5,
188,0,30,0.4454473618607192,0.4762894550064164,0.9025132291731065,0.37891368565946826,0.042802983527164315,0.0,0.0,False,False,True,132,17,False,1.21,1,1,
189,0,39,0.280532934130015,0.047787554306355444,0.9642629216556845,0.6164999187934637,0.2301921808241352,0.0,0.0,False,False,True,251,14,False,1.24,1,1,
190,0,0,0.17473595917987644,0.1432088983612489,1.0,0.6055914905448513,0.007748294433982601,0.0,0.0,False,False,False,-1,0,False,0.0,4,4,
191,0,50,0.17138905041164973,0.4365091136143121,0.998648450197087,0.5277399379435003,0.15134960420967733,0.0,0.0,False,False,False,-1,0,False,0.0,6,6,
192,0,0,0.4260869253228455,0.47314930120326987,1.0,0.5921547030287848,0.24575356420763653,0.0,0.0,False,False,False,-1,0,False,0.0,4,4,
193,1,81,0.6449716878223405,0.14682053877687673,0.9126252529147316,0.5377174995804462,0.18471507815893073,0.04759668978582588,0.0097897439628129,False,False,True,284,57,False,1.12,0,0,
194,0,120,0.22223261164379352,0.19336571074469736,1.0,0.5587339636093328,0.1958694099610408,0.0,0.0,False,False,True,355,107,False,1.12,0,0,
195,0,3,0.01039764074287036,0.4827433236911875,0.9735203586970166,0.5015488155535538,0.030503267249131653,0.0,0.0,False,False,False,-1,0,False,0.0,8,8,
196,0,0,0.21100978311268187,0.5414979893772213,1.0,0.6047411879809369,0.4950666710576729,0.0,0.0,False,False,False,-1,0,False,0.0,6,6,
197,0,57,0.3476424676784909,0.48998230561693834,0.8940977987037424,0.6355158298830447,0.2454763658196584,0.0,0.0,False,False,True,201,47,False,1.09,0,0,
198,1,0,0.5749451074587074,0.10356105728923218,1.0,0.5081016005251513,0.10213906225317898,0.06176985061691649,0.027990805570896914,False,False,False,-1,0,False,0.0,5,5,
199,1,43,0.6013563131615289,0.11419412022263316,1.0,0.5256955647706342,0.0560594232736307,0.1014592288786491,0.20683970229283702,False,False,False,-1,0,False,0.0,5,5,
200,2,2,0.23100793898518418,0.5429135871369966,1.0,0.5256623912679006,0.12178335319820335,0.10641625365469339,0.0964721870405667,False,False,False,-1,0,False,0.0,4,4,
201,1,19,0.4774002509460255,0.09788355579790459,1.0,0.6191637496065107,0.43173837416635474,0.017033672881509084,0.00015563843334256703,False,False,False,-1,0,False,0.0,6,6,
202,1,1,0.5539305126576615,0.39862105758004907,0.9943612251783867,0.41589644707444035,0.05651707860861422,0.05131337009523019,0.013255014226492874,False,False,False,-1,0,False,0.0,6,6,
203,0,37,0.22927533097013655,0.5873587459937509,0.9836511020656328,0.5524095894873361,0.002019583049905524,0.0,0.0,False,False,False,-1,0,False,1.21,6,6,
204,0,0,0.18469464895366425,0.3767810338539661,0.9447565051934536,0.46982398239930917,0.20129099331559744,0.0,0.0,False,False,False,-1,0,False,0.0,3,3,
205,0,0,0.101351046939583,0.14450596708976804,0.9297932793896523,0.4734822953446877,0.13628836409680184,0.0,0.0,False,False,False,-1,0,False,0.0,4,4,
206,1,30,0.6683774030879217,0.41712268935804064,0.8293712141182306,0.474970940480826,0.3482306256414796,0.021236979600890597,0.00037859033270738236,False,False,True,107,33,False,1.3599999999999999,1,1,
207,0,26,0.3748502280046291,0.3554959238679112,0.9834770055951714,0.3523025461968262,0.04929664092673247,0.0,0.0,False,False,True,64,26,False,1.27,1,1,
208,2,0,0.7544118922246797,0.23110949440914846,1.0,0.5471808396152852,0.20313915678235808,0.12562207159531857,0.17035494066866722,False,False,False,-1,0,False,0.0,6,6,
209,0,0,0.09465779948177765,0.18775987402830485,0.9785433813057663,0.5106243604942746,0.06856972060761615,0.0,0.0,False,False,False,-1,0,False,0.0,3,3,
210,0,20,0.193098203080769,0.2281114487549851,0.8866959202734086,0.6295590517689932,0.3424744430317864,0.0,0.0,False,False,True,68,18,False,1.18,1,1,
211,1,0,0.4585175490062502,0.252140489523786,1.0,0.45067965173664337,0.010629711878449553,0.04262697617418173,0.006276896951018997,False,False,False,-1,0,False,0.0,4,4,
212,416,0,1.0,1.0,0.8986685329727537,0.5437491283067263,0.5290169774513073,1.0850402445845577,4.42264348810694,True,False,False,-1,0,False,0.0,1,1,
213,0,43,0.6524652204446478,0.14729816446319458,1.0,0.5146516110750731,0.21139805643282078,0.0,0.0,False,False,False,-1,0,False,0.0,9,9,
214,0,38,0.290682016912582,0.41548308114290355,0.9218029754426316,0.5399585269962065,0.048998366179855556,0.0,0.0,False,False,True,127,23,False,1.15,0,0,
215,4,14,0.4208552630218629,0.3237006478550948,0.9947613694703314,0.407494870122859,0.5488119079438811,0.07425065987060205,0.0009300038989993255,False,False,False,-1,0,False,0.0,8,8,
216,0,27,0.2698997646236718,0.5072842672562581,1.0,0.5048788709170554,0.13547111249760058,0.0,0.0,False,False,False,-1,0,False,0.0,6,6,
217,122,0,1.0,1.0,0.9625273196276692,0.6267696095811489,0.16272541261863704,0.46979604771584,0.11913186790159243,False,False,False,-1,0,False,0.0,3,3,
218,1,2,0.5695526647526282,0.20763136442641106,0.9649892671868214,0.5629551400941544,0.31661302244425915,0.02081541495059623,0.00034919966857309604,False,False,False,-1,0,False,0.0,6,6,
219,0,0,0.39434638814706646,0.04963251909330649,0.9822284736364157,0.5893492538110988,0.07329982574365727,0.0,0.0,False,False,False,-1,0,False,0.0,2,2,
220,2,0,0.392651767878432,0.4431718363580289,0.9969930208352757,0.5021709002031671,0.33417957495107925,0.16522720885518277,0.9413641814941015,False,False,False,-1,0,False,0.0,4,4,
221,0,39,0.36380737232548854,0.38880824002699993,0.8508287044392828,0.6707781523796952,0.47022389024488925,0.0,0.0,False,False,True,115,38,False,1.27,1,1,
222,0,0,0.38935819138241473,0.15363597006288157,0.9930659471992989,0.5266928273104335,0.3483229226148632,0.0,0.0,False,False,False,-1,0,False,0.0,4,4,
223,0,30,0.028873772875110674,0.5370758596902839,1.0,0.4786640624588596,0.3797958487807348,0.0,0.0,False,False,False,-1,0,False,0.0,5,5,
224,1,0,0.36536647764066227,0.7934605971260219,0.9769672853925143,0.5385758554082356,0.15514343679312248,0.09649890041572855,0.16900309612819292,False,False,False,-1,0,False,0.0,7,7,
225,0,41,0.025577573497394663,0.30354465447551615,0.9981619431468336,0.5988304916154791,0.1950754210960294,0.0,0.0,False,False,False,-1,0,False,0.0,5,5,
226,233,0,1.0,1.0,0.976972699613871,0.5732461037838772,0.5165519050925728,0.4357591773334818,0.16579879447594612,False,False,False,-1,0,False,0.0,1,1,
227,7,3,0.7631909840650597,0.16445492638740386,0.9810432422907372,0.5665961253659986,0.12616989776710705,0.40276524161801497,0.4470762560376159,False,False,False,-1,0,False,0.0,7,7,
228,0,26,0.2106925414421587,0.11171742367756161,0.9831767709017384,0.6189486915711742,0.2193490750667287,0.0,0.0,False,False,False,-1,0,False,0.0,6,6,
229,1,1,0.459061717645372,0.33563874290319906,0.9875296261838294,0.5188083548506144,0.10644296514755892,0.024559719833835796,0.000680163504009205,False,False,False,-1,0,False,0.0,5,5,
230,0,0,0.17892114207331414,0.29757669825375294,1.0,0.575746888289551,0.16171220871750017,0.0,0.0,False,False,False,-1,0,False,0.0,5,5,
231,0,0,0.39667991005641423,0.3684392421071095,1.0,0.5401325954584096,0.2129355292057076,0.0,0.0,False,False,False,-1,0,False,0.0,4,4,
232,0,4,0.2093128749836485,0.22170003489402176,1.0,0.4869880358075043,0.32733696814857866,0.0,0.0,False,False,False,-1,0,False,0.0,6,6,
233,0,26,0.18934343682776716,0.1477269054957333,0.94391107661192,0.4293324837673658,0.3465367874461979,0.0,0.0,False,False,True,120,18,False,1.18,1,1,
234,0,0,0.19980812789026378,0.3230257414296816,0.9975581766502256,0.6006014262415103,0.30287592730114604,0.0,0.0,False,False,False,-1,0,False,0.0,1,1,
235,0,3,0.10944703981763301,0.17397590542851485,1.0,0.5178407261650337,0.09088869939435722,0.0,0.0,False,False,False,-1,0,False,0.0,5,5,
236,1,1,0.2751249069612704,0.39218675814225024,0.9903612952309842,0.519859266180835,0.3575646631698897,0.0682833683268457,0.04192700919569768,False,False,False,-1,0,False,0.0,4,4,
237,1,38,0.46767310871386975,0.24989875902885159,0.9992334174144262,0.5748198240418599,0.1313174160322496,0.018642014836481455,0.00022389659456767983,False,False,False,-1,0,False,0.0,7,7,
238,2,28,0.4528962425726137,0.36426810622184624,0.9920579018356274,0.525880599656909,0.15864290278545531,0.04487638641094305,0.0010873140495050032,False,False,False,-1,0,False,0.0,6,6,
239,0,86,0.16041117398415877,0.15119445923472535,0.7908577139751931,0.8057631713292565,0.038582466207665485,0.0,0.0,False,False,True,280,63,False,1.12,0,0,
240,0,0,0.1313655455851255,0.23609382246458885,0.994957464718211,0.49824971255505984,0.03509454912053713,0.0,0.0,False,False,False,-1,0,False,0.0,4,4,
241,1,0,0.652187486210091,0.2567952676115415,1.0,0.5021791209592558,0.2961483412874354,0.020198706438901988,0.0003093358658057111,False,False,False,-1,0,False,0.0,4,4,
242,0,60,0.2997578082443048,0.16018868444457238,0.9512115661182057,0.2595139996271975,0.45993219782466876,0.0,0.0,False,False,True,198,53,False,1.18,1,1,
243,0,0,0.09493086353550154,0.6651833818739643,0.9923575280032659,0.5545397256194081,0.4105180143987618,0.0,0.0,False,False,False,-1,0,False,0.0,4,4,
244,1,33,0.42361329713410045,0.4208251084209298,0.9844308246576392,0.44304677539329596,0.1280088436476655,0.07739945764405734,0.06947714941196202,False,False,False,-1,0,False,0.0,5,5,
245,0,36,0.3300577565643365,0.2903668151989,0.8468383692282718,0.3804863889578095,0.28921334830222667,0.0,0.0,False,False,True,195,26,False,1.21,1,1,
246,0,1,0.18638515399758546,0.5252786135683849,0.9682916515725967,0.5256947794459338,0.0828823760591546,0.0,0.0,False,False,False,-1,0,False,0.0,3,3,
247,0,2,0.3322273591833916,0.2177377313611983,1.0,0.6003109787661918,0.03874850351130109,0.0,0.0,False,False,False,-1,0,False,0.0,6,6,
248,0,47,0.2023281215478327,0.041308699063458444,1.0,0.3880813845506817,0.24041817966404222,0.0,0.0,False,False,True,128,41,False,1.24,1,1,
249,0,0,0.33324889292785453,0.5186260104133056,0.9955267764801163,0.46388758668885893,0.0427572925775511,0.0,0.0,False,False,False,-1,0,False,0.0,3,3,
250,0,65,0.3309011861489738,0.6368732960837191,1.0,0.5824732077967534,0.1815335890688732,0.0,0.0,False,False,True,205,53,False,1.24,1,1,
251,1,0,0.45357448002903505,0.4600762187659917,0.9003789118633632,0.521386542678539,0.1633036287569754,0.027699343140196786,0.0011045554131610005,False,False,False,-1,0,False,0.0,4,4,
252,2,0,0.30762323202027503,0.5265473214544736,0.9829863159381005,0.47312515665436167,0.1841598936826741,0.1271213303784655,0.08802454905575248,False,False,False,-1,0,False,0.0,3,3,
253,0,8,0.05254349454595988,0.37322348025745256,0.9622461377152105,0.5553931303460435,0.24016996182456135,0.0,0.0,False,False,False,-1,0,False,0.0,5,5,
254,1,0,0.41055459919499276,0.20061838605968943,1.0,0.5815726410001851,0.14754076847133363,0.10351403414882407,0.22424852815044813,False,False,False,-1,0,False,0.0,6,6,
255,0,49,0.2102607217009556,0.13602185413750847,1.0,0.20098631198297942,0.0737918265380814,0.0,0.0,False,False,True,245,19,False,1.21,1,1,
256,0,0,0.24953509491387119,0.172988696680978,0.9697353122166942,0.589534943052214,0.44329573374039055,0.0,0.0,False,False,False,-1,0,False,0.0,2,2,
257,2,0,0.2124627463721053,0.4333812953679843,1.0,0.5660898988933206,0.14505930164057768,0.15074501643709118,0.2144447616077629,False,False,False,-1,0,False,0.0,5,5,
258,2,34,0.36697002739286133,0.3066060813750291,1.0,0.5049891105163545,0.31391527541606284,0.20618270901971453,0.5526157610547275,False,False,False,-1,0,False,0.0,7,7,
259,1,2,0.4396995132684441,0.3991713206363199,0.9658529159270706,0.5796230435820603,0.2861562852688055,0.03077405847745889,0.0016882622857323107,False,False,False,-1,0,False,0.0,4,4,
260,0,1,0.1800477804697659,0.0589477373773566,1.0,0.43647415780493853,0.03199908743045717,0.0,0.0,False,False,False,-1,0,False,0.0,6,6,
261,2,31,0.5876189653416634,0.29881047096184177,0.9928682365102272,0.5215834914460481,0.3124725935361586,0.16655388356179565,0.5941930506899463,False,False,False,-1,0,False,0.0,3,3,
262,1,0,0.24563528751782965,0.14406766276299177,0.9589167087483491,0.5496535335144229,0.2594623825075026,0.04880466612591281,0.010830311679374895,False,False,False,-1,0,False,0.0,2,2,
263,0,2,0.5923522734739668,0.01759052436986989,0.9555071226465831,0.5453899626240033,0.07017790689884186,0.0,0.0,False,False,False,-1,0,False,0.0,6,6,
264,1,0,0.5911581129334436,0.5423392095742102,1.0,0.5511303564477863,0.28552454179309367,0.02407219713062406,0.0006273611596921231,False,False,False,-1,0,False,0.0,5,5,
265,0,0,0.2836771639470989,0.5092058923656899,1.0,0.44253602465023384,0.18818458743058428,0.0,0.0,False,False,False,-1,0,False,0.0,3,3,
266,2,0,0.4883123096535785,0.22201262023803897,0.9893400604993917,0.5425861008221259,0.12151846301372346,0.07810026972331043,0.008826428590897299,False,False,False,-1,0,False,0.0,1,1,
267,1,0,0.36850098607952286,0.10852378296425311,1.0,0.5830422033086886,0.08163786639641875,0.09458334905333794,0.15588307481006441,False,False,False,-1,0,False,0.0,3,3,
268,0,54,0.1196019879997023,0.36823027171184425,0.8840569124817617,0.6304617484357469,0.0975482290909568,0.0,0.0,False,False,True,269,19,False,1.15,1,1,
269,1,47,0.24294578024261151,0.3024472317939003,0.9567033082676338,0.563342276898896,0.3987442411081666,0.019307732981250148,0.00025790808586210394,False,False,True,208,37,False,1.18,1,1,
270,0,0,0.21367292707578608,0.030174723416851203,1.0,0.515993608983273,0.0822459687673028,0.0,0.0,False,False,False,-1,0,False,0.0,4,4,
271,0,2,0.0246210110728609,0.18001143203502157,1.0,0.39857311425046854,0.4331209594921885,0.0,0.0,False,False,False,-1,0,False,0.0,8,8,
272,0,3,0.022849936826095065,0.22133485865610655,0.9749364653505207,0.5475729318988329,0.12592746893608753,0.0,0.0,False,False,False,-1,0,False,0.0,6,6,
273,2,45,0.5817864283957546,0.2500391373324393,0.9932325839368965,0.581102574421397,0.29983979404067773,0.06741358746730795,0.012870800479803442,False,False,False,-1,0,False,0.0,8,8,
274,0,36,0.8428246157783176,0.12457315122801556,0.9184770878927477,0.30568760833742165,0.39660507139162227,0.0,0.0,False,False,True,240,15,False,1.12,0,0,
275,0,0,0.20239797031633985,0.4333166656648525,0.9580784009875652,0.4943732234250623,0.10098856042638474,0.0,0.0,False,False,False,-1,0,False,0.0,4,4,
276,0,22,0.5212763635546338,0.056029435487181846,1.0,0.5373974279115822,0.4532291668506183,0.0,0.0,False,False,False,-1,0,False,0.0,5,5,
277,0,0,0.5141773766683952,0.32857642049636,1.0,0.5818184880841537,0.08417762105784188,0.0,0.0,False,False,False,-1,0,False,0.0,3,3,
278,0,0,0.01296297580991584,0.4632755348868686,0.9944559329940208,0.5231882754537444,0.06962945549390033,0.0,0.0,False,False,False,-1,0,False,0.0,3,3,
279,0,7,0.09066670840261118,0.24705504412510668,0.9646868602726358,0.49691027101067076,0.27107752040386,0.0,0.0,False,False,False,-1,0,False,0.0,8,8,
280,2,0,0.5462009355238112,0.8098683533588694,0.9734999740558364,0.46259751696735635,0.22321880571301034,0.2740575919083333,1.4278039371348923,False,False,False,-1,0,False,0.0,4,4,
281,0,0,0.4132591745154945,0.06740042899780474,1.0,0.5003059017293083,0.47183853146429,0.0,0.0,False,False,False,-1,0,False,0.0,4,4,
282,388,5,1.0,1.0,1.0,0.6135485227038849,0.6978777692786864,2.0,43.66737213133191,True,False,False,-1,0,False,0.0,2,2,
283,2,0,0.5495494148160088,0.31455880428451555,1.0,0.5251302037656438,0.12827938678830933,0.046749766799372365,0.0012928295639073103,False,False,False,-1,0,False,0.0,3,3,
284,2,0,0.5758561958526577,0.6123437907877797,0.999130015682513,0.5132951620406108,0.284684610501692,0.1685317561914497,0.2942659451073246,False,False,False,-1,0,False,0.0,5,5,
285,0,2,0.09192961322788114,0.19327166316489708,1.0,0.5665344128151476,0.09733140975574402,0.0,0.0,False,False,False,-1,0,False,0.0,3,3,
286,0,22,0.2515762413907139,0.3145901427914253,0.8452466444000343,0.47528867609698405,0.15852660914942782,0.0,0.0,False,False,True,117,15,False,1.18,1,1,
287,0,29,0.49035801107906113,0.249416958476332,1.0,0.541556109846164,0.1787786747671732,0.0,0.0,False,False,False,-1,0,False,0.0,6,6,
288,0,0,0.2738512004547594,0.040256112752030906,0.982489382678994,0.5604081708728772,0.2727009517018069,0.0,0.0,False,False,False,-1,0,False,0.0,1,1,
289,5,1,0.785305135970371,0.22111769214279767,1.0,0.5435882781668561,0.0530150529854987,0.24542287041380723,0.14820220466774586,False,False,False,-1,0,False,0.0,5,5,
290,0,4,0.23520304831264605,0.07687307590963108,0.9381099313393013,0.4644553094366621,0.4673413290157989,0.0,0.0,False,False,False,-1,0,False,0.0,2,2,
291,0,32,0.19742977675362938,0.22995128142721818,0.982587320493816,0.39074830989504544,0.32576548893499363,0.0,0.0,False,False,True,111,28,False,1.21,0,0,
292,0,34,0.24970675868535921,0.274246221097662,0.8815369511451698,0.4737143939089274,0.19829090404617372,0.0,0.0,False,False,True,116,21,False,1.18,1,1,
293,1,0,0.43888515229880065,0.5003485545640054,0.8760096435829728,0.545463074185922,0.2635929402788584,0.15,1.0,False,False,False,-1,0,False,0.0,4,4,
294,3,0,0.7984314222239335,0.23372848333612392,0.9954820296082393,0.44390788554606847,0.14685409375121372,0.1482345442174993,0.07963818329486892,False,False,False,-1,0,False,0.0,5,5,
295,1,0,0.47739876326678476,0.7038003029987228,1.0,0.5507581998665698,0.38504377275912216,0.053951028857301,0.0162225619488976,False,False,False,-1,0,False,0.0,2,2,
296,1,29,0.5820607578094175,0.43288503865430705,1.0,0.5485128444505316,0.15255975313682374,0.030012362158641448,0.0015260553905265396,False,False,False,-1,0,False,0.0,5,5,
297,0,0,0.14977382379127882,0.5170971907395173,0.9343602494914747,0.6196319732332961,0.14898366790062195,0.0,0.0,False,False,False,-1,0,False,0.0,3,3,
298,0,148,0.4862245998629702,0.1817254374961336,0.5882852315215619,0.5638886406232048,0.31103995746695257,0.0,0.0,False,False,True,391,132,False,1.18,1,1,
299,0,70,0.40466227177127173,0.26252781393026453,0.8973493213132057,0.6783572603678786,0.37981494101421076,0.0,0.0,False,False,True,149,66,False,1.21,1,1,
300,2,45,0.4676127265000817,0.6476386784834901,1.0,0.4584811899976802,0.3554525719603143,0.1192934635657043,0.15351787249658919,False,False,False,-1,3,False,0.0,4,4,
301,1,0,0.4957228367637221,0.2689386404023051,0.970717884802939,0.5480883071103845,0.0395370706838749,0.02081541495059623,0.00034919966857309604,False,False,False,-1,0,False,0.0,2,2,
302,0,0,0.21836431219184155,0.24313424656984742,1.0,0.5712884852118595,0.15871407454501857,0.0,0.0,False,False,False,-1,0,False,0.0,3,3,
303,1,0,0.4739550395341144,0.6664153460975487,0.9816089629424025,0.48735199273391105,0.2883017334457671,0.13233303644232014,0.6034647297788965,False,False,False,-1,0,False,0.0,6,6,
304,288,0,1.0,1.0,0.9800466293008576,0.5702332229931044,0.7427395228894865,0.6220249563330711,0.9203917030796611,False,False,False,-1,0,False,0.0,0,0,
305,0,0,0.04957997661659848,0.21627197111307622,0.9971157651085386,0.6191930640964334,0.1725351015074787,0.0,0.0,False,False,False,-1,0,False,0.0,2,2,
306,0,2,0.15175376798257606,0.1514277747419509,0.9450632047249113,0.41801469294952104,0.212650135101083,0.0,0.0,False,False,False,-1,0,False,0.0,5,5,
307,3,0,0.6636177991412581,0.15841645404528218,0.9834736013101653,0.5787300809977125,0.025004116282221735,0.28847988387712103,1.0532675331791717,False,False,False,-1,0,False,0.0,3,3,
308,3,22,0.5069520493423816,0.642386749527089,0.9000798032397717,0.4743474921006285,0.06472651699020324,0.28333032550311804,0.6826670117502116,False,False,False,-1,0,False,0.0,5,5,
309,1,47,0.3137712982050036,0.1074826700675804,0.9976748531525531,0.5911349593801258,0.01763585173583357,0.04856064279528325,0.010613705445787398,False,False,True,310,16,False,1.12,0,0,
310,216,1,1.0,1.0,1.0,0.5329425613533935,0.5536566727426939,0.44458439968149405,0.16723561117263622,False,False,False,-1,0,False,0.0,2,2,
311,1,0,0.21340345386175363,0.3652442671759786,0.975204830106164,0.553448678020102,0.3204522236518213,0.1014592288786491,0.20683970229283702,False,False,False,-1,0,False,0.0,3,3,
312,1,0,0.7323555379110999,0.5324468359107131,0.9892479979840011,0.5230777809012512,0.3027528734271013,0.025951921571169774,0.0008494278428992539,False,False,False,-1,0,False,0.0,4,4,
313,1,1,0.12639756354557527,0.45970783385901626,1.0,0.6066875701473429,0.05884038446342706,0.020920015025724856,0.0003563261924215266,False,False,False,-1,0,False,0.0,4,4,
314,0,1,0.04536308746463203,0.22208011343271894,0.9871989445380259,0.5133601723315503,0.21627346793613073,0.0,0.0,False,False,False,-1,0,False,0.0,5,5,
315,0,141,0.047146332187880675,0.19417010325246203,0.7873327945682099,0.5242708523486322,0.16838366215535347,0.0,0.0,False,False,True,297,132,False,1.09,0,0,
316,0,48,0.4537259076670762,0.17271559492522628,0.9640493477880401,0.4980855032952707,0.161194436428407,0.0,0.0,False,False,True,136,52,False,1.15,1,1,
317,2,1,0.514936950030136,0.514492495894116,0.909374870760705,0.5188030415212828,0.46783509944520096,0.1557010623419552,0.4848345353049335,False,False,False,-1,0,False,0.0,3,3,
318,0,31,0.2712792951197145,0.6496761663655043,0.9279010748659862,0.3931587428377198,0.1173946812102875,0.0,0.0,False,False,True,164,17,False,1.18,1,1,
319,0,34,0.7029289334033175,0.5486968779044298,0.9657529685961663,0.41804663377957535,0.049232331450985094,0.0,0.0,False,False,True,126,19,False,1.12,0,0,
320,0,0,0.22620148191586242,0.2670059661284479,0.9927502679990812,0.5133533164166164,0.17376103046473382,0.0,0.0,False,False,False,-1,0,False,0.0,5,5,
321,4,1,0.5171742220610276,0.25688350452103415,0.943208652508921,0.43770432969682654,0.35693339657716583,0.24093269683150295,0.30935402759992836,False,False,False,-1,0,False,0.0,3,3,
322,1,1,0.6588661983842623,0.2719386326861192,1.0,0.5096167661366445,0.08888969477455509,0.14628731296828124,0.9039207967999998,False,False,False,-1,0,False,0.0,4,4,
323,0,29,0.22966356166466326,0.3157094421917537,1.0,0.42706546889334407,0.14572998380812702,0.0,0.0,False,False,False,-1,0,False,0.0,3,3,
324,0,0,0.0742300616665003,0.2644165397521448,1.0,0.5098779843772031,0.23575416407653682,0.0,0.0,False,False,False,-1,0,False,0.0,5,5,
325,2,1,0.45362305135551667,0.6080752601325602,0.9660347830858258,0.5478504326057131,0.07709958013860732,0.09621954512857162,0.03732444611116374,False,False,False,-1,0,False,0.0,5,5,
326,0,20,0.40406830770303087,0.48433978992869925,0.9928287338233784,0.49395040478114804,0.027557809524062053,0.0,0.0,False,False,False,-1,0,False,0.0,4,4,
327,0,20,0.11045950378551318,0.2780523400788159,0.8555298862560808,0.5165226871165515,0.07188196341118464,0.0,0.0,False,False,False,-1,0,False,0.0,3,3,
328,1,20,0.29079440135690904,0.29087248972330726,0.9707733655554337,0.9639451952497203,0.10960495973628394,0.01652900789758374,0.00013787112034612252,False,False,True,75,14,False,1.21,1,1,
329,2,0,0.3638252276042322,0.7283299618959129,1.0,0.5268244739534116,0.21569462893907657,0.1365554080020193,0.10400330294504527,False,False,False,-1,0,False,0.0,4,4,
330,0,0,0.3950675238925987,0.42893082985958264,1.0,0.49838179088732976,0.15835061740409667,0.0,0.0,False,False,False,-1,0,False,0.0,3,3,
331,0,0,0.5875418653212179,0.3503571558463463,1.0,0.6140720729036667,0.047526291161982655,0.0,0.0,False,False,False,-1,0,False,0.0,4,4,
332,335,153,1.0,1.0,0.9795404302233565,0.49800138222209195,0.4118498527149484,1.99,26.585287308756307,True,False,False,-1,0,False,0.0,2,2,
333,1,0,0.5284828433468579,0.3797356671980867,0.9776020686682693,0.6608650191945754,0.06420385368278989,0.05934186579036558,0.02381354235199534,False,False,False,-1,0,False,0.0,4,4,
334,1,0,0.32535024582086275,0.4906358747045606,0.98225425631636,0.5973412150176924,0.2536454389677089,0.053681273713014496,0.015898110709919647,False,False,False,-1,0,False,0.0,3,3,
335,0,0,0.2976944462432784,0.39111135463301966,1.0,0.34576899893135393,0.18386397130125437,0.0,0.0,False,False,False,-1,0,False,0.0,3,3,
336,1,59,0.3555680653230735,0.2581128498150896,0.8998048268116223,0.5954962360697219,0.5360324842616884,0.01790925397163782,0.00019048294354016786,False,False,True,228,21,False,1.09,0,0,
337,0,64,0.1863234031591997,0.12322232039378002,0.9861259351771682,0.5519703796690152,0.019681200343401317,0.0,0.0,False,False,False,-1,0,False,0.0,3,3,
338,1,29,0.4619337676128051,0.20440224452922745,0.972916433285471,0.7494135545345211,0.2377667432130406,0.020920015025724856,0.0003563261924215266,False,False,True,108,17,False,1.18,0,0,
339,1,57,0.4428763871436089,0.24054714267880248,1.0,0.43847584713872534,0.16687128564925457,0.021885388751355882,0.0004273788891632471,False,False,False,-1,6,True,0.0,6,6,
340,3,0,0.5894881367124395,0.3861836446339715,0.9772045086411034,0.5309076570429038,0.37869484500929307,0.1905205867484362,0.39694906483909936,False,False,False,-1,0,False,0.0,4,4,
341,3,1,0.46923725359996205,0.15092899776575983,0.9566399535068136,0.5408654127097338,0.2926070750032155,0.17607986840714152,0.5806355435334211,False,False,False,-1,0,False,0.0,6,6,
342,0,34,0.30427509804568076,0.18712421446066108,0.7799565493488809,0.6966062821109069,0.26672102695984407,0.0,0.0,False,False,True,207,16,False,1.12,0,0,
343,2,0,0.7164536450951998,0.4489760707783582,1.0,0.5840218009489324,0.0907592130066289,0.11508809133386964,0.15621173874452793,False,False,False,-1,0,False,0.0,4,4,
344,354,5,1.0,1.0,0.934539156248628,0.5135886176605661,0.5323779696667414,2.0,38.22317078700829,True,False,False,-1,0,False,0.0,2,2,
345,0,7,0.24252765160007372,0.0347136353551118,1.0,0.5916226060487216,0.08998466295875704,0.0,0.0,False,False,False,-1,0,False,0.0,2,2,
346,1,0,0.23712010316947058,0.4588818679703941,0.9902615650334503,0.5274621771428759,0.0707908268799866,0.05422213955507638,0.016553634641732245,False,False,False,-1,0,False,0.0,2,2,
347,1,7,0.4801213977257982,0.37690097571799686,0.9935027682565045,0.5702160655120987,0.3927800238266775,0.05993976494569893,0.024795441849224633,False,False,False,-1,0,False,0.0,4,4,
348,1,0,0.6810081555829239,0.258560667533859,0.9930346463904945,0.5031997721550909,0.29142456136637196,0.14266651956986576,0.8170728068875467,False,False,False,-1,0,False,0.0,3,3,
349,0,50,0.08465613230696747,0.056287340573408125,0.8940637029675439,0.32987363941442666,0.08972190824742124,0.0,0.0,False,False,True,200,14,False,1.18,0,0,
