t,mean_x,mean_y,mean_x_all,mean_y_all,mean_L,y0,mean_epc,mean_r,mean_b,fund_prevalence,mean_epc_all,mean_r_all,mean_b_all,fund_prevalence_all,punish_rate,mean_punished,exit_rate,mean_exit_intent,exit_attempt_rate,exit_success_rate,p_opp_mean,stay_value,mean_degree_active,threat,A,budget,enforcer_frac,n_cadre_fallback,cap_mean,cap_p90,service_mean,service_p90,monopoly_on,enforcer_punish_share_step,alpha_punish_revalue,delta_outside_degrade,mu_membership_reward,current_delta,eta_delta_drift,punish_floor,punish_intensity_step,pi_reward,lam_punish
0,0.35583155728550026,0.5012652160182387,0.35583155728550026,0.5012652160182387,0.26235045025828074,0.5,0.0,0.3264239485828008,0.3310484747667466,0.005714285714285714,0.0,0.3264239485828008,0.3310484747667466,0.005714285714285714,0.0,0.0,0.0,0.0,0.0,0.0,0.5,0.0,11.794285714285714,0.0,0.0,0.0,0.0,0,0.0,0.0,0.0,0.0,0.0,0.0,0.0,0.2,0.0,0.2,0.2,0.08,0.0,0.25,0.25
1,0.3648079781566426,0.5010380514334684,0.3648079781566426,0.5010380514334684,0.26235045025828074,0.497044491547564,0.6685714285714286,0.32710966286851506,0.33156276048103234,0.008571428571428572,0.6685714285714286,0.32710966286851506,0.33156276048103234,0.008571428571428572,0.03142857142857143,0.03142857142857143,0.0,0.04,0.0,0.0,0.026683601176850726,0.08436634914903715,11.794285714285714,0.0,0.0,0.15,0.08,28,0.004714285714285714,0.0,0.03142857142857143,0.0,0.0,0.8181818181818182,0.0,0.2,0.0,0.2,0.2,0.08,0.03142857142857143,0.25,0.25
2,0.3734949470379112,0.5001405777456681,0.3734949470379112,0.5001405777456681,0.26235045025828074,0.49218226556256256,0.8685714285714285,0.3287668057256579,0.3328056176238895,0.008571428571428572,0.8685714285714285,0.3287668057256579,0.3328056176238895,0.008571428571428572,0.04857142857142857,0.05142857142857143,0.0,0.054285714285714284,0.0,0.0,0.026683601176850726,0.08436634914903715,11.794285714285714,0.0,0.0,0.15,0.08,24,0.012405000000000001,0.0,0.08222857142857143,0.0,0.0,0.9444444444444444,0.0,0.2,0.0,0.2,0.2,0.08,0.04857142857142857,0.25,0.25
3,0.3816171358963084,0.4997823280269817,0.3816171358963084,0.4997823280269817,0.26235045025828074,0.4875302148815055,0.9028571428571428,0.3292239485828008,0.33314847476674664,0.008571428571428572,0.9028571428571428,0.3292239485828008,0.33314847476674664,0.008571428571428572,0.02,0.02,0.0,0.04285714285714286,0.0,0.0,0.026683601176850726,0.08436634914903715,11.794285714285714,0.0,0.0,0.15,0.08,18,0.015342975,0.0,0.10058399999999999,0.0,0.0,0.8571428571428571,0.0,0.2,0.0,0.2,0.2,0.08,0.02,0.25,0.25
4,0.39160682557355453,0.49958740915347644,0.39160682557355453,0.49958740915347644,0.26235045025828074,0.48297704732731844,0.9314285714285714,0.3300810914399437,0.3337913319096038,0.008571428571428572,0.9314285714285714,0.3300810914399437,0.3337913319096038,0.008571428571428572,0.03142857142857143,0.03428571428571429,0.0,0.05142857142857143,0.0,0.0,0.026683601176850726,0.08436634914903715,11.794285714285714,0.0,0.0,0.15,0.08,17,0.02040911726785714,0.0,0.13285803428571427,0.0,0.0,0.9166666666666666,0.0,0.2,0.0,0.2,0.2,0.08,0.03142857142857143,0.25,0.25
5,0.40070564309759366,0.49900623825593715,0.40070564309759366,0.49900623825593715,0.26235045025828074,0.47882790397651503,0.9142857142857143,0.3321382342970865,0.33533418905246093,0.011428571428571429,0.9142857142857143,0.3321382342970865,0.33533418905246093,0.011428571428571429,0.05142857142857143,0.06285714285714286,0.0,0.06,0.0,0.0,0.026683601176850726,0.08436634914903715,11.794285714285714,0.0,0.0,0.15,0.08,14,0.029735643110089284,0.0,0.19305801645714285,0.0,0.0,0.9545454545454546,0.0,0.2,0.0,0.2,0.2,0.08,0.05142857142857143,0.25,0.25
6,0.41145819887550406,0.49883426441953604,0.41145819887550406,0.49883426441953604,0.26235045025828074,0.47686326828429604,0.9171428571428571,0.33401513794893567,0.33679133190960375,0.014285714285714285,0.9171428571428571,0.33401513794893567,0.33679133190960375,0.014285714285714285,0.06285714285714286,0.06285714285714286,0.0,0.06,0.0,0.0,0.026683601176850726,0.08436634914903715,11.794285714285714,0.0,0.0,0.15,0.08,11,0.039015536323110264,0.0,0.2520539989851428,0.0,0.0,0.9090909090909091,0.0,0.2,0.0,0.2,0.2,0.08,0.06285714285714286,0.25,0.25
7,0.4201980335932188,0.49802649381252845,0.4201980335932188,0.49802649381252845,0.26235045025828074,0.47451644030588114,0.9142857142857143,0.3348252459659971,0.3374341890524609,0.017142857142857144,0.9142857142857143,0.3348252459659971,0.3374341890524609,0.017142857142857144,0.022857142857142857,0.022857142857142857,0.0,0.06571428571428571,0.0,0.0,0.026683601176850726,0.08436634914903715,11.794285714285714,0.0,0.0,0.15,0.08,9,0.04224903007006615,0.0,0.2698700618625829,0.0,0.0,1.0,0.0,0.2,0.0,0.2,0.2,0.08,0.022857142857142857,0.25,0.25
8,0.43066342239411776,0.4974697342934241,0.43066342239411776,0.4974697342934241,0.26235045025828074,0.47339200723913843,0.8971428571428571,0.3358538173945685,0.3382056176238895,0.02,0.8971428571428571,0.3358538173945685,0.3382056176238895,0.02,0.037142857142857144,0.04,0.0,0.10571428571428572,0.0,0.0,0.026683601176850726,0.08436634914903715,11.794285714285714,0.0,0.0,0.15,0.08,8,0.048037784919715804,0.0,0.3044726606253312,0.0,0.0,0.9285714285714286,0.0,0.2,0.0,0.2,0.2,0.08,0.037142857142857144,0.25,0.25
9,0.4397499527589569,0.4973468795713398,0.4397499527589569,0.4973468795713398,0.26235045025828074,0.4743317671966509,0.8885714285714286,0.3365966745374257,0.3387736437714966,0.022857142857142857,0.8885714285714286,0.3365966745374257,0.3387736437714966,0.022857142857142857,0.03142857142857143,0.03142857142857143,0.0,0.08571428571428572,0.0,0.0,0.026683601176850726,0.08436634914903715,11.794285714285714,0.0,0.0,0.15,0.08,7,0.052511881709402936,0.0,0.32981177884139595,0.0,0.0,0.9090909090909091,0.0,0.2,0.0,0.2,0.2,0.08,0.03142857142857143,0.25,0.25
10,0.44864658861878143,0.4970421301047929,0.44864658861878143,0.4970421301047929,0.26235045025828074,0.4759857813568939,0.9,0.3378538173945685,0.33993078662863946,0.025714285714285714,0.9,0.3378538173945685,0.33993078662863946,0.025714285714285714,0.054285714285714284,0.054285714285714284,0.0,0.09142857142857143,0.0,0.0,0.026683601176850726,0.08436634914903715,11.794285714285714,0.0,0.0,0.15,0.08,7,0.06039217944371308,0.0,0.37750125755028224,0.0,0.0,0.8947368421052632,0.0,0.2,0.0,0.2,0.2,0.08,0.054285714285714284,0.25,0.25
11,0.45683443074413543,0.49710869895220583,0.45683443074413543,0.49710869895220583,0.26235045025828074,0.4781159421309577,0.9085714285714286,0.3397593428635447,0.34177445194104444,0.02857142857142857,0.9085714285714286,0.3397593428635447,0.34177445194104444,0.02857142857142857,0.08571428571428572,0.08571428571428572,0.0,0.15714285714285714,0.0,0.0,0.0201851755359486,0.08436634914903715,11.794285714285714,0.0,0.0,0.15,0.08,6,0.07213361941079484,0.1427382112882426,0.4556655181135623,0.8187403024118074,0.0,0.9,0.0,0.2,0.0,0.36000000000000004,0.2,0.08,0.08571428571428572,0.25,0.25
12,0.4670784625482882,0.49637684506431407,0.4670784625482882,0.49637684506431407,0.26235045025828074,0.4802410310606834,0.8857142857142857,0.3418670551295399,0.3439173090839016,0.03428571428571429,0.8857142857142857,0.3418670551295399,0.3439173090839016,0.03428571428571429,0.09714285714285714,0.10285714285714286,0.0,0.18,0.0,0.0,0.01548366157595607,0.08436634914903715,11.794285714285714,0.0,0.0,0.15,0.08,5,0.08424028157359684,0.14417637058482624,0.549409350608434,0.8524992736482793,0.0,0.9722222222222222,0.0,0.2,0.0,0.488,0.2,0.08,0.09714285714285714,0.25,0.25
13,0.47630679506686435,0.49576942391012185,0.47630679506686435,0.49576942391012185,0.26235045025828074,0.482313971889004,0.92,0.34291311072455405,0.3453744519410444,0.037142857142857144,0.92,0.34291311072455405,0.3453744519410444,0.037142857142857144,0.06571428571428571,0.07142857142857142,0.0,0.21428571428571427,0.0,0.0,0.01548366157595607,0.08436634914903715,11.794285714285714,0.0,0.0,0.15,0.08,1,0.08993336588001458,0.14417637058482624,0.6098497350248366,0.8524992736482793,0.0,0.96,0.0,0.2,0.0,0.488,0.2,0.08,0.06571428571428571,0.25,0.25
14,0.48525432314477823,0.4957283527324101,0.48525432314477823,0.4957283527324101,0.26235045025828074,0.4841522545070291,0.9057142857142857,0.3438845392959826,0.3475601662267587,0.037142857142857144,0.9057142857142857,0.3438845392959826,0.3475601662267587,0.037142857142857144,0.09142857142857143,0.1,0.0,0.28285714285714286,0.0,0.0,0.011999105131725321,0.08436634914903715,11.794285714285714,0.0,0.0,0.15,0.08,0,0.09548031508641747,0.14424914852302798,0.69765274032434,0.8542709584100077,0.0,0.9714285714285714,0.0,0.2,0.0,0.5904,0.2,0.08,0.09142857142857143,0.25,0.25
15,0.49317454666978733,0.49468160578758996,0.49317454666978733,0.49468160578758996,0.26235045025828074,0.4858130809786814,0.9085714285714286,0.3451848334696234,0.34986284224359354,0.04285714285714286,0.9085714285714286,0.3451848334696234,0.34986284224359354,0.04285714285714286,0.08857142857142856,0.1,0.0,0.38,0.0,0.0,0.009369054113042702,0.08436634914903715,11.794285714285714,0.0,0.0,0.15,0.08,0,0.10113224745208545,0.14490087495962437,0.7836996855178531,0.8698972180084482,0.0,0.9714285714285714,0.0,0.2,0.0,0.67232,0.2,0.08,0.08857142857142856,0.25,0.25
16,0.5027321828010093,0.4951934046944739,0.5027321828010093,0.4951934046944739,0.26235045025828074,0.4875568201082489,0.92,0.34633043597529095,0.3516203826373999,0.04285714285714286,0.92,0.34633043597529095,0.3516203826373999,0.04285714285714286,0.07714285714285714,0.08571428571428572,0.0,0.44857142857142857,0.0,0.0,0.009369054113042702,0.08436634914903715,11.794285714285714,0.0,0.0,0.15,0.08,0,0.1050681232373987,0.14417637058482624,0.8537399775217819,0.8524992736482793,0.0,1.0,0.0,0.2,0.0,0.67232,0.2,0.08,0.07714285714285714,0.25,0.25
17,0.5119965184235192,0.49512848126482417,0.5119965184235192,0.49512848126482417,0.26235045025828074,0.4892523634160203,0.8942857142857142,0.3471875788324339,0.35260903947194133,0.04285714285714286,0.8942857142857142,0.3471875788324339,0.35260903947194133,0.04285714285714286,0.06285714285714286,0.07428571428571429,0.0,0.5514285714285714,0.0,0.0,0.009369054113042702,0.08436634914903715,11.794285714285714,0.0,0.0,0.15,0.08,0,0.10777121119264028,0.14417637058482624,0.9109508922570604,0.8524992736482793,0.0,0.9615384615384616,0.0,0.2,0.0,0.67232,0.2,0.08,0.06285714285714286,0.25,0.25
18,0.5212036532820996,0.4950906180914943,0.5212036532820996,0.4950906180914943,0.26235045025828074,0.4910237625330861,0.8828571428571429,0.34835463401455063,0.35406618232908416,0.04857142857142857,0.8828571428571429,0.34835463401455063,0.35406618232908416,0.04857142857142857,0.10285714285714286,0.10285714285714286,0.0,0.6314285714285715,0.0,0.0,0.007356626312890654,0.08436634914903715,11.794285714285714,0.0,0.0,0.15,0.08,0,0.11302857725087051,0.14424914852302798,0.9955890172690621,0.8542709584100077,0.0,0.9444444444444444,0.0,0.2,0.0,0.7378560000000001,0.2,0.08,0.10285714285714286,0.25,0.25
19,0.5315814302341413,0.4947586053162902,0.5315814302341413,0.4947586053162902,0.26235045025828074,0.4921710242365788,0.8657142857142858,0.3491546340145506,0.3547518966147984,0.05142857142857143,0.8657142857142858,0.3491546340145506,0.3547518966147984,0.05142857142857143,0.05714285714285714,0.06,0.0,0.7371428571428571,0.002857142857142857,0.0,0.007356626312890654,0.08436634914903715,11.794285714285714,0.0,0.0,0.15,0.08,0,0.11486258007533044,0.14352790278041283,1.0356772369236809,0.8371855392418075,0.0,1.0,0.0,0.2,0.0,0.7378560000000001,0.2,0.08,0.05714285714285714,0.25,0.25
20,0.540031221416949,0.4948873395177983,0.540031221416949,0.4948873395177983,0.26235045025828074,0.49315085949398063,0.8657142857142858,0.3499921707846199,0.355823325186227,0.05142857142857143,0.8657142857142858,0.3499921707846199,0.355823325186227,0.05142857142857143,0.07714285714285714,0.08285714285714285,0.0,0.8828571428571429,0.002857142857142857,0.0,0.007356626312890654,0.08436634914903715,11.794285714285714,0.0,0.0,0.15,0.08,0,0.11628413480886493,0.14281026326651078,1.09782083504235,0.8204418284569713,0.0,1.0,0.0,0.2,0.0,0.7378560000000001,0.2,0.08,0.07714285714285714,0.25,0.25
21,0.5477160253390423,0.49449921671913555,0.5477160253390423,0.49449921671913555,0.26235045025828074,0.4941289437793251,0.8,0.35062074221319134,0.356423325186227,0.05142857142857143,0.8,0.35062074221319134,0.356423325186227,0.05142857142857143,0.045714285714285714,0.05142857142857143,0.0,1.0257142857142858,0.002857142857142857,0.0,0.007356626312890654,0.08436634914903715,11.794285714285714,0.0,0.0,0.15,0.08,0,0.11721685699196346,0.14209621195017821,1.1272929897700745,0.8040329918878318,0.0,1.0,0.0,0.2,0.0,0.7378560000000001,0.2,0.08,0.045714285714285714,0.25,0.25
22,0.555339157049881,0.4940011698855389,0.555339157049881,0.4940011698855389,0.26235045025828074,0.4949605799838072,0.8142857142857143,0.35096561079046573,0.3573806232093769,0.054285714285714284,0.8142857142857143,0.35096561079046573,0.3573806232093769,0.054285714285714284,0.09142857142857143,0.1,0.0,1.14,0.005714285714285714,0.0,0.0058008667771367985,0.08436634914903715,11.794285714285714,0.0,0.0,0.15,0.08,0,0.12091520413200364,0.14417637058482624,1.204747129974673,0.8524992736482793,0.0,0.9142857142857143,0.0,0.2,0.0,0.7902848,0.2,0.08,0.09142857142857143,0.25,0.25
23,0.5649866292944551,0.49388130064184665,0.5649866292944551,0.49388130064184665,0.26235045025828074,0.4952765761674534,0.7857142857142857,0.35125445212881456,0.35805864355140793,0.054285714285714284,0.7857142857142857,0.35125445212881456,0.35805864355140793,0.054285714285714284,0.07714285714285714,0.08285714285714285,0.0,1.18,0.014285714285714285,0.0,0.0058008667771367985,0.08436634914903715,11.794285714285714,0.0,0.0,0.15,0.08,0,0.12356762811134364,0.14562902005992398,1.2635093302323224,0.8876502224576002,0.0,0.9310344827586207,0.0,0.2,0.0,0.7902848,0.2,0.08,0.07714285714285714,0.25,0.25
24,0.5745512290410095,0.4940470466175751,0.5745512290410095,0.4940470466175751,0.26235045025828074,0.4955917836190359,0.8028571428571428,0.3511401664145289,0.35871702076434214,0.054285714285714284,0.8028571428571428,0.3511401664145289,0.35871702076434214,0.054285714285714284,0.08857142857142856,0.10571428571428572,0.0,1.3371428571428572,0.017142857142857144,0.0,0.004588771304363468,0.08436634914903715,11.794285714285714,0.0,0.0,0.15,0.08,0,0.12504462047437243,0.14850375,1.3439534293419615,0.9603999999999999,0.0,0.918918918918919,0.0,0.2,0.0,0.83222784,0.2,0.08,0.08857142857142856,0.25,0.25
25,0.5829373437838675,0.4947192638819273,0.5829373437838675,0.4947192638819273,0.26235045025828074,0.49595702006897063,0.7914285714285715,0.35158086772500974,0.35970630232993084,0.054285714285714284,0.7914285714285715,0.35158086772500974,0.35970630232993084,0.054285714285714284,0.11428571428571428,0.12857142857142856,0.0,1.4885714285714287,0.022857142857142857,0.0,0.003638839684490851,0.08436634914903715,11.794285714285714,0.0,0.0,0.15,0.08,0,0.13199082594342915,0.14925,1.445645789326551,0.98,0.0,0.8666666666666667,0.0,0.2,0.0,0.865782272,0.2,0.08,0.11428571428571428,0.25,0.25
26,0.5913417853172414,0.4947808442985573,0.5913417853172414,0.4947808442985573,0.26235045025828074,0.49632220653610387,0.7771428571428571,0.35192372486786694,0.3601997582137344,0.054285714285714284,0.7771428571428571,0.35192372486786694,0.3601997582137344,0.054285714285714284,0.06571428571428571,0.07714285714285714,0.0,1.6485714285714286,0.037142857142857144,0.0,0.003638839684490851,0.08436634914903715,11.794285714285714,0.0,0.0,0.15,0.08,0,0.1337089200892011,0.148578375,1.493875730682877,0.9623600000000003,0.0,0.9629629629629629,0.0,0.2,0.0,0.865782272,0.2,0.08,0.06571428571428571,0.25,0.25
27,0.6009699159088455,0.49456041224579295,0.6009699159088455,0.49456041224579295,0.26235045025828074,0.49678183603930404,0.7742857142857142,0.35215229629643835,0.36060378630733814,0.05714285714285714,0.7742857142857142,0.35215229629643835,0.36060378630733814,0.05714285714285714,0.10857142857142857,0.12,0.0,1.86,0.04285714285714286,0.0,0.0028910049633847647,0.08436634914903715,11.794285714285714,0.0,0.0,0.15,0.08,0,0.13729723263161223,0.14850375,1.5839982160692196,0.9603999999999999,0.0,0.9047619047619048,0.0,0.2,0.0,0.8926258176,0.2,0.08,0.10857142857142857,0.25,0.25
28,0.6082159737738995,0.49478743553048615,0.6082159737738995,0.49478743553048615,0.26235045025828074,0.4971107048880268,0.7457142857142857,0.3520683770013546,0.36077521487876674,0.05714285714285714,0.7457142857142857,0.3520683770013546,0.36077521487876674,0.05714285714285714,0.09714285714285714,0.10857142857142857,0.0,2.0342857142857143,0.045714285714285714,0.0,0.002300225933956769,0.08436634914903715,11.794285714285714,0.0,0.0,0.15,0.08,0,0.13872460432559702,0.147835483125,1.6608896803192634,0.9431128000000003,0.0,0.9210526315789473,0.0,0.2,0.0,0.9141006540800001,0.2,0.08,0.09714285714285714,0.25,0.25
29,0.6157653132671645,0.4945098673844174,0.6157653132671645,0.4945098673844174,0.26235045025828074,0.4975264247026727,0.7571428571428571,0.3523540912870689,0.3613811319119857,0.05714285714285714,0.7571428571428571,0.3523540912870689,0.3613811319119857,0.05714285714285714,0.10857142857142857,0.11142857142857143,0.0,2.2457142857142856,0.06285714285714286,0.0,0.0018322643141037613,0.08436634914903715,11.794285714285714,0.0,0.0,0.15,0.08,0,0.13971655273254047,0.147096305709375,1.7391004581414498,0.9242505440000003,0.0,1.0,0.0,0.2,0.0,0.931280523264,0.2,0.08,0.10857142857142857,0.25,0.25
30,0.6238057378621785,0.4943115020062169,0.6238057378621785,0.4943115020062169,0.26235045025828074,0.4978482755075211,0.7342857142857143,0.35246837700135464,0.36159741368380455,0.05714285714285714,0.7342857142857143,0.35246837700135464,0.36159741368380455,0.05714285714285714,0.06571428571428571,0.06857142857142857,0.0,2.422857142857143,0.07142857142857142,0.0,0.0018322643141037613,0.08436634914903715,11.794285714285714,0.0,0.0,0.15,0.08,0,0.1396751128260206,0.14636082418082813,1.7728898775500492,0.9057655331200002,0.0,1.0,0.0,0.2,0.0,0.931280523264,0.2,0.08,0.06571428571428571,0.25,0.25
31,0.6316553028615275,0.4946150013287627,0.6316553028615275,0.4946150013287627,0.26235045025828074,0.4980668259129853,0.6828571428571428,0.35246837700135464,0.36159741368380455,0.05714285714285714,0.6828571428571428,0.35246837700135464,0.36159741368380455,0.05714285714285714,0.054285714285714284,0.06,0.0,2.611428571428571,0.07428571428571429,0.0,0.0018322643141037613,0.08436634914903715,11.794285714285714,0.0,0.0,0.15,0.08,0,0.13923373726189053,0.14562902005992398,1.7974320799990482,0.8876502224576002,0.0,1.0,0.0,0.2,0.0,0.931280523264,0.2,0.08,0.054285714285714284,0.25,0.25
32,0.6390577577302703,0.4943670612168533,0.6390577577302703,0.4943670612168533,0.26235045025828074,0.49801747264081986,0.6314285714285715,0.3525826627156403,0.36168312796951885,0.05714285714285714,0.6314285714285715,0.3525826627156403,0.36168312796951885,0.05714285714285714,0.08285714285714285,0.08571428571428572,0.0,2.8,0.08285714285714285,0.0,0.0014608124714466765,0.08436634914903715,11.794285714285714,0.0,0.0,0.15,0.08,0,0.13939371286129537,0.14490087495962437,1.8471977241133528,0.8698972180084482,0.0,1.0,0.0,0.2,0.0,0.9450244186112,0.2,0.08,0.08285714285714285,0.25,0.25
33,0.6493325463797627,0.4938612617423163,0.6493325463797627,0.4938612617423163,0.26235045025828074,0.498064788179019,0.6542857142857142,0.35246837700135464,0.3615974136838045,0.05714285714285714,0.6542857142857142,0.35246837700135464,0.3615974136838045,0.05714285714285714,0.07142857142857142,0.07428571428571429,0.0,2.9771428571428573,0.09428571428571429,0.0,0.0014608124714466765,0.08436634914903715,11.794285714285714,0.0,0.0,0.15,0.08,0,0.1406680300112746,0.14490087495962437,1.8845394839168,0.8698972180084482,0.0,0.9230769230769231,0.0,0.2,0.0,0.9450244186112,0.2,0.08,0.07142857142857142,0.25,0.25
34,0.655131461842191,0.49475679135131045,0.655131461842191,0.49475679135131045,0.26235045025828074,0.4981332757129692,0.6257142857142857,0.3531540912870689,0.36211169939809024,0.06,0.6257142857142857,0.3531540912870689,0.36211169939809024,0.06,0.06571428571428571,0.06857142857142857,0.0,3.2457142857142856,0.10285714285714286,0.0,0.0014608124714466765,0.08436634914903715,11.794285714285714,0.0,0.0,0.15,0.08,0,0.14276440414693248,0.14417637058482624,1.9154201228098924,0.8524992736482793,0.0,1.0,0.0,0.2,0.0,0.9450244186112,0.2,0.08,0.06571428571428571,0.25,0.25
35,0.6615994221392858,0.49466104460132865,0.6615994221392858,0.49466104460132865,0.26235045025828074,0.4981801536210323,0.6028571428571429,0.3536112341442118,0.3624545565409474,0.06,0.6028571428571429,0.3536112341442118,0.3624545565409474,0.06,0.07428571428571429,0.07714285714285714,0.0,3.4371428571428573,0.12,0.0,0.0014608124714466765,0.08436634914903715,11.794285714285714,0.0,0.0,0.15,0.08,0,0.1440247862167785,0.14345548873190211,1.9542545774965518,0.8354492881753136,0.0,1.0,0.0,0.2,0.0,0.9450244186112,0.2,0.08,0.07428571428571429,0.25,0.25
36,0.6684324754296804,0.4946137432615856,0.6684324754296804,0.4946137432615856,0.26235045025828074,0.49816393725811325,0.6142857142857143,0.3533255198584975,0.36224027082666166,0.05714285714285714,0.6142857142857143,0.3533255198584975,0.36224027082666166,0.05714285714285714,0.045714285714285714,0.05142857142857143,0.0,3.645714285714286,0.12857142857142856,0.0,0.0014608124714466765,0.08436634914903715,11.794285714285714,0.0,0.0,0.15,0.08,0,0.14516180514283747,0.14404509307827068,1.9665980573751922,0.8503729859171385,0.0,0.8333333333333334,0.0,0.2,0.0,0.9450244186112,0.2,0.08,0.045714285714285714,0.25,0.25
37,0.6763964695261089,0.4952612542385959,0.6763964695261089,0.4952612542385959,0.26235045025828074,0.4980675641111692,0.6057142857142858,0.3533255198584975,0.36224027082666166,0.05714285714285714,0.6057142857142858,0.3533255198584975,0.36224027082666166,0.05714285714285714,0.05714285714285714,0.06,0.0,3.837142857142857,0.13428571428571429,0.0,0.0014608124714466765,0.08436634914903715,11.794285714285714,0.0,0.0,0.15,0.08,0,0.14469285325998044,0.14332486761287933,1.9872660962276885,0.8333655261987957,0.0,1.0,0.0,0.2,0.0,0.9450244186112,0.2,0.08,0.05714285714285714,0.25,0.25
38,0.6817658171528996,0.4950287635887672,0.6817658171528996,0.4950287635887672,0.26235045025828074,0.49784897771871217,0.5828571428571429,0.35355409128706894,0.36241169939809026,0.05714285714285714,0.5828571428571429,0.35355409128706894,0.36241169939809026,0.05714285714285714,0.037142857142857144,0.037142857142857144,0.0,4.0285714285714285,0.14857142857142858,0.0,0.0014608124714466765,0.08436634914903715,11.794285714285714,0.0,0.0,0.15,0.08,0,0.14576938899368053,0.14850375,1.9846636314459916,0.9603999999999999,0.0,0.9230769230769231,0.0,0.2,0.0,0.9450244186112,0.2,0.08,0.037142857142857144,0.25,0.25
39,0.6886122718108734,0.4951029005482316,0.6886122718108734,0.4951029005482316,0.26235045025828074,0.49771227943142354,0.5971428571428572,0.35418266271564036,0.3628831279695188,0.06,0.5971428571428572,0.35418266271564036,0.3628831279695188,0.06,0.07142857142857142,0.08285714285714285,0.0,4.2542857142857144,0.15142857142857144,0.0,0.0014608124714466765,0.08436634914903715,11.794285714285714,0.0,0.0,0.15,0.08,0,0.14809498485239062,0.14776123124999999,2.027827501674215,0.9411919999999999,0.0,1.0,0.0,0.2,0.0,0.9450244186112,0.2,0.08,0.07142857142857142,0.25,0.25
40,0.69460108754671,0.49499062733156196,0.69460108754671,0.49499062733156196,0.26235045025828074,0.4977343946974372,0.5142857142857142,0.3549255198584975,0.36348674067033176,0.06285714285714286,0.5142857142857142,0.3549255198584975,0.36348674067033176,0.06285714285714286,0.06285714285714286,0.07428571428571429,0.0,4.417142857142857,0.15428571428571428,0.0,0.0014608124714466765,0.08436634914903715,11.794285714285714,0.0,0.0,0.15,0.08,0,0.15089424884765523,0.14702242509375,2.0615566659264446,0.9223681599999999,0.0,1.0,0.0,0.2,0.0,0.9450244186112,0.2,0.08,0.06285714285714286,0.25,0.25
41,0.7013533259857654,0.49452156982904333,0.7013533259857654,0.49452156982904333,0.26235045025828074,0.49806995382892777,0.56,0.3558398055727832,0.36417245495604605,0.06571428571428571,0.56,0.3558398055727832,0.36417245495604605,0.06571428571428571,0.07142857142857142,0.07428571428571429,0.0,4.685714285714286,0.15714285714285714,0.0,0.0014608124714466765,0.08436634914903715,11.794285714285714,0.0,0.0,0.15,0.08,0,0.15499692046055982,0.14643470479645315,2.09461124689363,0.9076479171200007,0.0,0.9615384615384616,0.0,0.2,0.0,0.9450244186112,0.2,0.08,0.07142857142857142,0.25,0.25
42,0.7061458752527716,0.49434417793821184,0.7061458752527716,0.49434417793821184,0.26235045025828074,0.49846645685010216,0.5571428571428572,0.3567540912870689,0.36485816924176034,0.06571428571428571,0.5571428571428572,0.3567540912870689,0.36485816924176034,0.06571428571428571,0.05714285714285714,0.06,0.0,4.7942857142857145,0.15428571428571428,0.0,0.0014608124714466765,0.08436634914903715,11.794285714285714,0.0,0.0,0.15,0.08,0,0.15729343483918334,0.14724518258437505,2.1127190219557574,0.9281313440000012,0.0,0.9523809523809523,0.0,0.2,0.0,0.9450244186112,0.2,0.08,0.05714285714285714,0.25,0.25
43,0.7129495188750036,0.49524745755839616,0.7118899740897855,0.4950612255637824,0.26235045025828074,0.49877347188769783,0.5472779369627507,0.358034146642812,0.3654162419609296,0.06876790830945559,0.5457142857142857,0.35743980557278326,0.36514831593457003,0.06857142857142857,0.05730659025787966,0.06285714285714286,0.002857142857142857,4.88,0.14613180515759314,0.002857142857142857,0.0014621352695901508,0.08436634914903715,11.69054441260745,0.0,0.0,0.15,0.08022922636103152,0,0.15764086956449705,0.148578375,2.133321784373785,0.9623600000000003,0.0,0.9545454545454546,0.0,0.2,0.0,0.9450244186112,0.2,0.08,0.05714285714285714,0.25,0.25
44,0.7176616516859989,0.4953264741806995,0.7165886436641778,0.4951588291106277,0.26235045025828074,0.49918039622504373,0.5587392550143266,0.35900268805145813,0.3657171015597835,0.07163323782234957,0.5571428571428572,0.35840557972026177,0.36544831593457006,0.07142857142857142,0.054441260744985676,0.05714285714285714,0.002857142857142857,4.962857142857143,0.1489971346704871,0.0,0.0014632718514341805,0.08436634914903715,11.69054441260745,0.0,0.0,0.15,0.08022922636103152,0,0.15839466807024596,0.148578375,2.1477982058291665,0.9623600000000003,0.0,0.95,0.0,0.2,0.0,0.9450244186112,0.2,0.08,0.054441260744985676,0.25,0.25
45,0.7233513730743156,0.4951327273705,0.722262108705671,0.49491737046995316,0.26235045025828074,0.4995736486482586,0.5214899713467048,0.35961679123129797,0.3661469009867176,0.07163323782234957,0.52,0.3590179283195878,0.3658768873631415,0.07142857142857142,0.06303724928366762,0.07428571428571429,0.002857142857142857,5.04,0.14613180515759314,0.0,0.0014632718514341805,0.08436634914903715,11.69054441260745,0.0,0.0,0.15,0.08022922636103152,0,0.15843012615489474,0.14865337500000003,2.1791279559982972,0.9643600000000009,0.0,0.9615384615384616,0.0,0.2,0.0,0.9450244186112,0.2,0.08,0.06303724928366762,0.25,0.25
46,0.7280724101244811,0.49578661598339147,0.7269696570785502,0.49553222591668006,0.26235045025828074,0.4999280559811602,0.5730659025787965,0.3597314044118138,0.36644776058557144,0.07163323782234957,0.5714285714285714,0.3591322140338735,0.36617688736314147,0.07142857142857142,0.05730659025787966,0.06857142857142857,0.002857142857142857,5.137142857142857,0.15759312320916904,0.0,0.0014632718514341805,0.08436634914903715,11.69054441260745,0.0,0.0,0.15,0.08022922636103152,0,0.15902149542849708,0.1600018584554199,2.2041168254497596,0.9918013195130485,0.0,0.9583333333333334,0.0,0.2,0.0,0.9450244186112,0.2,0.08,0.05730659025787966,0.25,0.25
47,0.7329559830180559,0.49705584190215063,0.7318392769067147,0.4967800562719566,0.26235045025828074,0.500352126464399,0.4899713467048711,0.36053369667542406,0.3671749043102011,0.07163323782234957,0.48857142857142855,0.3599322140338735,0.36690195353427224,0.07142857142857142,0.07736389684813753,0.08571428571428572,0.002857142857142857,5.217142857142857,0.1518624641833811,0.0,0.0014632718514341805,0.08436634914903715,11.69054441260745,0.0,0.0,0.15,0.08022922636103152,0,0.16095982905470102,0.15920184916314278,2.24574877465505,0.9719652931227875,0.0,1.0,0.0,0.2,0.0,0.9450244186112,0.2,0.08,0.07736389684813753,0.25,0.25
48,0.737480763392369,0.49744827837872485,0.7363511293371013,0.4971465317135327,0.26235045025828074,0.5007548862315665,0.5128939828080229,0.3604093072649698,0.3671715167177504,0.07163323782234957,0.5114285714285715,0.3598081800217348,0.36689857562065703,0.07142857142857142,0.07736389684813753,0.08,0.002857142857142857,5.265714285714286,0.14613180515759314,0.0,0.0014632718514341805,0.08436634914903715,11.69054441260745,0.0,0.0,0.15,0.08022922636103152,0,0.16233950740681088,0.16042073179232702,2.280833799161949,1.0054531872603305,0.0,0.9285714285714286,0.0,0.2,0.0,0.9450244186112,0.2,0.08,0.07736389684813753,0.25,0.25
49,0.7428732093790599,0.4969078828189504,0.7417281683352587,0.49655687373549595,0.26235045025828074,0.5011289075571308,0.4297994269340974,0.3604093072649698,0.36735351559165574,0.07163323782234957,0.42857142857142855,0.3598081800217348,0.36708005449777975,0.07142857142857142,0.08882521489971347,0.09142857142857143,0.002857142857142857,5.377142857142857,0.1518624641833811,0.0,0.001167432886994704,0.08436634914903715,11.69054441260745,0.0,0.0,0.15,0.08022922636103152,0,0.16198381272334825,0.1596186281333654,2.3266456946072815,0.9853441235151238,0.0,1.0,0.0,0.2,0.0,0.95601953488896,0.2,0.08,0.08882521489971347,0.25,0.25
50,0.7494359361828332,0.49677123257511135,0.7482721444910213,0.49643202754141386,0.26235045025828074,0.5014603815890313,0.498567335243553,0.3607531468065171,0.36761139524781616,0.07163323782234957,0.49714285714285716,0.360151037164592,0.3673371973549226,0.07142857142857142,0.10888252148997135,0.12285714285714286,0.002857142857142857,5.451428571428571,0.16045845272206305,0.0,0.0009319256586209394,0.08436634914903715,11.69054441260745,0.0,0.0,0.15,0.08022922636103152,0,0.1635024121378752,0.16016715999269854,2.402969923572279,1.0012772410448205,0.0,0.9767441860465116,0.0,0.2,0.0,0.9648156279111679,0.2,0.08,0.10888252148997135,0.25,0.25
51,0.754409428351839,0.4961679176791941,0.7532314266824015,0.4958018994119173,0.26235045025828074,0.501903189820303,0.5730659025787965,0.36184197202141677,0.36830607802846055,0.07163323782234957,0.5714285714285714,0.3612367514503063,0.36802989532762226,0.07142857142857142,0.13753581661891118,0.14285714285714285,0.002857142857142857,5.611428571428571,0.16045845272206305,0.0,0.0007442562091378799,0.08436634914903715,11.69054441260745,0.0,0.0,0.15,0.08022922636103152,0,0.1655705965268632,0.15936632419273505,2.497767667957976,0.981251696223924,0.0,1.0,0.0,0.2,0.0,0.9718525023289344,0.2,0.08,0.13753581661891118,0.25,0.25
52,0.758862099477176,0.4966012166009381,0.7576713758902374,0.49624300618529577,0.26235045025828074,0.5022906441918161,0.5214899713467048,0.36241503792399554,0.36873587745539466,0.07449856733524356,0.52,0.36180818002173487,0.3684584667561937,0.07428571428571429,0.12607449856733524,0.14,0.002857142857142857,5.72,0.16905444126074498,0.0,0.0005945875374492795,0.08436634914903715,11.69054441260745,0.0,0.0,0.15,0.08022922636103152,0,0.166082618721411,0.2493299363783592,2.5878123145988168,0.9744388237577174,0.0,0.9795918367346939,0.0,0.2,0.0,0.9774820018631475,0.2,0.08,0.12607449856733524,0.25,0.25
53,0.7616382637507906,0.4962457894493261,0.7604396082659274,0.49589360170196317,0.26235045025828074,0.502797484642042,0.4813753581661891,0.3626125936511635,0.36899375711155513,0.07449856733524356,0.48,0.362005171303968,0.36871560961333655,0.07428571428571429,0.09169054441260745,0.10285714285714286,0.002857142857142857,5.808571428571429,0.17191977077363896,0.0,0.00047514918672496054,0.08436634914903715,11.69054441260745,0.0,0.0,0.15,0.08022922636103152,0,0.16565206277066105,0.2480832866964674,2.6389132111639833,0.9549500472825629,0.0,1.0,0.0,0.2,0.0,0.981985601490518,0.2,0.08,0.09169054441260745,0.25,0.25
54,0.7656261794926101,0.4968475391808572,0.7644161299627701,0.496440822835083,0.26235045025828074,0.5031106585570781,0.5128939828080229,0.3628991266024529,0.36934442283088165,0.07449856733524356,0.5114285714285715,0.3622908855896823,0.36906527343060785,0.07428571428571429,0.1174785100286533,0.14285714285714285,0.002857142857142857,5.9714285714285715,0.17478510028653296,0.0,0.00037978718959906114,0.08436634914903715,11.69054441260745,0.0,0.0,0.15,0.08022922636103152,0,0.16724844822404272,0.24924892330838536,2.7289920897978464,0.9666758360048915,0.0,0.98,0.0,0.2,0.0,0.9855884811924144,0.2,0.08,0.1174785100286533,0.25,0.25
55,0.7710257387880897,0.4966719835397813,0.769800261945977,0.4962341042533532,0.26235045025828074,0.5033024289364376,0.5644699140401146,0.363300272734258,0.36956698898704216,0.07449856733524356,0.5628571428571428,0.3626908855896823,0.36928720368346507,0.07428571428571429,0.11461318051575932,0.12857142857142856,0.002857142857142857,6.057142857142857,0.18051575931232092,0.0,0.0003036177719724419,0.08436634914903715,11.69054441260745,0.0,0.0,0.15,0.08022922636103152,0,0.1680241544587279,0.24800267869184345,2.8029836765733176,0.9473423192847937,0.0,1.0,0.0,0.2,0.0,0.9884707849539315,0.2,0.08,0.11461318051575932,0.25,0.25
56,0.7757600768132441,0.4971145328248861,0.7745210732910596,0.496694617657568,0.26235045025828074,0.5032632287852001,0.5358166189111748,0.36378533785867767,0.3697389087578158,0.07449856733524356,0.5342857142857143,0.3631745648137464,0.3694586322548936,0.07428571428571429,0.10315186246418338,0.12857142857142856,0.002857142857142857,6.26,0.18051575931232092,0.0,0.00024275885843864461,0.08436634914903715,11.69054441260745,0.0,0.0,0.15,0.08022922636103152,0,0.16781075509716645,0.24676266529838423,2.8754954316132793,0.9283954728990979,0.0,1.0,0.0,0.2,0.0,0.9907766279631451,0.2,0.08,0.10315186246418338,0.25,0.25
57,0.7787828715447495,0.4977155956458647,0.7775352314661892,0.49726308825394233,0.26235045025828074,0.5031921385508065,0.5444126074498568,0.363470053938674,0.36973890875781573,0.07449856733524356,0.5428571428571428,0.3628601817049427,0.3694586322548936,0.07428571428571429,0.1346704871060172,0.1657142857142857,0.002857142857142857,6.385714285714286,0.18624641833810887,0.0,0.00019412061427333908,0.08436634914903715,11.69054441260745,0.0,0.0,0.15,0.08022922636103152,0,0.1690841334609663,0.2541172059737628,2.9836998086952997,1.048385072337584,0.0,0.9482758620689655,0.0,0.2,0.0,0.9926213023705162,0.2,0.08,0.1346704871060172,0.25,0.25
58,0.7839197947796298,0.4978416173864355,0.7826574777775414,0.49739218909032845,0.26235045025828074,0.5031753182995338,0.5358166189111748,0.363470053938674,0.36991082852858936,0.07449856733524356,0.5342857142857143,0.3628601817049427,0.3696300608263222,0.07428571428571429,0.12320916905444126,0.14,0.002857142857142857,6.52,0.1833810888252149,0.0,0.00015524122950111535,0.08436634914903715,11.69054441260745,0.0,0.0,0.15,0.08022922636103152,0,0.16872442707937574,0.25284661994389396,3.0640258125213937,1.0274173708908323,0.0,1.0,0.0,0.2,0.0,0.9940970418964129,0.2,0.08,0.12320916905444126,0.25,0.25
59,0.7877760517368086,0.4976131657759128,0.7865027168576996,0.49714391401658237,0.26235045025828074,0.503402144939547,0.48424068767908307,0.36358466711918974,0.3701257282420565,0.07449856733524356,0.4828571428571429,0.3629744674192285,0.369844346540608,0.07428571428571429,0.1346704871060172,0.15714285714285714,0.002857142857142857,6.68,0.18624641833810887,0.0,0.00012415765712987003,0.08436634914903715,11.69054441260745,0.0,0.0,0.15,0.08022922636103152,0,0.17059451994397887,0.2515823868441745,3.159888153413824,1.0069149265989592,0.0,0.9636363636363636,0.0,0.2,0.0,0.9952776335171303,0.2,0.08,0.1346704871060172,0.25,0.25
60,0.7909807886518518,0.497790619142364,0.789698297381557,0.49735208906684275,0.26235045025828074,0.5035921162947199,0.45558739255014324,0.36358466711918974,0.3703168265572817,0.07449856733524356,0.4542857142857143,0.3629744674192285,0.37003489886064683,0.07428571428571429,0.12607449856733524,0.14,0.002857142857142857,6.851428571428571,0.1977077363896848,0.0,9.930353781663409e-05,0.08436634914903715,11.69054441260745,0.0,0.0,0.15,0.08022922636103152,0,0.17184687624607048,0.25032447490995363,3.2366903903455464,1.0047766280669796,0.0,0.9591836734693877,0.0,0.2,0.0,0.9962221068137043,0.2,0.08,0.12607449856733524,0.25,0.25
61,0.7967648863068709,0.49865652265163324,0.795465869043276,0.49818829922312147,0.26235045025828074,0.503806204135088,0.45272206303724927,0.363470053938674,0.37023086667189486,0.07449856733524356,0.4514285714285714,0.3628601817049428,0.36994918457493253,0.07428571428571429,0.11174785100286533,0.13142857142857142,0.002857142857142857,7.025714285714286,0.1977077363896848,0.0,7.94283847779253e-05,0.08436634914903715,11.69054441260745,0.0,0.0,0.15,0.08022922636103152,0,0.17193007043626868,0.24907285253540384,3.3033851539672074,1.0026810955056396,0.0,0.9782608695652174,0.0,0.2,0.0,0.9969776854509634,0.2,0.08,0.11174785100286533,0.25,0.25
62,0.8001144843249222,0.49845675660780664,0.7988058967812757,0.49796220557794324,0.26235045025828074,0.5041480086381793,0.5157593123209169,0.36329813416790036,0.3701019268438146,0.07736389684813753,0.5142857142857142,0.3626887531335142,0.36982061314636105,0.07714285714285714,0.12893982808022922,0.15428571428571428,0.002857142857142857,7.308571428571429,0.20057306590257878,0.0,6.353346823061696e-05,0.08436634914903715,11.69054441260745,0.0,0.0,0.15,0.08022922636103152,0,0.17335570579837306,0.24782748827272683,3.391603165173577,1.0006274735955263,0.0,0.9259259259259259,0.0,0.2,0.0,0.9975821483607707,0.2,0.08,0.12893982808022922,0.25,0.25
63,0.8028276244823151,0.4993206337427512,0.8015112851096475,0.4988422777150746,0.26235045025828074,0.5046873829877505,0.45558739255014324,0.36329813416790036,0.3701019268438146,0.07736389684813753,0.4542857142857143,0.3626887531335142,0.36982061314636105,0.07714285714285714,0.10315186246418338,0.11142857142857143,0.002857142857142857,7.457142857142857,0.2034383954154728,0.0,5.0820864066980426e-05,0.08436634914903715,11.69054441260745,0.0,0.0,0.15,0.08022922636103152,0,0.17288878441223834,0.24658835083136318,3.4351996732986767,0.9806149241236157,0.0,1.0,0.0,0.2,0.0,0.9980657186886166,0.2,0.08,0.10315186246418338,0.25,0.25
64,0.804175762780385,0.4995745670578719,0.8028555715840087,0.4991067973963064,0.26235045025828074,0.5052559294112952,0.4699140401146132,0.36345798808085483,0.37027384661458823,0.07736389684813753,0.4685714285714286,0.3628481503210031,0.36999204171778965,0.07714285714285714,0.09455587392550144,0.10285714285714286,0.002857142857142857,7.602857142857143,0.21203438395415472,0.0,4.0652909966326306e-05,0.08436634914903715,11.69054441260745,0.0,0.0,0.15,0.08022922636103152,0,0.17290948334732,0.24535540907720638,3.469352822689846,0.9697836307702904,0.0,0.9722222222222222,0.0,0.2,0.0,0.9984525749508932,0.2,0.08,0.09455587392550144,0.25,0.25
65,0.8068500042212581,0.4996832892369762,0.8055221723350506,0.4992246724557355,0.26235045025828074,0.5055911468949029,0.4355300859598854,0.363343374900339,0.3701878867292015,0.07736389684813753,0.4342857142857143,0.36273386460671736,0.36990632743207535,0.07714285714285714,0.12893982808022922,0.14285714285714285,0.002857142857142857,7.768571428571429,0.20630372492836677,0.0,3.251990868831359e-05,0.08436634914903715,11.69054441260745,0.0,0.0,0.15,0.08022922636103152,0,0.174042235877119,0.24412863203182034,3.542822909093192,0.9820000000000004,0.0,0.98,0.0,0.2,0.0,0.9987620599607145,0.2,0.08,0.12893982808022922,0.25,0.25
66,0.8096030912922257,0.5002335302850769,0.8082673934429584,0.4997794899241251,0.26235045025828074,0.5058303222462972,0.48424068767908307,0.363343374900339,0.3701878867292015,0.07736389684813753,0.4828571428571429,0.36273386460671736,0.36990632743207535,0.07714285714285714,0.12034383954154727,0.13428571428571429,0.002857142857142857,7.914285714285715,0.2148997134670487,0.0,2.6014378986746288e-05,0.08436634914903715,11.69054441260745,0.0,0.0,0.15,0.08022922636103152,0,0.17377177568926408,0.24290798887166123,3.6062521651970423,0.9623600000000003,0.0,1.0,0.0,0.2,0.0,0.9990096479685716,0.2,0.08,0.12034383954154727,0.25,0.25
67,0.8106032215025614,0.5008793989030044,0.8092646661384075,0.5004358281263317,0.26235045025828074,0.5059912516619027,0.4699140401146132,0.363343374900339,0.3701878867292015,0.07736389684813753,0.4685714285714286,0.36273386460671736,0.36990632743207535,0.07714285714285714,0.12320916905444126,0.13428571428571429,0.002857142857142857,8.062857142857142,0.2148997134670487,0.0,2.081051268616919e-05,0.08436634914903715,11.69054441260745,0.0,0.0,0.15,0.08022922636103152,0,0.17361295656181527,0.24169344892730293,3.6684128361788155,0.9431128000000003,0.0,1.0,0.0,0.2,0.0,0.9992077183748573,0.2,0.08,0.12320916905444126,0.25,0.25
68,0.8141359728826713,0.5009442609656953,0.8127873239431457,0.5004875665323418,0.26235045025828074,0.5062523324534614,0.4355300859598854,0.36322876171982327,0.3701019268438146,0.07736389684813753,0.4342857142857143,0.3626195788924316,0.36982061314636105,0.07714285714285714,0.12607449856733524,0.13428571428571429,0.002857142857142857,8.214285714285714,0.22063037249283668,0.0,1.6647776326016616e-05,0.08436634914903715,11.69054441260745,0.0,0.0,0.15,0.08022922636103152,0,0.1737158917790062,0.2461190909872394,3.729330293740954,0.9456877241236166,0.0,0.9787234042553191,0.0,0.2,0.0,0.9993661746998859,0.2,0.08,0.12607449856733524,0.25,0.25
69,0.8168501002256023,0.5012302515725263,0.8154936966365254,0.500729868247418,0.26235045025828074,0.506572224429272,0.49283667621776506,0.3629995353587918,0.369930007073041,0.07736389684813753,0.49142857142857144,0.3623910074638602,0.3696491845749325,0.07714285714285714,0.08882521489971347,0.09142857142857143,0.002857142857142857,8.317142857142857,0.21203438395415472,0.0,1.3317815464901877e-05,0.08436634914903715,11.69054441260745,0.0,0.0,0.15,0.08022922636103152,0,0.17404702660582544,0.24488849553230319,3.746172259294706,0.9984565330901684,0.0,0.9375,0.0,0.2,0.0,0.9994929397599087,0.2,0.08,0.08882521489971347,0.25,0.25
70,0.8189573297726356,0.5007398160932282,0.8175949055277097,0.5002568072421231,0.26235045025828074,0.5068315091109415,0.49283667621776506,0.36277030899776025,0.3697580873022674,0.07736389684813753,0.49142857142857144,0.3621624360352888,0.3694777560035039,0.07714285714285714,0.08882521489971347,0.09714285714285714,0.002857142857142857,8.497142857142856,0.22349570200573066,0.0,1.0653992816523295e-05,0.08436634914903715,11.69054441260745,0.0,0.0,0.15,0.08022922636103152,0,0.1744335057585106,0.249312761114392,3.7683916712516687,0.9819369042728997,0.0,0.9411764705882353,0.0,0.2,0.0,0.999594351807927,0.2,0.08,0.08882521489971347,0.25,0.25
71,0.8224502401686722,0.5006684907559529,0.8210778361797578,0.5002080296592417,0.26235045025828074,0.5070378717168431,0.4469914040114613,0.36265569581724455,0.36967212741688055,0.07736389684813753,0.44571428571428573,0.362048150321003,0.3693920417177896,0.07714285714285714,0.09742120343839542,0.11142857142857143,0.002857142857142857,8.677142857142858,0.22349570200573066,0.0,8.523028151068834e-06,0.08436634914903715,11.69054441260745,0.0,0.0,0.15,0.08022922636103152,0,0.17494702540448714,0.24806619730882,3.8044524092552066,0.979443495686972,0.0,0.9743589743589743,0.0,0.2,0.0,0.9996754814463416,0.2,0.08,0.09742120343839542,0.25,0.25
72,0.8268323902072187,0.5006705535940654,0.8254474657896227,0.5002068507276812,0.26235045025828074,0.507225613308655,0.46131805157593125,0.3625410826367288,0.36958616753149376,0.07736389684813753,0.46,0.36193386460671734,0.3693063274320753,0.07714285714285714,0.09169054441260745,0.10285714285714286,0.002857142857142857,8.874285714285714,0.23209169054441262,0.0,6.818316222290614e-06,0.08436634914903715,11.69054441260745,0.0,0.0,0.15,0.08022922636103152,0,0.17490057599175043,0.2468258663222759,3.831220503927246,0.9623600000000003,0.0,0.9722222222222222,0.0,0.2,0.0,0.9997403851570732,0.2,0.08,0.09169054441260745,0.25,0.25
73,0.8297347471851526,0.49970017666232314,0.8283415303190483,0.49927509591149033,0.26235045025828074,0.5073968722347174,0.4670487106017192,0.36231185627569723,0.36941424776072007,0.07736389684813753,0.4657142857142857,0.361705293178146,0.36913489886064677,0.07714285714285714,0.1174785100286533,0.12857142857142856,0.002857142857142857,9.06857142857143,0.22922636103151864,0.0,5.454584950237566e-06,0.08436634914903715,11.69054441260745,0.0,0.0,0.15,0.08022922636103152,0,0.17620177170867593,0.24559173699066453,3.8831675224201287,0.9749490501208479,0.0,0.9555555555555556,0.0,0.2,0.0,0.9997923081256586,0.2,0.08,0.1174785100286533,0.25,0.25
74,0.8329226327387633,0.49960005297819693,0.8315203076282202,0.4992058129852382,0.26235045025828074,0.5073332071899689,0.44126074498567336,0.3621972430951815,0.3693282878753333,0.07736389684813753,0.44,0.36159100746386025,0.36904918457493247,0.07714285714285714,0.11174785100286533,0.13142857142857142,0.002857142857142857,9.202857142857143,0.23209169054441262,0.0,4.363624424314032e-06,0.08436634914903715,11.69054441260745,0.0,0.0,0.15,0.08022922636103152,0,0.17640406279666818,0.24436377830571118,3.936932743400298,0.9554500691184309,0.0,0.9782608695652174,0.0,0.2,0.0,0.9998338465005269,0.2,0.08,0.11174785100286533,0.25,0.25
75,0.8356594537695348,0.4988943844701002,0.8342493091703322,0.49855780188966137,0.26235045025828074,0.5071645276967102,0.47564469914040114,0.3621972430951815,0.3693282878753333,0.07736389684813753,0.4742857142857143,0.36159100746386025,0.36904918457493247,0.07714285714285714,0.10601719197707736,0.12285714285714286,0.002857142857142857,9.402857142857142,0.23209169054441262,0.0,3.4908716774061645e-06,0.08436634914903715,11.69054441260745,0.0,0.0,0.15,0.08022922636103152,0,0.17597904248268478,0.24314195941418265,3.981051231389435,0.9363410677360622,0.0,1.0,0.0,0.2,0.0,0.9998670772004215,0.2,0.08,0.10601719197707736,0.25,0.25
76,0.8367236997035163,0.49745874822521513,0.8353105144016453,0.49711140831500455,0.26235045025828074,0.5068395586058351,0.49570200573065903,0.3621972430951815,0.3693282878753333,0.07736389684813753,0.4942857142857143,0.36159100746386025,0.36904918457493247,0.07714285714285714,0.10315186246418338,0.12,0.002857142857142857,9.531428571428572,0.2349570200573066,0.0,2.792679510684496e-06,0.08436634914903715,11.69054441260745,0.0,0.0,0.15,0.08022922636103152,0,0.17555600441312855,0.24192624961711173,4.021430206761646,0.9176142463813409,0.0,1.0,0.0,0.2,0.0,0.9998936617603371,0.2,0.08,0.10315186246418338,0.25,0.25
77,0.8393645980051285,0.4973571882293094,0.8379438672795387,0.4970110270010833,0.26235045025828074,0.5065240122865537,0.4899713467048711,0.3621399365049236,0.3692853079326399,0.07736389684813753,0.48857142857142855,0.3615338646067174,0.36900632743207534,0.07714285714285714,0.11461318051575932,0.12857142857142856,0.002857142857142857,9.711428571428572,0.23209169054441262,0.0,2.234132196793742e-06,0.08436634914903715,11.69054441260745,0.0,0.0,0.15,0.08022922636103152,0,0.17559222439106292,0.24071661836902616,4.069573031197842,0.9057655331200002,0.0,0.9777777777777777,0.0,0.2,0.0,0.9999149294082696,0.2,0.08,0.11461318051575932,0.25,0.25
78,0.8401506332535094,0.498176312711684,0.8387276567129243,0.4977845029989025,0.26235045025828074,0.506234662449813,0.46418338108882523,0.36202532332440784,0.36919934804725296,0.07736389684813753,0.46285714285714286,0.36141957889243165,0.3689206131463611,0.07714285714285714,0.10315186246418338,0.11142857142857143,0.002857142857142857,9.865714285714287,0.24355300859598855,0.0,1.7872984540338721e-06,0.08436634914903715,11.69054441260745,0.0,0.0,0.15,0.08022922636103152,0,0.1755142632691076,0.23951303527718104,4.099610142002455,0.9039207967999998,0.0,0.9743589743589743,0.0,0.2,0.0,0.9999319435266157,0.2,0.08,0.10315186246418338,0.25,0.25
79,0.8418185303577884,0.49865738925934616,0.8403907883969052,0.4982431979530659,0.26235045025828074,0.506006407775239,0.4670487106017192,0.3619107101438921,0.36911338816186623,0.07736389684813753,0.4657142857142857,0.3613052931781459,0.3688348988606468,0.07714285714285714,0.11174785100286533,0.12857142857142856,0.002857142857142857,10.02,0.23782234957020057,0.0,1.4298340891147286e-06,0.08436634914903715,11.69054441260745,0.0,0.0,0.15,0.08022922636103152,0,0.17574785189572625,0.23831547010079512,4.146189367733835,0.8868293951973568,0.0,0.9777777777777777,0.0,0.2,0.0,0.9999455548212925,0.2,0.08,0.11174785100286533,0.25,0.25
80,0.843430378558076,0.4989490220637411,0.8419980313166207,0.4985107330425542,0.26235045025828074,0.5058490236808649,0.49570200573065903,0.3619107101438921,0.36911338816186623,0.07736389684813753,0.4942857142857143,0.3613052931781459,0.3688348988606468,0.07714285714285714,0.09742120343839542,0.10571428571428572,0.002857142857142857,10.128571428571428,0.2521489971346705,0.0,1.1438642798901112e-06,0.08436634914903715,11.69054441260745,0.0,0.0,0.15,0.08022922636103152,0,0.17526896977910475,0.23712389275029117,4.168979866093444,0.8690928072934098,0.0,1.0,0.0,0.2,0.0,0.9999564438570341,0.2,0.08,0.09742120343839542,0.25,0.25
81,0.8447740924226038,0.4999878869716376,0.8433379059986783,0.49954375424838726,0.26235045025828074,0.5058278870619433,0.4469914040114613,0.3617960969633763,0.36902742827647933,0.07736389684813753,0.44571428571428573,0.36119100746386024,0.3687491845749325,0.07714285714285714,0.09742120343839542,0.12,0.002857142857142857,10.285714285714286,0.23782234957020057,0.0,9.150895094333965e-07,0.08436634914903715,11.69054441260745,0.0,0.0,0.15,0.08022922636103152,0,0.1752780535016378,0.2359382732865397,4.205600268771575,0.8625373956442043,0.0,0.9761904761904762,0.0,0.2,0.0,0.9999651550856272,0.2,0.08,0.09742120343839542,0.25,0.25
82,0.8463800031302604,0.49987083076748906,0.8449392283900273,0.499449715350253,0.26235045025828074,0.5058870331649817,0.46131805157593125,0.3616814837828606,0.3689414683910926,0.07736389684813753,0.46,0.3610767217495745,0.3686634702892182,0.07714285714285714,0.07449856733524356,0.08857142857142856,0.002857142857142857,10.394285714285715,0.24068767908309455,0.0,9.150895094333965e-07,0.08436634914903715,11.69054441260745,0.0,0.0,0.15,0.08022922636103152,0,0.17514437751984388,0.234758581920107,4.210059691967572,0.8693684664579628,0.0,0.967741935483871,0.0,0.2,0.0,0.9999651550856272,0.2,0.08,0.07449856733524356,0.25,0.25
83,0.8479837443241752,0.49989342844918927,0.8465383874662452,0.49945045828297113,0.26235045025828074,0.5057072010880734,0.4297994269340974,0.36156687060234477,0.3688555085057057,0.07736389684813753,0.42857142857142855,0.3609624360352888,0.3685777560035039,0.07714285714285714,0.09169054441260745,0.10285714285714286,0.002857142857142857,10.5,0.23209169054441262,0.0,7.320703822880379e-07,0.08436634914903715,11.69054441260745,0.0,0.0,0.15,0.08022922636103152,0,0.1754303824498768,0.23358478901050647,4.228715640985364,0.8867602518767606,0.0,0.9722222222222222,0.0,0.2,0.0,0.9999721240685018,0.2,0.08,0.09169054441260745,0.25,0.25
84,0.8484417765083142,0.5011453090353635,0.8469951109870009,0.5006617608776883,0.26235045025828074,0.5056363105185182,0.4154727793696275,0.36133764424131326,0.36868358873493207,0.07736389684813753,0.4142857142857143,0.36073386460671736,0.3684063274320754,0.07714285714285714,0.10315186246418338,0.11428571428571428,0.002857142857142857,10.634285714285713,0.2349570200573066,0.0,5.856555216697743e-07,0.08436634914903715,11.69054441260745,0.0,0.0,0.15,0.08022922636103152,0,0.1762503391149175,0.23241686506545395,4.258427042451371,0.8779928403409956,0.0,0.95,0.0,0.2,0.0,0.9999776992548014,0.2,0.08,0.10315186246418338,0.25,0.25
85,0.8491890357359422,0.5008886267191112,0.8477402351882642,0.500377047841239,0.26235045025828074,0.5056867153558916,0.4498567335243553,0.36122303106079756,0.36859762884954533,0.07736389684813753,0.44857142857142857,0.3606195788924316,0.36832061314636105,0.07714285714285714,0.09742120343839542,0.10571428571428572,0.002857142857142857,10.7,0.22349570200573066,0.0,4.6852391547367017e-07,0.08436634914903715,11.69054441260745,0.0,0.0,0.15,0.08022922636103152,0,0.17639495950873568,0.23125478074012668,4.278972787316628,0.8698972180084482,0.0,0.972972972972973,0.0,0.2,0.0,0.9999821594038412,0.2,0.08,0.09742120343839542,0.25,0.25
86,0.8519589593514609,0.5009446799203446,0.8505022447363102,0.5003772593627489,0.26235045025828074,0.5057317659381924,0.5358166189111748,0.36122303106079756,0.36859762884954533,0.07736389684813753,0.5342857142857143,0.3606195788924316,0.36832061314636105,0.07714285714285714,0.10315186246418338,0.12,0.002857142857142857,10.837142857142856,0.23209169054441262,0.0,3.748188111896216e-07,0.08436634914903715,11.69054441260745,0.0,0.0,0.15,0.08022922636103152,0,0.17596984185404912,0.23009850683642605,4.313393331570296,0.8524992736482793,0.0,1.0,0.0,0.2,0.0,0.9999857275230729,0.2,0.08,0.10315186246418338,0.25,0.25
87,0.8532125381005413,0.5017986880238192,0.8517522418318216,0.5012194872925058,0.26235045025828074,0.5057598527604102,0.504297994269341,0.360993804699766,0.36842570907877165,0.07736389684813753,0.5028571428571429,0.3603910074638602,0.36814918457493245,0.07714285714285714,0.12034383954154727,0.12571428571428572,0.002857142857142857,10.928571428571429,0.23209169054441262,0.0,2.9985484339132506e-07,0.08436634914903715,11.69054441260745,0.0,0.0,0.15,0.08022922636103152,0,0.17634713550192174,0.23009319702928963,4.3528397506531755,0.8876502224576002,0.0,0.9545454545454546,0.0,0.2,0.0,0.9999885820184583,0.2,0.08,0.12034383954154727,0.25,0.25
88,0.8559652404366529,0.5012052814942659,0.8544970793041158,0.5006408507383344,0.26235045025828074,0.5057726170843706,0.5071633237822349,0.360993804699766,0.36842570907877165,0.07736389684813753,0.5057142857142857,0.3603910074638602,0.36814918457493245,0.07714285714285714,0.08882521489971347,0.09714285714285714,0.002857142857142857,11.028571428571428,0.2349570200573066,0.0,2.3988374315317905e-07,0.08436634914903715,11.69054441260745,0.0,0.0,0.15,0.08022922636103152,0,0.17735652556415354,0.22894273104414317,4.3629258127829695,0.8698972180084482,0.0,1.0,0.0,0.2,0.0,0.9999908656147667,0.2,0.08,0.08882521489971347,0.25,0.25
89,0.8565182922343537,0.5010566095040206,0.8550485509538231,0.5005076682518609,0.26235045025828074,0.5057466928248379,0.5128939828080229,0.360993804699766,0.36842570907877165,0.07736389684813753,0.5114285714285715,0.3603910074638602,0.36814918457493245,0.07714285714285714,0.10888252148997135,0.11714285714285715,0.002857142857142857,11.094285714285714,0.2349570200573066,0.0,1.919069103257008e-07,0.08436634914903715,11.69054441260745,0.0,0.0,0.15,0.08022922636103152,0,0.1775005823130974,0.22779801738892247,4.392810153670167,0.8524992736482793,0.0,1.0,0.0,0.2,0.0,0.9999926924918133,0.2,0.08,0.10888252148997135,0.25,0.25
90,0.8576824273252919,0.5007555426475133,0.8562093599445014,0.5001571572123427,0.26235045025828074,0.5057867437610972,0.5186246418338109,0.36087919151925024,0.36833974919338486,0.07736389684813753,0.5171428571428571,0.36027672174957454,0.36806347028921826,0.07714285714285714,0.10028653295128939,0.11428571428571428,0.002857142857142857,11.208571428571428,0.24068767908309455,0.0,1.535254743731197e-07,0.08436634914903715,11.69054441260745,0.0,0.0,0.15,0.08022922636103152,0,0.1782182051412733,0.22665902730197784,4.419239664882478,0.8524992736482793,0.0,0.975,0.0,0.2,0.0,0.9999941539934507,0.2,0.08,0.10028653295128939,0.25,0.25
91,0.8582125191408112,0.5015837793420158,0.8567379372119766,0.5009725652559255,0.26235045025828074,0.5058863055429738,0.504297994269341,0.36087919151925024,0.36833974919338486,0.07736389684813753,0.5028571428571429,0.36027672174957454,0.36806347028921826,0.07714285714285714,0.11461318051575932,0.13714285714285715,0.002857142857142857,11.32,0.23782234957020057,0.0,1.228203450107367e-07,0.08436634914903715,11.69054441260745,0.0,0.0,0.15,0.08022922636103152,0,0.17786954268699548,0.22552573216546795,4.467997728727686,0.8354492881753136,0.0,1.0,0.0,0.2,0.0,0.9999953231947606,0.2,0.08,0.11461318051575932,0.25,0.25
92,0.8601981490400067,0.5011482589778956,0.8587178938828885,0.5005132194568291,0.26235045025828074,0.5061567754665222,0.5128939828080229,0.36087919151925024,0.36833974919338486,0.07736389684813753,0.5114285714285715,0.36027672174957454,0.36806347028921826,0.07714285714285714,0.11174785100286533,0.12571428571428572,0.002857142857142857,11.425714285714285,0.24068767908309455,0.0,9.825625393798337e-08,0.08436634914903715,11.69054441260745,0.0,0.0,0.15,0.08022922636103152,0,0.1774371949735605,0.22439810350464062,4.504352059867418,0.8187403024118074,0.0,1.0,0.0,0.2,0.0,0.9999962585558084,0.2,0.08,0.11174785100286533,0.25,0.25
93,0.8622629195861179,0.5003389558853277,0.8607767650845822,0.4996722272477568,0.26235045025828074,0.5064401126082315,0.5243553008595988,0.36087919151925024,0.36833974919338486,0.07736389684813753,0.5228571428571429,0.36027672174957454,0.36806347028921826,0.07714285714285714,0.11461318051575932,0.13714285714285715,0.002857142857142857,11.545714285714286,0.22349570200573066,0.0,7.860498902387976e-08,0.08436634914903715,11.69054441260745,0.0,0.0,0.15,0.08022922636103152,0,0.17709258042726414,0.22327611298711741,4.551407875812926,0.8023654963635712,0.0,1.0,0.0,0.2,0.0,0.9999970068446468,0.2,0.08,0.11461318051575932,0.25,0.25
94,0.865487553609271,0.499880215872334,0.8639921858676692,0.4991740455875598,0.26235045025828074,0.5066577578589307,0.5128939828080229,0.3604207387971872,0.36799590965183754,0.07736389684813753,0.5114285714285715,0.3598195788924316,0.3677206131463611,0.07714285714285714,0.12320916905444126,0.13714285714285715,0.002857142857142857,11.651428571428571,0.22349570200573066,0.0,6.288398217968419e-08,0.08436634914903715,11.69054441260745,0.0,0.0,0.15,0.08022922636103152,0,0.17834997466798497,0.2275963334138892,4.597522575439525,0.9301313440000016,0.0,0.9166666666666666,0.0,0.2,0.0,0.9999976054757174,0.2,0.08,0.12320916905444126,0.25,0.25
95,0.8681959932666109,0.499614308853768,0.8666928871259884,0.4989037127327075,0.26235045025828074,0.5069248078268684,0.4785100286532951,0.3604207387971872,0.36799590965183754,0.07736389684813753,0.47714285714285715,0.3598195788924316,0.3677206131463611,0.07714285714285714,0.11174785100286533,0.12857142857142856,0.002857142857142857,11.794285714285714,0.2177650429799427,0.0,5.0307179957192e-08,0.08436634914903715,11.69054441260745,0.0,0.0,0.15,0.08022922636103152,0,0.1779436533660736,0.22645835174681977,4.634143552502163,0.9115287171200016,0.0,1.0,0.0,0.2,0.0,0.9999980843805739,0.2,0.08,0.11174785100286533,0.25,0.25
96,0.8698344897748476,0.5001980599580317,0.8683267022156299,0.4995632728270112,0.26235045025828074,0.5070462648309922,0.4813753581661891,0.3604207387971872,0.36799590965183754,0.07736389684813753,0.48,0.3598195788924316,0.3677206131463611,0.07714285714285714,0.10315186246418338,0.11428571428571428,0.002857142857142857,11.977142857142857,0.22063037249283668,0.0,4.0245740263899016e-08,0.08436634914903715,11.69054441260745,0.0,0.0,0.15,0.08022922636103152,0,0.17781262013115517,0.22532605998808566,4.655746395737834,0.8932981427776016,0.0,1.0,0.0,0.2,0.0,0.9999984675044591,0.2,0.08,0.10315186246418338,0.25,0.25
97,0.8701963264088706,0.5001917727147897,0.8686875050306986,0.4995348240851175,0.26235045025828074,0.5072712571687746,0.47564469914040114,0.3604207387971872,0.36799590965183754,0.07736389684813753,0.4742857142857143,0.3598195788924316,0.3677206131463611,0.07714285714285714,0.10601719197707736,0.11714285714285715,0.002857142857142857,12.122857142857143,0.2177650429799427,0.0,3.2196589840603476e-08,0.08436634914903715,11.69054441260745,0.0,0.0,0.15,0.08022922636103152,0,0.17746584345907085,0.2241994296881452,4.679774324965934,0.8754321799220495,0.0,1.0,0.0,0.2,0.0,0.9999987740035673,0.2,0.08,0.10601719197707736,0.25,0.25
98,0.8718478435320257,0.4998414670577592,0.8703343035335017,0.4991676904023523,0.26235045025828074,0.5074733958338565,0.4670487106017192,0.36030612561667147,0.36790994976645075,0.07736389684813753,0.4657142857142857,0.3597052931781459,0.36763489886064676,0.07714285714285714,0.10601719197707736,0.12285714285714286,0.002857142857142857,12.211428571428572,0.21203438395415472,0.0,2.5757270355726273e-08,0.08436634914903715,11.69054441260745,0.0,0.0,0.15,0.08022922636103152,0,0.17746380067034692,0.2230784325397045,4.7090359813237574,0.9223681599999999,0.0,0.9767441860465116,0.0,0.2,0.0,0.9999990192028538,0.2,0.08,0.10601719197707736,0.25,0.25
99,0.8740400354398382,0.5000265677343686,0.8725202320358634,0.4993643023482146,0.26235045025828074,0.5076892395523044,0.4813753581661891,0.3601915124361557,0.3678239898810639,0.07736389684813753,0.48,0.3595910074638602,0.3675491845749325,0.07714285714285714,0.11461318051575932,0.13428571428571429,0.002857142857142857,12.345714285714285,0.20916905444126074,0.0,2.0605815313273924e-08,0.08436634914903715,11.69054441260745,0.0,0.0,0.15,0.08022922636103152,0,0.1778777381274786,0.22196304037700595,4.749140975982998,0.9115287171200016,0.0,0.9787234042553191,0.0,0.2,0.0,0.9999992153622831,0.2,0.08,0.11461318051575932,0.25,0.25
100,0.8748967775580365,0.4998479023765382,0.8733745263194385,0.49922984840794876,0.26235045025828074,0.5077358465720184,0.49570200573065903,0.3601342058458978,0.36778100993837043,0.07736389684813753,0.4942857142857143,0.3595338646067173,0.36750632743207545,0.07714285714285714,0.12607449856733524,0.1457142857142857,0.002857142857142857,12.537142857142857,0.22063037249283668,0.0,1.648465162877277e-08,0.08436634914903715,11.69054441260745,0.0,0.0,0.15,0.08022922636103152,0,0.1779593501511269,0.22601673142524836,4.799872442177623,0.9623600000000003,0.0,0.9803921568627451,0.0,0.2,0.0,0.9999993722898265,0.2,0.08,0.12607449856733524,0.25,0.25
101,0.8768151507449296,0.4997355683642271,0.8752874184400831,0.4991471022413207,0.26235045025828074,0.5076560456016804,0.5100286532951289,0.3601342058458978,0.36778100993837043,0.07736389684813753,0.5085714285714286,0.3595338646067173,0.36750632743207545,0.07714285714285714,0.10315186246418338,0.12571428571428572,0.002857142857142857,12.67142857142857,0.21203438395415472,0.0,1.1158203205176266e-08,0.09492034831902924,11.69054441260745,0.1,0.18126924692201818,0.21,0.08022922636103152,0,0.1774981248289427,0.22488664776812212,4.829589279048355,0.9431128000000003,0.0,1.0,0.0,0.2,0.0,0.9999994978318612,0.2,0.08,0.10315186246418338,0.27,0.27
102,0.8783745604024974,0.49991841094855144,0.8768423726414865,0.49937220296655077,0.26235045025828074,0.5075952791907791,0.4183381088825215,0.3601342058458978,0.36778100993837043,0.07736389684813753,0.41714285714285715,0.3595338646067173,0.36750632743207545,0.07714285714285714,0.10315186246418338,0.10857142857142857,0.002857142857142857,12.825714285714286,0.2148997134670487,0.0,8.956336170235493e-09,0.0946037283439295,11.69054441260745,0.097,0.17634209573142312,0.2082,0.08022922636103152,0,0.17786749134765514,0.22376221452928152,4.841568922038818,0.9242505440000003,0.0,1.0,0.0,0.2,0.0,0.9999995982654889,0.2,0.08,0.10315186246418338,0.2694,0.2694
103,0.8785159404395857,0.5002543443358105,0.8769833487356118,0.4997194720558017,0.26235045025828074,0.507623936036277,0.4584527220630373,0.3601342058458978,0.36778100993837043,0.07736389684813753,0.45714285714285713,0.3595338646067173,0.36750632743207545,0.07714285714285714,0.10315186246418338,0.11714285714285715,0.002857142857142857,12.971428571428572,0.22063037249283668,0.0,7.188856368162785e-09,0.09429660696808273,11.69054441260745,0.09409000000000001,0.1715344299918684,0.206454,0.08022922636103152,0,0.1781951406963295,0.2226434034566351,4.8618804007408984,0.9057655331200002,0.0,1.0,0.0,0.2,0.0,0.9999996786123911,0.2,0.08,0.10315186246418338,0.268818,0.268818
104,0.8819620384147299,0.5003173295844062,0.880419600716541,0.4997671855420225,0.26235045025828074,0.5075287703054961,0.5071633237822349,0.35967575312383476,0.3674371703968232,0.07736389684813753,0.5057142857142857,0.3590767217495745,0.36716347028921825,0.07714285714285714,0.12607449856733524,0.1457142857142857,0.002857142857142857,13.122857142857143,0.2177650429799427,0.0,5.7700711552764115e-09,0.09399869923351134,11.69054441260745,0.09126730000000001,0.16684418376162757,0.20476038,0.08022922636103152,0,0.17958916570713357,0.24678801552743068,4.9103570784403665,1.002813372759453,0.0,0.9215686274509803,0.0,0.2,0.0,0.9999997428899129,0.2,0.08,0.12607449856733524,0.26825346,0.26825346
105,0.8825754878115047,0.5003100222991606,0.8810312974007538,0.4997477692595841,0.26235045025828074,0.5073500998452762,0.4785100286532951,0.359561139943319,0.36735121051143643,0.07736389684813753,0.47714285714285715,0.35896243603528877,0.3670777560035039,0.07714285714285714,0.10315186246418338,0.12,0.002857142857142857,13.302857142857142,0.2177650429799427,0.0,4.63119633506259e-09,0.0937097287309771,11.69054441260745,0.088529281,0.16226927610018926,0.2031175686,0.08022922636103152,0,0.17960465130359793,0.2653022515273234,4.932149936871558,1.0287157948575665,0.0,0.9761904761904762,0.0,0.2,0.0,0.9999997943119303,0.2,0.08,0.10315186246418338,0.2677058562,0.2677058562
106,0.8836228268300167,0.5002485027804195,0.8820756440220697,0.4997294335827785,0.26235045025828074,0.5071981510529431,0.5100286532951289,0.3593319135822875,0.3671792907406628,0.07736389684813753,0.5085714285714286,0.35873386460671736,0.3669063274320753,0.07714285714285714,0.12607449856733524,0.14285714285714285,0.002857142857142857,13.405714285714286,0.22063037249283668,0.0,3.7170181133443906e-09,0.0934294273435189,11.69054441260745,0.08587340257,0.15780761504170115,0.201524041542,0.08022922636103152,0,0.18013448590422276,0.26397574026968684,4.976364080991271,1.019463810176813,0.0,0.96,0.0,0.2,0.0,0.9999998354495443,0.2,0.08,0.12607449856733524,0.267174680514,0.267174680514
107,0.8842476826745057,0.500987702441547,0.8826987145641462,0.5004683612295675,0.26235045025828074,0.5071470296966032,0.4899713467048711,0.3592173004017718,0.36709333085527596,0.07736389684813753,0.48857142857142855,0.3586195788924316,0.3668206131463611,0.07714285714285714,0.09742120343839542,0.10857142857142857,0.002857142857142857,13.551428571428572,0.2177650429799427,0.0,2.983214626661387e-09,0.09315753499768448,11.69054441260745,0.08329720049289999,0.15345710132083934,0.19997832029573998,0.08022922636103152,0,0.1800908134747017,0.2626558615683384,4.985408227942874,1.0170745339732763,0.0,0.9736842105263158,0.0,0.2,0.0,0.9999998683596354,0.2,0.08,0.09742120343839542,0.26665944009858,0.26665944009858
108,0.884077228786374,0.5012105103446176,0.8825287476871235,0.5006523006650375,0.26235045025828074,0.5072949520346258,0.4871060171919771,0.359102687221256,0.3670073709698891,0.07736389684813753,0.4857142857142857,0.35850529317814595,0.36673489886064675,0.07714285714285714,0.11461318051575932,0.12285714285714286,0.002857142857142857,13.702857142857143,0.22063037249283668,0.0,2.3942065404629176e-09,0.092893799422225,11.69054441260745,0.08079828447811299,0.14921563186018072,0.1984789706868678,0.08022922636103152,0,0.1801042165501853,0.2613425822604967,5.008557206241159,1.0147330432938104,0.0,0.9767441860465116,0.0,0.2,0.0,0.9999998946877083,0.2,0.08,0.11461318051575932,0.2661596568956226,0.2661596568956226
109,0.8845254507094416,0.5013679900364838,0.882975688976125,0.5008320946597553,0.26235045025828074,0.5074694082929745,0.48424068767908307,0.3586442344991929,0.36666353142834185,0.07736389684813753,0.4828571428571429,0.35804815032100307,0.3663920417177896,0.07714285714285714,0.10315186246418338,0.11428571428571428,0.002857142857142857,13.811428571428571,0.22349570200573066,0.0,1.921432121451913e-09,0.0926379759140294,11.69054441260745,0.0783743359437696,0.14508110302819666,0.19702460156626175,0.08022922636103152,0,0.18137469546743437,0.26473876157428644,5.022671776402049,1.1249222251211606,0.0,0.9,0.0,0.2,0.0,0.9999999157501667,0.2,0.08,0.10315186246418338,0.26567486718875394,0.26567486718875394
110,0.8850009747140939,0.5016392703129618,0.8834498543407641,0.5011261575323286,0.26235045025828074,0.5075177958997314,0.5214899713467048,0.3585296213186772,0.36657757154295506,0.07736389684813753,0.52,0.3579338646067174,0.36630632743207536,0.07714285714285714,0.11174785100286533,0.12857142857142856,0.002857142857142857,13.977142857142857,0.23209169054441262,0.0,1.5419628296975413e-09,0.09238982711107964,11.69054441260745,0.0760231058654565,0.1410514136769826,0.1956138635192739,0.08022922636103152,0,0.18205148403733118,0.263415067766415,5.050789769445437,1.1140523854707423,0.0,0.9777777777777777,0.0,0.2,0.0,0.9999999326001333,0.2,0.08,0.11174785100286533,0.2652046211730913,0.2652046211730913
111,0.8843201598208899,0.5012101780206575,0.8827709846329692,0.5007410241478967,0.26235045025828074,0.5075433463214661,0.5558739255014327,0.3585296213186772,0.36657757154295506,0.07736389684813753,0.5542857142857143,0.3579338646067174,0.36630632743207536,0.07714285714285714,0.12607449856733524,0.13714285714285715,0.002857142857142857,14.142857142857142,0.22349570200573066,0.0,1.237392166629911e-09,0.09214912277221833,11.69054441260745,0.0737424126894928,0.13712446796878974,0.19424544761369567,0.08022922636103152,0,0.18239603123477482,0.2620979924275829,5.086916831199385,1.0917713377613274,0.0,1.0,0.0,0.2,0.0,0.9999999460801067,0.2,0.08,0.12607449856733524,0.26474848253789857,0.26474848253789857
112,0.8852839200794206,0.5016071179121239,0.8837319912907612,0.5011712761738194,0.26235045025828074,0.5075549253180381,0.504297994269341,0.3585296213186772,0.36657757154295506,0.07736389684813753,0.5028571428571429,0.3579338646067174,0.36630632743207536,0.07714285714285714,0.11174785100286533,0.13142857142857142,0.002857142857142857,14.251428571428571,0.22349570200573066,0.0,9.929437930283142e-10,0.09191563956352289,11.69054441260745,0.07153014030880801,0.13329817800035182,0.1929180841852848,0.08022922636103152,0,0.1820260539321724,0.260787502465445,5.116607066003969,1.0699359110061009,0.0,1.0,0.0,0.2,0.0,0.9999999568640854,0.2,0.08,0.11174785100286533,0.2643060280617616,0.2643060280617616
113,0.8865805971398321,0.500611471778761,0.8850249635595716,0.5002340830304205,0.26235045025828074,0.5076419767140973,0.501432664756447,0.3585296213186772,0.36657757154295506,0.07736389684813753,0.5,0.3579338646067174,0.36630632743207536,0.07714285714285714,0.10028653295128939,0.10571428571428572,0.002857142857142857,14.348571428571429,0.22636103151862463,0.0,7.96755605756785e-10,0.09168916085108834,11.69054441260745,0.06938423609954376,0.1295704662338868,0.19163054165972626,0.08022922636103152,0,0.18151578080536865,0.25948356495311775,5.119989210398175,1.0485371927859788,0.0,1.0,0.0,0.2,0.0,0.9999999654912683,0.2,0.08,0.10028653295128939,0.26387684721990873,0.26387684721990873
114,0.8880572132130822,0.5008003949218773,0.8864973607297553,0.5004483602164125,0.26235045025828074,0.5079545923199565,0.5071633237822349,0.3585296213186772,0.36657757154295506,0.07736389684813753,0.5057142857142857,0.3579338646067174,0.36630632743207536,0.07714285714285714,0.10315186246418338,0.10857142857142857,0.002857142857142857,14.525714285714285,0.22349570200573066,0.0,6.393050431506251e-10,0.0914694765000268,11.69054441260745,0.06730270901655745,0.1259392677435177,0.19038162540993447,0.08022922636103152,0,0.18109334475848465,0.25818614712835214,5.12616085476164,1.027566448930259,0.0,1.0,0.0,0.2,0.0,0.9999999723930146,0.2,0.08,0.10315186246418338,0.26346054180331147,0.26346054180331147
115,0.8872553896048424,0.5002540500018369,0.8856978280461105,0.4998915336330552,0.26235045025828074,0.5082424091781707,0.5501432664756447,0.3585296213186772,0.36657757154295506,0.07736389684813753,0.5485714285714286,0.3579338646067174,0.36630632743207536,0.07714285714285714,0.10888252148997135,0.12571428571428572,0.002857142857142857,14.645714285714286,0.22349570200573066,0.0,5.129477309880524e-10,0.0912563826794971,11.69054441260745,0.06528362774606072,0.12240253228570042,0.1891701766476364,0.08022922636103152,0,0.18073016374897796,0.2568952163927104,5.149351923380694,1.007015119951654,0.0,1.0,0.0,0.2,0.0,0.9999999779144118,0.2,0.08,0.10888252148997135,0.26305672554921217,0.26305672554921217
116,0.887870673786286,0.5010274401383913,0.88631135427275,0.5006738222590218,0.26235045025828074,0.5086634350852056,0.5100286532951289,0.3585296213186772,0.36657757154295506,0.07736389684813753,0.5085714285714286,0.3579338646067174,0.36630632743207536,0.07714285714285714,0.10028653295128939,0.10571428571428572,0.002857142857142857,14.831428571428571,0.23209169054441262,0.0,4.1154713338524263e-10,0.09104968167358332,11.69054441260745,0.0633251189136789,0.11895822620206453,0.18799507134820734,0.08022922636103152,0,0.18025479864451877,0.2556107403107469,5.152079170627364,0.9868748175526207,0.0,1.0,0.0,0.2,0.0,0.9999999823315294,0.2,0.08,0.10028653295128939,0.26266502378273576,0.26266502378273576
117,0.8892151081167162,0.502297560860561,0.8876519473622361,0.5019397247814541,0.26235045025828074,0.5090234122586533,0.498567335243553,0.35830039495764565,0.3664224956741101,0.07736389684813753,0.49714285714285716,0.3577052931781459,0.3661516946371414,0.07714285714285714,0.09742120343839542,0.10285714285714286,0.002857142857142857,15.008571428571429,0.22922636103151864,0.0,3.301772116913889e-10,0.09084918169784693,11.69054441260745,0.06142536534626853,0.1156043341628803,0.1868552192077611,0.08022922636103152,0,0.18063881036558188,0.2589269589373363,5.151894730071961,1.0040890266712876,0.0,0.9444444444444444,0.0,0.2,0.0,0.9999999858652235,0.2,0.08,0.09742120343839542,0.2622850730692537,0.2622850730692537
118,0.8907605586684393,0.5022690842805511,0.8891929823409543,0.5019456551977621,0.26235045025828074,0.5094182862405141,0.5501432664756447,0.3581857817771299,0.36633653578872327,0.07736389684813753,0.5485714285714286,0.3575910074638602,0.36606598035142707,0.07714285714285714,0.10315186246418338,0.10857142857142857,0.002857142857142857,15.194285714285714,0.22922636103151864,0.0,2.6488372280758965e-10,0.09065469672138263,11.69054441260745,0.05958260438588047,0.11233886075915511,0.18574956263152828,0.08022922636103152,0,0.1806776170280397,0.25763232414264964,5.157428264041949,1.0020072461378615,0.0,0.9736842105263158,0.0,0.2,0.0,0.9999999886921789,0.2,0.08,0.10315186246418338,0.2619165208771761,0.2619165208771761
119,0.8923247292885238,0.503072822029552,0.8907526839021241,0.5027588688056709,0.26235045025828074,0.5097795141765623,0.5329512893982808,0.35830039495764565,0.3664224956741101,0.07736389684813753,0.5314285714285715,0.3577052931781459,0.3661516946371414,0.07714285714285714,0.11174785100286533,0.13142857142857142,0.002857142857142857,15.388571428571428,0.22922636103151864,0.0,2.124925849112193e-10,0.09046604629421229,11.69054441260745,0.05779512625430405,0.10915983195114243,0.1846770757525824,0.08022922636103152,0,0.1824306582286138,0.25634416252193637,5.185708270189682,1.0005878725746686,0.0,0.9565217391304348,0.0,0.2,0.0,0.9999999909537431,0.2,0.08,0.11174785100286533,0.26155902525086083,0.26155902525086083
120,0.8919244743879414,0.5029906613503529,0.890353572586972,0.5026929495122615,0.26235045025828074,0.5101327099191009,0.504297994269341,0.35830039495764565,0.3664224956741101,0.07736389684813753,0.5028571428571429,0.3577052931781459,0.3661516946371414,0.07714285714285714,0.1174785100286533,0.12857142857142856,0.002857142857142857,15.56,0.23209169054441262,0.0,1.7045601825974362e-10,0.09028305537985702,11.69054441260745,0.05606127246667493,0.1060652963808163,0.18363676348000496,0.08022922636103152,0,0.18206064850889928,0.2550624417093267,5.210565533357316,0.9805761151231753,0.0,1.0,0.0,0.2,0.0,0.9999999927629946,0.2,0.08,0.1174785100286533,0.26121225449333496,0.26121225449333496
121,0.8928118510599432,0.5024960813809012,0.8912384138970537,0.5021880190267514,0.26235045025828074,0.5104362840606378,0.4670487106017192,0.35830039495764565,0.3664224956741101,0.07736389684813753,0.4657142857142857,0.3577052931781459,0.3661516946371414,0.07714285714285714,0.10028653295128939,0.11142857142857143,0.002857142857142857,15.745714285714286,0.23209169054441262,0.0,1.3672902641411944e-10,0.09010555419293242,11.69054441260745,0.05437943429267468,0.10305332655562971,0.1826276605756048,0.08022922636103152,0,0.18155020240921194,0.2537871295007801,5.217782794118741,0.9609645928207118,0.0,1.0,0.0,0.2,0.0,0.9999999942103956,0.2,0.08,0.10028653295128939,0.2608758868585349,0.2608758868585349
122,0.8944066376905964,0.5027097444838564,0.8928286439944766,0.5024036193145065,0.26235045025828074,0.510636702549574,0.5243553008595988,0.3584150081381614,0.36668037533027054,0.07736389684813753,0.5228571428571429,0.35781957889243166,0.3664088374942842,0.07714285714285714,0.11461318051575932,0.12857142857142856,0.002857142857142857,15.905714285714286,0.24068767908309455,0.0,1.096702251934538e-10,0.0899333780416156,11.69054441260745,0.05274805126389444,0.10012201991063052,0.18164883075833665,0.08022922636103152,0,0.1833273092543087,0.2525181938532762,5.241998566807794,0.9417453009642975,0.0,1.0,0.0,0.2,0.0,0.9999999953683165,0.2,0.08,0.11461318051575932,0.2605496102527789,0.2605496102527789
123,0.8936887439615803,0.5038023148504123,0.8921128013904006,0.5035049153427844,0.26235045025828074,0.5107693872874922,0.4670487106017192,0.3580711685966142,0.36642249567411006,0.07736389684813753,0.4657142857142857,0.35747672174957446,0.3661516946371414,0.07714285714285714,0.11461318051575932,0.13142857142857142,0.002857142857142857,16.048571428571428,0.2349570200573066,0.0,8.796223147145611e-11,0.08976636717483821,11.69054441260745,0.051165609725977605,0.09726949975576782,0.18069936583558655,0.08022922636103152,0,0.1850103869937515,0.251462119243088,5.268587166900211,0.9899279637780805,0.0,0.9130434782608695,0.0,0.2,0.0,0.9999999962946532,0.2,0.08,0.11461318051575932,0.26023312194519554,0.26023312194519554
124,0.8942885073962514,0.5038408933269004,0.8927108512152583,0.5035855343552055,0.26235045025828074,0.5108838383979851,0.4785100286532951,0.3580711685966142,0.3666373953875771,0.07736389684813753,0.47714285714285715,0.35747672174957446,0.36636598035142715,0.07714285714285714,0.12607449856733524,0.14285714285714285,0.002857142857142857,16.225714285714286,0.23782234957020057,0.0,7.054774335986343e-11,0.08960436663406421,11.69054441260745,0.04963064143419828,0.09449391611497016,0.17977838486051895,0.08022922636103152,0,0.18548033091917837,0.25020480864687256,5.30607256641935,0.9701294045025188,0.0,1.0,0.0,0.2,0.0,0.9999999970357225,0.2,0.08,0.12607449856733524,0.25992612828683964,0.25992612828683964
125,0.8956306382360636,0.5038517390927165,0.8940491473955282,0.5036444879485569,0.26235045025828074,0.5109459740288885,0.4183381088825215,0.35795655541609833,0.36680931515835075,0.07736389684813753,0.41714285714285715,0.3573624360352888,0.3665374089228557,0.07714285714285714,0.10315186246418338,0.12857142857142856,0.002857142857142857,16.382857142857144,0.24068767908309455,0.0,5.657822432166912e-11,0.08944722610951338,11.69054441260745,0.048141722191172326,0.09179344646333287,0.1788850333147034,0.08022922636103152,0,0.18541007212172536,0.2489537846036382,5.32852254366239,0.9603999999999999,0.0,0.9777777777777777,0.0,0.2,0.0,0.999999997628578,0.2,0.08,0.10315186246418338,0.25962834443823446,0.25962834443823446
126,0.8958595779203523,0.5042451093461061,0.8942774329664332,0.5040484955332549,0.26235045025828074,0.5110355065684283,0.42406876790830944,0.35795655541609833,0.3670671948145112,0.07736389684813753,0.4228571428571429,0.3573624360352888,0.3667945517799985,0.07714285714285714,0.12320916905444126,0.13428571428571429,0.002857142857142857,16.52857142857143,0.24355300859598855,0.0,4.537271726942033e-11,0.08929479980069908,11.69054441260745,0.04669747052543716,0.08916629636850315,0.1780184823152623,0.08022922636103152,0,0.1850537367611167,0.24770901568062,5.356237807074858,0.9411919999999999,0.0,1.0,0.0,0.2,0.0,0.9999999981028624,0.2,0.08,0.12320916905444126,0.25933949410508744,0.25933949410508744
127,0.8955046023769462,0.5031719191678824,0.8939234716388657,0.5029982011258542,0.26235045025828074,0.5110138087485837,0.3839541547277937,0.35795655541609833,0.36721307488560073,0.07736389684813753,0.38285714285714284,0.3573624360352888,0.36694001505088497,0.07714285714285714,0.09742120343839542,0.11428571428571428,0.002857142857142857,16.611428571428572,0.24355300859598855,0.0,3.6384763130888625e-11,0.0891469462811492,11.69054441260745,0.04529654640967404,0.08661070004210591,0.1771779278458044,0.08022922636103152,0,0.18455689664873967,0.2464704706022169,5.363398765219074,0.9223681599999999,0.0,1.0,0.0,0.2,0.0,0.9999999984822899,0.2,0.08,0.09742120343839542,0.2590593092819348,0.2590593092819348
128,0.8954619948708282,0.5033924377264766,0.8938809858684793,0.5032344582552066,0.26235045025828074,0.5109340861797292,0.4068767908309456,0.35784194223558263,0.367127115000214,0.07736389684813753,0.4057142857142857,0.35724815032100304,0.36685430076517067,0.07714285714285714,0.09742120343839542,0.12571428571428572,0.002857142857142857,16.722857142857144,0.23782234957020057,0.0,2.917585797593596e-11,0.08900352836718584,11.69054441260745,0.04393765001738382,0.08412492080681178,0.17636259001043028,0.08022922636103152,0,0.18509291013535534,0.24544762219044627,5.381845075628978,0.9039207967999998,0.0,0.9772727272727273,0.0,0.2,0.0,0.9999999987858319,0.2,0.08,0.09742120343839542,0.25878753000347676,0.25878753000347676
129,0.8956651350583973,0.503760934633203,0.8940835456555124,0.5035952931105173,0.26235045025828074,0.510888285612865,0.3982808022922636,0.35784194223558263,0.367127115000214,0.07736389684813753,0.39714285714285713,0.35724815032100304,0.36685430076517067,0.07714285714285714,0.12034383954154727,0.15428571428571428,0.002857142857142857,16.885714285714286,0.24355300859598855,0.0,2.3394138985278648e-11,0.0888644129906414,11.69054441260745,0.042619520516862304,0.08170725148440683,0.17557171231011737,0.08022922636103152,0,0.18485201844182142,0.24422038407949406,5.428493888402114,0.8858423808639998,0.0,1.0,0.0,0.2,0.0,0.9999999990286655,0.2,0.08,0.12034383954154727,0.25852390410337245,0.25852390410337245
130,0.8974189588939613,0.5039157195614081,0.895832358565832,0.5037426481695151,0.26235045025828074,0.5107921172242404,0.42120343839541546,0.3580711685966142,0.36729903477098763,0.08022922636103152,0.42,0.35747672174957446,0.36702572933659927,0.08,0.12320916905444126,0.14285714285714285,0.002857142857142857,16.965714285714284,0.23782234957020057,0.0,1.875728327197911e-11,0.08872947107539328,11.69054441260745,0.04134093490135644,0.07935601470998999,0.17480456094081387,0.08022922636103152,0,0.18704251167921954,0.2436458523886287,5.462781153491214,0.8681255332467198,0.0,0.98,0.0,0.2,0.0,0.9999999992229325,0.2,0.08,0.12320916905444126,0.25826818698027126,0.25826818698027126
131,0.8983579569767648,0.5043495852753017,0.8967686737969701,0.5041740396684241,0.26235045025828074,0.5106172117494813,0.45272206303724927,0.3580711685966142,0.36729903477098763,0.08022922636103152,0.4514285714285714,0.35747672174957446,0.36702572933659927,0.08,0.10601719197707736,0.11428571428571428,0.002857142857142857,17.068571428571428,0.24355300859598855,0.0,1.5038773950773577e-11,0.08859857741760259,11.69054441260745,0.04010070685431574,0.07706956317719249,0.17406042411258943,0.08022922636103152,0,0.18659272769225205,0.2424276231266856,5.467811244707104,0.8507630225817854,0.0,1.0,0.0,0.2,0.0,0.9999999993783459,0.2,0.08,0.10601719197707736,0.25802014137086315,0.25802014137086315
132,0.8964245861973285,0.504477742132255,0.8948408269340467,0.5042552238317604,0.26235045025828074,0.510519573945183,0.44412607449856734,0.3577273290550668,0.3670411551148271,0.08022922636103152,0.44285714285714284,0.3571338646067173,0.3667685864794565,0.08,0.12320916905444126,0.15142857142857144,0.002857142857142857,17.18857142857143,0.24355300859598855,0.0,1.2056871527873001e-11,0.08847161056954565,11.69054441260745,0.03889768564868627,0.07484627981908543,0.17333861138921175,0.08022922636103152,0,0.18751647833950508,0.24889873845042035,5.5098835912415325,0.9198491723257058,0.0,0.9433962264150944,0.0,0.2,0.0,0.9999999995026767,0.2,0.08,0.12320916905444126,0.2577795371297373,0.2577795371297373
133,0.8962174324035351,0.504345581808575,0.8946342650082356,0.5041294116138927,0.26235045025828074,0.5104471477998449,0.4269340974212034,0.3576127158745511,0.36695519522944037,0.08022922636103152,0.4257142857142857,0.35701957889243163,0.3666828721937421,0.08,0.12607449856733524,0.15428571428571428,0.002857142857142857,17.305714285714284,0.24641833810888253,0.0,9.665774294067175e-12,0.08834845272693037,11.69054441260745,0.037730755079225686,0.07268457792922522,0.17263845304753542,0.08022922636103152,0,0.18834399725663542,0.24765424475816825,5.5539716337024165,0.9652317531274339,0.0,0.9814814814814815,0.0,0.2,0.0,0.9999999996021414,0.2,0.08,0.12607449856733524,0.25754615101584516,0.25754615101584516
134,0.8955618769527605,0.5050525579755478,0.8939805825730345,0.5048536643083315,0.26235045025828074,0.510355087470102,0.4183381088825215,0.35784194223558263,0.367127115000214,0.08022922636103152,0.41714285714285715,0.3572481503210031,0.36685430076517067,0.08,0.1489971346704871,0.1742857142857143,0.002857142857142857,17.44857142857143,0.24355300859598855,0.0,7.748519896293411e-12,0.08822898961959358,11.69054441260745,0.036598832426848915,0.0705829012270679,0.17195929945610935,0.08022922636103152,0,0.19017127618239218,0.2464159735343774,5.617177915314082,0.9603999999999999,0.0,0.9836065573770492,0.0,0.2,0.0,0.999999999681713,0.2,0.08,0.1489971346704871,0.2573197664853698,0.2573197664853698
135,0.8958395123902496,0.504812496335356,0.8942574247664167,0.5046252395350137,0.26235045025828074,0.510196612305593,0.45558739255014324,0.3577273290550669,0.3670411551148272,0.08022922636103152,0.4542857142857143,0.35713386460671737,0.3667685864794565,0.08,0.1174785100286533,0.1457142857142857,0.002857142857142857,17.55142857142857,0.24641833810888253,0.0,6.2112780741183675e-12,0.08811311040547688,11.69054441260745,0.03550086745404345,0.06853972387177543,0.17130052047242605,0.08022922636103152,0,0.19021999194433736,0.24518389366670554,5.650548642722086,0.9417755297256317,0.0,0.9803921568627451,0.0,0.2,0.0,0.9999999997453705,0.2,0.08,0.1174785100286533,0.2571001734908087,0.2571001734908087
136,0.895801533375994,0.5042133664035673,0.8942195542636302,0.5040507722898022,0.26235045025828074,0.5099240689494039,0.4813753581661891,0.35795655541609833,0.36721307488560084,0.08022922636103152,0.48,0.3573624360352888,0.3669400150508851,0.08,0.10601719197707736,0.12571428571428572,0.002857142857142857,17.622857142857143,0.24355300859598855,0.0,4.978787665441007e-12,0.08800070756778366,11.69054441260745,0.034435841430422144,0.06655355042823763,0.17066150485825327,0.08022922636103152,0,0.1897827491274728,0.243957974198372,5.663251955581931,0.922940019131119,0.0,1.0,0.0,0.2,0.0,0.9999999997962964,0.2,0.08,0.10601719197707736,0.25688716828608443,0.25688716828608443
137,0.8947793374840315,0.5042370759126357,0.8932002789313589,0.504096908627446,0.26235045025828074,0.5095142669131534,0.4871060171919771,0.3581168202978327,0.367342014713681,0.08022922636103152,0.4857142857142857,0.35752224301736096,0.36706858647945645,0.08,0.10028653295128939,0.12285714285714286,0.002857142857142857,17.7,0.24355300859598855,0.0,3.990679655212413e-12,0.08789167681522127,11.69054441260745,0.03340276618750948,0.06462291578893375,0.17004165971250568,0.08022922636103152,0,0.18934769252469258,0.24273818432738012,5.672844059327434,0.9044812187484965,0.0,1.0,0.0,0.2,0.0,0.9999999998370371,0.2,0.08,0.10028653295128939,0.2566805532375019,0.2566805532375019
138,0.8942135341180296,0.5032882784530345,0.8926360921464028,0.5031191161457017,0.26235045025828074,0.509051914855143,0.47277936962750716,0.3581168202978327,0.3675998943698415,0.08022922636103152,0.4714285714285714,0.35752224301736096,0.3673257293365993,0.08,0.12607449856733524,0.13714285714285715,0.002857142857142857,17.82,0.24068767908309455,0.0,3.1985341267607227e-12,0.08778591698523576,11.69054441260745,0.032400683201884196,0.06274638505506869,0.16944040992113052,0.08022922636103152,0,0.18902852691921201,0.24152449340574322,5.696530035283741,0.8863915943735267,0.0,1.0,0.0,0.2,0.0,0.9999999998696297,0.2,0.08,0.12607449856733524,0.25648013664037683,0.25648013664037683
139,0.8943219590668695,0.5040071962112966,0.8927442073096749,0.5038237667625461,0.26235045025828074,0.5086127415472359,0.5186246418338109,0.3581168202978327,0.3675998943698415,0.08022922636103152,0.5171428571428571,0.35752224301736096,0.3673257293365993,0.08,0.10601719197707736,0.12571428571428572,0.002857142857142857,17.942857142857143,0.24355300859598855,0.0,2.563518147670803e-12,0.08768332995014981,11.69054441260745,0.03142866270582767,0.06092255338024011,0.1688571976234966,0.08022922636103152,0,0.1886538157096159,0.2403168709387145,5.708313720292353,0.8686637624860561,0.0,1.0,0.0,0.2,0.0,0.9999999998957038,0.2,0.08,0.10601719197707736,0.25628573254116555,0.25628573254116555
140,0.894836711918695,0.5034097503066453,0.8932574894390665,0.5032005029127964,0.26235045025828074,0.5082327223968405,0.45272206303724927,0.35800220711731695,0.367660383959827,0.08022922636103152,0.4514285714285714,0.3574079573030753,0.36738604609918485,0.08,0.12320916905444126,0.14,0.002857142857142857,18.065714285714286,0.24641833810888253,0.0,2.0544866168115256e-12,0.08758382052611643,11.69054441260745,0.03048580282465284,0.059150045779710836,0.1682914816947917,0.08022922636103152,0,0.18879497805606782,0.24345972175252417,5.734147445886506,0.8572464555392241,0.0,0.9795918367346939,0.0,0.2,0.0,0.999999999916563,0.2,0.08,0.12320916905444126,0.2560971605649306,0.2560971605649306
141,0.8947965495094138,0.5041020381795854,0.8932174417795259,0.5038867161930598,0.26235045025828074,0.5080219492704621,0.4584527220630373,0.3577729807562854,0.36748846418905334,0.08022922636103152,0.45714285714285713,0.3571793858745039,0.36721461752775625,0.08,0.12607449856733524,0.1457142857142857,0.002857142857142857,18.248571428571427,0.24641833810888253,0.0,1.6464611954400398e-12,0.08748729638480403,11.69054441260745,0.029571228739913254,0.057427516908195475,0.16774273724394795,0.08022922636103152,0,0.1893077174515018,0.24224242314376157,5.765178782683062,0.8916031709236029,0.0,0.9607843137254902,0.0,0.2,0.0,0.9999999999332504,0.2,0.08,0.12607449856733524,0.25591424574798266,0.25591424574798266
142,0.8961826126747837,0.5045903134864502,0.8945995447644233,0.5043445285445496,0.26235045025828074,0.5077756272209566,0.49570200573065903,0.3577729807562854,0.36748846418905334,0.08022922636103152,0.4942857142857143,0.3571793858745039,0.36721461752775625,0.08,0.12034383954154727,0.13714285714285715,0.002857142857142857,18.408571428571427,0.2492836676217765,0.0,1.3194170702096001e-12,0.08739366796773107,11.69054441260745,0.028684091877715857,0.055753650808906485,0.16721045512662952,0.08022922636103152,0,0.1890444788107799,0.24103121102804276,5.7870180641722575,0.8737711075051308,0.0,1.0,0.0,0.2,0.0,0.9999999999466003,0.2,0.08,0.12034383954154727,0.2557368183755432,0.2557368183755432
143,0.8963525389065979,0.5046341975201615,0.8947689854927179,0.5044291955178875,0.26235045025828074,0.5075526883464525,0.49283667621776506,0.3576583675757697,0.3674025043036665,0.08022922636103152,0.49142857142857144,0.3570651001602181,0.367128903242042,0.08,0.13753581661891118,0.15142857142857144,0.002857142857142857,18.597142857142856,0.25787965616045844,0.0,1.0572920763256444e-12,0.08730284840317024,11.69054441260745,0.02782356912138438,0.05412716063644807,0.16669414147283063,0.08022922636103152,0,0.18915582784529744,0.23982605497290252,5.822706274317384,0.9080342663979627,0.0,0.9811320754716981,0.0,0.2,0.0,0.9999999999572802,0.2,0.08,0.13753581661891118,0.25556471382427687,0.25556471382427687
144,0.896616917766024,0.5044615431653905,0.8950326089839744,0.504216070090771,0.26235045025828074,0.5073514272848355,0.4813753581661891,0.35731452803422237,0.367144624647506,0.08022922636103152,0.48,0.356722243017361,0.3668717603848991,0.08,0.1318051575931232,0.16857142857142857,0.002857142857142857,18.705714285714286,0.25501432664756446,0.0,8.472082221137631e-13,0.0872147534255462,11.69054441260745,0.02698886204774285,0.05254678835599624,0.1661933172286457,0.08022922636103152,0,0.19006704870607094,0.25767799919912926,5.874823577402465,0.9450728000000008,0.0,0.9491525423728814,0.0,0.2,0.0,0.9999999999658241,0.2,0.08,0.1318051575931232,0.2553977724095486,0.2553977724095486
145,0.896113963782933,0.5044912155105631,0.8945310920122636,0.5042523686961018,0.26235045025828074,0.5070467288410493,0.47564469914040114,0.35708530167319086,0.3669727048767324,0.08022922636103152,0.4742857142857143,0.35649367158878953,0.36670033181347056,0.08,0.14040114613180515,0.15714285714285714,0.002857142857142857,18.9,0.25501432664756446,0.0,6.788400810262453e-13,0.08712930129725095,11.69054441260745,0.026179196186310563,0.05101130442106161,0.16570751771178632,0.08022922636103152,0,0.1906301434625406,0.28798062801107793,5.914469962997273,0.98,0.0,0.9636363636363636,0.0,0.2,0.0,0.9999999999726593,0.2,0.08,0.14040114613180515,0.2552358392372621,0.2552358392372621
146,0.8954147676832328,0.5043075462236277,0.8938338936157054,0.5040619561229985,0.26235045025828074,0.5069334676842097,0.4899713467048711,0.3569706884926751,0.36688674499134555,0.08022922636103152,0.48857142857142855,0.35637938587450385,0.36661461752775626,0.08,0.14040114613180515,0.16,0.002857142857142857,19.08,0.25787965616045844,0.0,5.439103486659217e-13,0.08704641273280454,11.69054441260745,0.025393820300721244,0.04951950743199218,0.16523629218043273,0.08022922636103152,0,0.1907052784595136,0.29080125455723255,5.956180563737325,0.9606773941085562,0.0,0.9821428571428571,0.0,0.2,0.0,0.9999999999781275,0.2,0.08,0.14040114613180515,0.25507876406014424,0.25507876406014424
147,0.8952188904569305,0.5047983480587095,0.8936385760386212,0.5044776195254158,0.26235045025828074,0.5068911061111662,0.4699140401146132,0.3569706884926751,0.36688674499134555,0.08022922636103152,0.4685714285714286,0.35637938587450385,0.36661461752775626,0.08,0.11174785100286533,0.13142857142857142,0.002857142857142857,19.265714285714285,0.2521489971346705,0.0,4.3578412633867454e-13,0.08696601082529151,11.69054441260745,0.024632005691699606,0.048070223777244014,0.16477920341501975,0.08022922636103152,0,0.19026575206721605,0.2893472482844464,5.968485523891151,0.941463846226385,0.0,1.0,0.0,0.2,0.0,0.999999999982502,0.2,0.08,0.11174785100286533,0.2549264011383399,0.2549264011383399
148,0.8950743810207632,0.5044466171836108,0.8934944794865571,0.5041308054855695,0.26235045025828074,0.506822353889349,0.4383954154727794,0.35685607531215935,0.36680078510595876,0.08022922636103152,0.43714285714285717,0.3562651001602181,0.36652890324204196,0.08,0.11174785100286533,0.14285714285714285,0.002857142857142857,19.408571428571427,0.25787965616045844,0.0,3.4913852460185387e-13,0.08688802097500391,11.69054441260745,0.023893045520948616,0.04666230725932252,0.16433582731256915,0.08022922636103152,0,0.19034242330687992,0.2879005120430242,5.991972956270471,0.9266482277167167,0.0,0.98,0.0,0.2,0.0,0.9999999999860016,0.2,0.08,0.11174785100286533,0.2547786091041897,0.2547786091041897
149,0.895642087176984,0.5048938202111538,0.8940605636251889,0.5046218653756799,0.26235045025828074,0.506739309992294,0.49570200573065903,0.35685607531215935,0.36680078510595876,0.08022922636103152,0.4942857142857143,0.3562651001602181,0.36652890324204196,0.08,0.1174785100286533,0.13142857142857142,0.002857142857142857,19.565714285714286,0.2492836676217765,0.0,2.7971151012603626e-13,0.08681237082022487,11.69054441260745,0.023176254155320156,0.045294638707175316,0.1639057524931921,0.08022922636103152,0,0.18993299761891697,0.28646100948280906,6.0035620685736335,0.9081152631623823,0.0,1.0,0.0,0.2,0.0,0.9999999999888013,0.2,0.08,0.1174785100286533,0.25463525083106403,0.25463525083106403
150,0.8946902720992482,0.5053421689186544,0.8931114680191039,0.5050445520446392,0.26235045025828074,0.506595336663183,0.47564469914040114,0.35685607531215935,0.36680078510595876,0.08022922636103152,0.4742857142857143,0.3562651001602181,0.36652890324204196,0.08,0.11461318051575932,0.12285714285714286,0.002857142857142857,19.762857142857143,0.2492836676217765,0.0,2.2408110189993508e-13,0.08673899017008925,11.69054441260745,0.022480966530660552,0.04396612557670909,0.16348857991839633,0.08022922636103152,0,0.18944033263082238,0.285028704435395,6.006347970059303,0.8899529578991346,0.0,1.0,0.0,0.2,0.0,0.999999999991041,0.2,0.08,0.11461318051575932,0.2544961933061321,0.2544961933061321
151,0.8949245784997031,0.5059946186118697,0.8933451049727,0.5057106517200747,0.26235045025828074,0.5065077447265309,0.5071633237822349,0.35674146213164354,0.3667148252205719,0.08022922636103152,0.5057142857142857,0.3561508144459324,0.36644318895632766,0.08,0.12893982808022922,0.14285714285714285,0.002857142857142857,19.96,0.24641833810888253,0.0,1.7950881149603117e-13,0.08666781093945768,11.69054441260745,0.021806537534740735,0.042675701540988875,0.16308392252084444,0.08022922636103152,0,0.19023063815990326,0.28360356091321803,6.029078153515259,0.8880386145036233,0.0,0.98,0.0,0.2,0.0,0.9999999999928328,0.2,0.08,0.12893982808022922,0.25436130750694813,0.25436130750694813
152,0.8951917618230384,0.5064173102191026,0.8936115249151115,0.5061720079142398,0.26235045025828074,0.506380042059371,0.48424068767908307,0.35674146213164354,0.3667148252205719,0.08022922636103152,0.4828571428571429,0.3561508144459324,0.36644318895632766,0.08,0.10315186246418338,0.12,0.002857142857142857,20.094285714285714,0.2492836676217765,0.0,1.4379800764007416e-13,0.08659876708574508,11.69054441260745,0.021152341408698514,0.04142232607157981,0.1626914048452191,0.08022922636103152,0,0.18982177068338948,0.28218554310865196,6.028496590444954,0.8702778422135509,0.0,1.0,0.0,0.2,0.0,0.9999999999942663,0.2,0.08,0.10315186246418338,0.25423046828173973,0.25423046828173973
153,0.8937810575410533,0.505425658316231,0.8922048512167895,0.5051815668052743,0.26235045025828074,0.5064007503106308,0.4785100286532951,0.35674146213164354,0.3667148252205719,0.08022922636103152,0.47714285714285715,0.3561508144459324,0.36644318895632766,0.08,0.12893982808022922,0.14857142857142858,0.002857142857142857,20.205714285714286,0.2521489971346705,0.0,1.1518699922093394e-13,0.08653179454764383,11.69054441260745,0.02051777116643756,0.040204984012392475,0.16231066269986252,0.08022922636103152,0,0.18955766182997252,0.2807746153931087,6.056498087207484,0.8528722853692798,0.0,1.0,0.0,0.2,0.0,0.999999999995413,0.2,0.08,0.12893982808022922,0.2541035542332875,0.2541035542332875
154,0.8939475538708301,0.505038270992632,0.8923708718427668,0.5047804323140855,0.26235045025828074,0.5063238764490801,0.48424068767908307,0.35639762259009633,0.36645694556441144,0.08022922636103152,0.4828571428571429,0.3558079573030753,0.3661860460991848,0.08,0.1518624641833811,0.1742857142857143,0.002857142857142857,20.428571428571427,0.25501432664756446,0.0,9.226610179306288e-14,0.08646683118568564,11.69054441260745,0.019902238031444433,0.03902268514729912,0.16194134281886666,0.08022922636103152,0,0.1904954449493941,0.2793707423161432,6.109653839749049,0.8913773427776011,0.0,0.9508196721311475,0.0,0.2,0.0,0.9999999999963304,0.2,0.08,0.1518624641833811,0.2539804476062889,0.2539804476062889
155,0.8938318173981945,0.5045537368137736,0.8922554660457672,0.5043354764254799,0.26235045025828074,0.5062255085302273,0.4670487106017192,0.35639762259009633,0.36645694556441144,0.08022922636103152,0.4657142857142857,0.3558079573030753,0.3661860460991848,0.08,0.11461318051575932,0.13142857142857142,0.002857142857142857,20.545714285714286,0.2607449856733524,0.0,7.390221742562014e-14,0.08640381672458618,11.69054441260745,0.0193051708905011,0.03787446376270165,0.16158310253430067,0.08022922636103152,0,0.19000011058178995,0.27797388860456246,6.118889334382638,0.8735497959220491,0.0,1.0,0.0,0.2,0.0,0.9999999999970643,0.2,0.08,0.11461318051575932,0.25386103417810024,0.25386103417810024
156,0.89444222741194,0.5045882046816117,0.8928641320309021,0.5044304640129742,0.26235045025828074,0.5060861838635841,0.4469914040114613,0.3562830094095806,0.36637098567902465,0.08022922636103152,0.44571428571428573,0.35569367158878956,0.3661003318134705,0.08,0.12607449856733524,0.13428571428571429,0.002857142857142857,20.697142857142858,0.2636103151862464,0.0,5.91934478491446e-14,0.08634269269731974,11.69054441260745,0.018726015763786068,0.03675937820614861,0.16123560945827164,0.08022922636103152,0,0.1900495386003096,0.27987572927897064,6.1307972619807005,0.856078800003608,0.0,0.9787234042553191,0.0,0.2,0.0,0.9999999999976514,0.2,0.08,0.12607449856733524,0.2537452031527572,0.2537452031527572
157,0.8933093426975852,0.5043348808355321,0.8917344841300168,0.5041807223939644,0.26235045025828074,0.5060014293886353,0.4813753581661891,0.3561683962290648,0.3662850257936378,0.08022922636103152,0.48,0.3555793858745039,0.3660146175277562,0.08,0.09455587392550144,0.11142857142857143,0.002857142857142857,20.86,0.2664756446991404,0.0,4.740922410781571e-14,0.08628340239087122,11.69054441260745,0.018164235290872487,0.035676510442018805,0.16089854117452349,0.08022922636103152,0,0.18998457662159376,0.2889627051878775,6.1196098881696575,0.8913773427776011,0.0,0.9743589743589743,0.0,0.2,0.0,0.9999999999981212,0.2,0.08,0.09455587392550144,0.2536328470581745,0.2536328470581745
158,0.8943320627060323,0.503692666768266,0.8927542820812969,0.5035464150946435,0.26235045025828074,0.5058673073697817,0.498567335243553,0.356053783048549,0.36619906590825096,0.08022922636103152,0.49714285714285716,0.3554651001602181,0.3659289032420419,0.08,0.12607449856733524,0.15428571428571428,0.002857142857142857,20.954285714285714,0.25787965616045844,0.0,3.7969164799883066e-14,0.08622589079361621,11.69054441260745,0.017619308232146313,0.03462496560521677,0.16057158493928778,0.08022922636103152,0,0.19014808230991434,0.2875178916619381,6.151503404691979,0.9223681599999999,0.0,0.9814814814814815,0.0,0.2,0.0,0.999999999998497,0.2,0.08,0.12607449856733524,0.25352386164642926,0.25352386164642926
159,0.894496354526017,0.5039902842642899,0.8929181044960818,0.5037949022600683,0.26235045025828074,0.5057040208956928,0.5071633237822349,0.3558245566875175,0.36602714613747733,0.08022922636103152,0.5057142857142857,0.3552365287316467,0.36575747467061337,0.08,0.1318051575931232,0.1457142857142857,0.002857142857142857,21.12,0.2607449856733524,0.0,3.040766075514698e-14,0.08617010454427886,11.69054441260745,0.01709072898518192,0.03360387155375133,0.16025443739110914,0.08022922636103152,0,0.19095850014099694,0.2860803022036284,6.174187622312424,0.9115287171200016,0.0,0.9607843137254902,0.0,0.2,0.0,0.9999999999987976,0.2,0.08,0.1318051575931232,0.25341814579703636,0.25341814579703636
160,0.8949688435168511,0.5041923510643249,0.8933892435183706,0.5039951499738913,0.26235045025828074,0.50544932582269,0.45272206303724927,0.3558245566875175,0.36602714613747733,0.08022922636103152,0.4514285714285714,0.3552365287316467,0.36575747467061337,0.08,0.1346704871060172,0.16285714285714287,0.002857142857142857,21.274285714285714,0.25501432664756446,0.0,2.435220492344039e-14,0.08611599188242158,11.69054441260745,0.016578007115626462,0.03261237842100484,0.15994680426937588,0.08022922636103152,0,0.19091233862110588,0.28464990069261026,6.21356101272332,0.8932981427776016,0.0,1.0,0.0,0.2,0.0,0.9999999999990381,0.2,0.08,0.1346704871060172,0.2533156014231253,0.2533156014231253
161,0.8957119598584756,0.5039627961967786,0.8941302366704476,0.5037035833058644,0.26235045025828074,0.5051165627935713,0.5243553008595988,0.35570994350700175,0.36594118625209054,0.08022922636103152,0.5228571428571429,0.35512224301736095,0.36567176038489907,0.08,0.1518624641833811,0.18285714285714286,0.002857142857142857,21.437142857142856,0.2607449856733524,0.0,1.950152596963655e-14,0.08606350260042005,11.69054441260745,0.01608066690215767,0.03164965816843801,0.15964840014129458,0.08022922636103152,0,0.1910432054994289,0.2832266511891472,6.272146935325995,0.8754321799220495,0.0,0.984375,0.0,0.2,0.0,0.9999999999992305,0.2,0.08,0.1518624641833811,0.25321613338043153,0.25321613338043153
162,0.8967539447555924,0.504862925261939,0.8951692444678585,0.504610239152838,0.26235045025828074,0.5048770690333575,0.5100286532951289,0.3553661039654544,0.36568330659593007,0.08022922636103152,0.5085714285714286,0.35477938587450386,0.3654146175277562,0.08,0.14040114613180515,0.16285714285714287,0.002857142857142857,21.60857142857143,0.2607449856733524,0.0,1.5617623278396106e-14,0.0860125879968786,11.69054441260745,0.015598246895092939,0.03071490413941258,0.15935894813705576,0.08022922636103152,0,0.19194498947193178,0.29336595216760025,6.309561139476618,0.9470728000000013,0.0,0.9473684210526315,0.0,0.2,0.0,0.9999999999993844,0.2,0.08,0.14040114613180515,0.2531196493790186,0.2531196493790186
163,0.8970777024326428,0.5046886786598221,0.8954920771229745,0.5044665111018608,0.26235045025828074,0.5046080505331416,0.49283667621776506,0.3551368776044229,0.3655113868251565,0.08022922636103152,0.49142857142857144,0.3545508144459324,0.3652431889563276,0.08,0.1318051575931232,0.16285714285714287,0.002857142857142857,21.76,0.2607449856733524,0.0,1.2506441371399856e-14,0.0859632008314433,11.69054441260745,0.01513029948824015,0.029807330614762373,0.15907817969294408,0.08022922636103152,0,0.19244212166742927,0.2937593098351851,6.346227059544229,0.9820000000000004,0.0,0.9649122807017544,0.0,0.2,0.0,0.9999999999995075,0.2,0.08,0.1318051575931232,0.25302605989764804,0.25302605989764804
164,0.8967150400107792,0.5051280302283052,0.8951304508794589,0.5049445529337556,0.26235045025828074,0.5044959199962988,0.47564469914040114,0.3551368776044229,0.3655113868251565,0.08022922636103152,0.4742857142857143,0.3545508144459324,0.3652431889563276,0.08,0.1489971346704871,0.1657142857142857,0.002857142857142857,21.92,0.2607449856733524,0.0,1.0015334056000321e-14,0.08591529528097115,11.69054441260745,0.014676390503592944,0.02892617237068884,0.15880583430215575,0.08022922636103152,0,0.19216491177337783,0.29229051328600913,6.38501680406763,0.9623600000000003,0.0,1.0,0.0,0.2,0.0,0.999999999999606,0.2,0.08,0.1489971346704871,0.2529352781007186,0.2529352781007186
165,0.896951880505665,0.5053674849364426,0.8953666146872163,0.5052128738238489,0.26235045025828074,0.5043447273632702,0.4699140401146132,0.35502226442390716,0.36542542693976965,0.08022922636103152,0.4685714285714286,0.3544365287316467,0.3651574746706133,0.08,0.12320916905444126,0.13714285714285715,0.002857142857142857,22.13142857142857,0.25787965616045844,0.0,8.019194318988892e-15,0.08586882689701313,11.69054441260745,0.014236098788485156,0.02807068423950665,0.15854165927309108,0.08022922636103152,0,0.1921182300716538,0.2908290607195791,6.394459325129133,0.9643600000000009,0.0,0.9791666666666666,0.0,0.2,0.0,0.9999999999996848,0.2,0.08,0.12320916905444126,0.25284721975769703,0.25284721975769703
166,0.8960407866951368,0.5049176814323153,0.8944581240018611,0.5047686951003713,0.26235045025828074,0.5043334957104734,0.4871060171919771,0.3549076512433914,0.36533946705438286,0.08022922636103152,0.4857142857142857,0.354322243017361,0.365071760384899,0.08,0.14040114613180515,0.15428571428571428,0.002857142857142857,22.314285714285713,0.2636103151862464,0.0,6.420625396046464e-15,0.08582375256457385,11.69054441260745,0.013809015824830602,0.027240140673720603,0.15828540949489836,0.08022922636103152,0,0.1922427817784384,0.2893749154159812,6.420855852912267,0.9812336426596036,0.0,0.9814814814814815,0.0,0.2,0.0,0.9999999999997479,0.2,0.08,0.14040114613180515,0.2527618031649661,0.2527618031649661
167,0.8963723031357049,0.5049634975583736,0.8947886932525991,0.5048097269881773,0.26235045025828074,0.5043140033594679,0.4584527220630373,0.3549076512433914,0.36533946705438286,0.08022922636103152,0.45714285714285713,0.354322243017361,0.365071760384899,0.08,0.14040114613180515,0.16,0.002857142857142857,22.451428571428572,0.2607449856733524,0.0,5.141610730285717e-15,0.08578003046210772,11.69054441260745,0.013394745350085684,0.02643383531387067,0.1580368472100514,0.08022922636103152,0,0.19316671144097475,0.2879280408389013,6.452438735854019,0.9616089698064114,0.0,1.0,0.0,0.2,0.0,0.9999999999997983,0.2,0.08,0.14040114613180515,0.25267894907001714,0.25267894907001714
168,0.8964241471239076,0.505236619904971,0.894840389115121,0.5050755371836281,0.26235045025828074,0.5041871918210066,0.46131805157593125,0.35467842488235984,0.3651675472836092,0.08022922636103152,0.46,0.35409367158878957,0.3649003318134705,0.08,0.13753581661891118,0.16285714285714287,0.002857142857142857,22.64,0.2607449856733524,0.0,4.117960883145287e-15,0.08573762002271562,11.69054441260745,0.012992902989583112,0.02565108056053944,0.15779574179374986,0.08022922636103152,0,0.19365773502662706,0.28648840063470676,6.486247103994083,0.9640007999287753,0.0,0.9649122807017544,0.0,0.2,0.0,0.9999999999998386,0.2,0.08,0.13753581661891118,0.2525985805979166,0.2525985805979166
169,0.8979740692416139,0.5055139896581925,0.8963858828839197,0.505305246247392,0.26235045025828074,0.5040495069773309,0.47564469914040114,0.35467842488235984,0.3651675472836092,0.08022922636103152,0.4742857142857143,0.35409367158878957,0.3649003318134705,0.08,0.11461318051575932,0.14,0.002857142857142857,22.797142857142855,0.25787965616045844,0.0,3.2965586256327693e-15,0.08569648189650526,11.69054441260745,0.012603115899895618,0.024891207150881223,0.15756186953993737,0.08022922636103152,0,0.19320358920863676,0.2850559586315332,6.496522161914201,0.9447207839301998,0.0,1.0,0.0,0.2,0.0,0.9999999999998709,0.2,0.08,0.11461318051575932,0.25252062317997914,0.25252062317997914
170,0.8988026637162535,0.5052533820971034,0.8972121099457747,0.5050480326900528,0.26235045025828074,0.5039751697397116,0.4670487106017192,0.35467842488235984,0.3651675472836092,0.08022922636103152,0.4657142857142857,0.35409367158878957,0.3649003318134705,0.08,0.10601719197707736,0.11428571428571428,0.002857142857142857,22.982857142857142,0.25787965616045844,0.0,2.6382582393550272e-15,0.08565657791408123,11.69054441260745,0.01222502242289875,0.024153563739992,0.15733501345373924,0.08022922636103152,0,0.19354638432248764,0.28363067883837556,6.4808774329616305,0.9258263682515957,0.0,1.0,0.0,0.2,0.0,0.9999999999998967,0.2,0.08,0.10601719197707736,0.25244500448457974,0.25244500448457974
171,0.8995406551926679,0.5049473197215275,0.8979479928751137,0.5047220759861608,0.26235045025828074,0.5038387351849395,0.4813753581661891,0.35467842488235984,0.3651675472836092,0.08022922636103152,0.48,0.35409367158878957,0.3649003318134705,0.08,0.13753581661891118,0.15714285714285714,0.002857142857142857,23.17142857142857,0.2636103151862464,0.0,2.112276618888585e-15,0.0856178710511299,11.69054441260745,0.011858271750211787,0.02343751648740955,0.15711496305012707,0.08022922636103152,0,0.19348797858044414,0.2822125254441837,6.508402741445256,0.9073098408865637,0.0,1.0,0.0,0.2,0.0,0.9999999999999174,0.2,0.08,0.13753581661891118,0.2523716543500424,0.2523716543500424
172,0.8988457355342514,0.5059451005491576,0.8972550587014354,0.5057046224786708,0.26235045025828074,0.503739263458957,0.4269340974212034,0.35467842488235984,0.3651675472836092,0.08022922636103152,0.4257142857142857,0.35409367158878957,0.3649003318134705,0.08,0.11174785100286533,0.12571428571428572,0.002857142857142857,23.334285714285713,0.2664756446991404,0.0,1.6905530511182897e-15,0.08558032539406711,11.69054441260745,0.011502523597705433,0.02274244864899877,0.15690151415862325,0.08022922636103152,0,0.19294911011611332,0.2808014628169628,6.503948972330636,0.8891636440688324,0.0,1.0,0.0,0.2,0.0,0.9999999999999339,0.2,0.08,0.11174785100286533,0.2523005047195411,0.2523005047195411
173,0.8989819870071583,0.5056735376523832,0.8973909208844199,0.5054939738930871,0.26235045025828074,0.5035725576383002,0.45558739255014324,0.3544491985213284,0.36499562751283554,0.08022922636103152,0.4542857142857143,0.3538651001602181,0.3647289032420419,0.08,0.12893982808022922,0.15142857142857144,0.002857142857142857,23.52,0.2636103151862464,0.0,1.3534539776104443e-15,0.08554390610671622,11.69054441260745,0.011157447889774269,0.02206776017444878,0.15669446873386456,0.08022922636103152,0,0.19341250742267563,0.2794133584848411,6.525298564312595,0.9061849330207107,0.0,0.9622641509433962,0.0,0.2,0.0,0.9999999999999472,0.2,0.08,0.12893982808022922,0.2522314895779548,0.2522314895779548
174,0.8987031930733668,0.5062204626824172,0.8971129235047247,0.5060196557893825,0.26235045025828074,0.5034204126979611,0.4383954154727794,0.3542199721602969,0.3648237077420619,0.08022922636103152,0.43714285714285717,0.3536365287316467,0.36455747467061334,0.08,0.10888252148997135,0.12,0.002857142857142857,23.66857142857143,0.2693409742120344,0.0,1.0841195416166358e-15,0.08550857939798584,11.69054441260745,0.01082272445308104,0.021412867310581674,0.15649363467184862,0.08022922636103152,0,0.19378773131413368,0.2780162916924169,6.514792593026341,0.9198977377079776,0.0,0.9523809523809523,0.0,0.2,0.0,0.9999999999999577,0.2,0.08,0.10888252148997135,0.2521645448906162,0.2521645448906162
175,0.8973501056358039,0.5065548944261716,0.8957637020312692,0.5063858070870273,0.26235045025828074,0.5032895291597479,0.44126074498567336,0.35399074579926537,0.3646517879712883,0.08022922636103152,0.44,0.3534079573030752,0.36438604609918473,0.08,0.1346704871060172,0.15714285714285714,0.002857142857142857,23.84,0.2693409742120344,0.0,8.68478115774366e-16,0.08547431249051739,11.69054441260745,0.010498042719488608,0.020777202210646273,0.15629882563169317,0.08022922636103152,0,0.19441679978258086,0.2766262102339548,6.541639598308674,0.9623600000000003,0.0,0.9636363636363636,0.0,0.2,0.0,0.9999999999999661,0.2,0.08,0.1346704871060172,0.25209960854389774,0.25209960854389774
176,0.8989237920553409,0.5052374298181277,0.8973328922038932,0.5050847398282888,0.26235045025828074,0.5032002604515278,0.47564469914040114,0.35399074579926537,0.3646517879712883,0.08022922636103152,0.4742857142857143,0.3534079573030752,0.36438604609918473,0.08,0.1318051575931232,0.15142857142857144,0.002857142857142857,24.03142857142857,0.2693409742120344,0.0,6.952598034557413e-16,0.08544107359027298,11.69054441260745,0.01018310143790395,0.02016021254974565,0.15610986086274237,0.08022922636103152,0,0.1952445729265251,0.27524307918278507,6.56223537777107,0.9431128000000003,0.0,1.0,0.0,0.2,0.0,0.9999999999999729,0.2,0.08,0.1318051575931232,0.2520366202875808,0.2520366202875808
177,0.8991173255176155,0.5055967204017225,0.8975258727134184,0.5054219645842642,0.26235045025828074,0.5030948788266668,0.45272206303724927,0.3538761326187496,0.36456582808590143,0.08022922636103152,0.4514285714285714,0.35329367158878955,0.36430033181347043,0.08,0.13753581661891118,0.15428571428571428,0.002857142857142857,24.222857142857144,0.2722063037249284,0.0,5.560089658007242e-16,0.08540883185703589,11.69054441260745,0.00987760839476683,0.01956136114652751,0.1559265650368601,0.08022922636103152,0,0.1955902801265603,0.2738668637868711,6.585276384501363,0.9411919999999999,0.0,0.9814814814814815,0.0,0.2,0.0,0.9999999999999784,0.2,0.08,0.13753581661891118,0.2519755216789534,0.2519755216789534
178,0.8987278018871715,0.5054061280799317,0.8971374620076329,0.5051973879874883,0.26235045025828074,0.5029482990053635,0.47277936962750716,0.3538761326187496,0.36456582808590143,0.08022922636103152,0.4714285714285714,0.35329367158878955,0.36430033181347043,0.08,0.12893982808022922,0.14857142857142858,0.002857142857142857,24.431428571428572,0.2693409742120344,0.0,4.450958250613549e-16,0.0853775573757959,11.69054441260745,0.009581280142923825,0.018980125591242847,0.1557487680857543,0.08022922636103152,0,0.19515504301164177,0.27249752946793676,6.602142285382764,0.9223681599999999,0.0,1.0,0.0,0.2,0.0,0.9999999999999827,0.2,0.08,0.12893982808022922,0.25191625602858475,0.25191625602858475
179,0.8986735857504528,0.5054425716579747,0.8970834007741619,0.505236885133661,0.26235045025828074,0.5028186583249367,0.44412607449856734,0.3538761326187496,0.36456582808590143,0.08022922636103152,0.44285714285714284,0.35329367158878955,0.36430033181347043,0.08,0.1174785100286533,0.13714285714285715,0.002857142857142857,24.64,0.2636103151862464,0.0,3.5687221567508534e-16,0.08534722112899318,11.69054441260745,0.00929384173863611,0.018415997880260826,0.15557630504318165,0.08022922636103152,0,0.19475012565372643,0.27113504182059706,6.607242296817966,0.9039207967999998,0.0,1.0,0.0,0.2,0.0,0.9999999999999861,0.2,0.08,0.1174785100286533,0.25185876834772725,0.25185876834772725
180,0.8961849118032962,0.5056809741423771,0.8946018373239972,0.5054448382408038,0.26235045025828074,0.5027503712145276,0.49283667621776506,0.35376151943823386,0.3644798682005146,0.08022922636103152,0.49142857142857144,0.35317938587450387,0.36421461752775613,0.08,0.12607449856733524,0.14285714285714285,0.002857142857142857,24.837142857142858,0.2636103151862464,0.0,2.856727378556368e-16,0.08531779496959448,11.69054441260745,0.009015026486477026,0.017868484057111056,0.15540901589188622,0.08022922636103152,0,0.19477594645402924,0.2729750431818403,6.617954593738749,0.8862642696601827,0.0,0.98,0.0,0.2,0.0,0.9999999999999889,0.2,0.08,0.12607449856733524,0.2518030052972954,0.2518030052972954
181,0.8972821697710508,0.5063386680915795,0.8956959602689868,0.5060753085110258,0.26235045025828074,0.5026128624954916,0.4498567335243553,0.35376151943823386,0.3644798682005146,0.08022922636103152,0.44857142857142857,0.35317938587450387,0.36421461752775613,0.08,0.12034383954154727,0.15142857142857144,0.002857142857142857,25.02,0.2607449856733524,0.0,2.2867428573401115e-16,0.0852892515949778,11.69054441260745,0.008744575691882715,0.017337103860104452,0.15524674541512962,0.08022922636103152,0,0.1944016381503305,0.27161016796593107,6.637024073292546,0.8685389842669791,0.0,1.0,0.0,0.2,0.0,0.9999999999999911,0.2,0.08,0.12034383954154727,0.25174891513837655,0.25174891513837655
182,0.897197205559835,0.5058423238827264,0.8956112388126601,0.5056090127945533,0.26235045025828074,0.5024294921363643,0.4871060171919771,0.35353229307720235,0.36430794842974096,0.08022922636103152,0.4857142857142857,0.3529508144459324,0.36404318895632765,0.08,0.12034383954154727,0.14857142857142858,0.002857142857142857,25.2,0.2664756446991404,0.0,1.8304528176532723e-16,0.08526156452159954,11.69054441260745,0.008482238421126234,0.016821390376573375,0.15508934305267574,0.08022922636103152,0,0.194829487102436,0.2702521171261014,6.652855020398123,0.8681255332467198,0.0,0.9615384615384616,0.0,0.2,0.0,0.9999999999999929,0.2,0.08,0.12034383954154727,0.2516964476842252,0.2516964476842252
183,0.8959148376275377,0.5051243109360235,0.8943325347887411,0.504859118946069,0.26235045025828074,0.5022245669424228,0.4785100286532951,0.3530738403551393,0.3639641088881937,0.08022922636103152,0.47714285714285715,0.3524936715887896,0.3637003318134705,0.08,0.11174785100286533,0.12571428571428572,0.002857142857142857,25.382857142857144,0.2636103151862464,0.0,1.459462127181657e-16,0.08523470806042267,11.69054441260745,0.008227771268492447,0.016320889703752672,0.15493666276109547,0.08022922636103152,0,0.19644202541312147,0.26890085654047097,6.645512205704446,1.0,0.0,0.9090909090909091,0.0,0.2,0.0,0.9999999999999943,0.2,0.08,0.11174785100286533,0.2516455542536985,0.2516455542536985
184,0.8961631446378767,0.505338234739983,0.894580132350479,0.5051036380771313,0.26235045025828074,0.5018523679741509,0.4584527220630373,0.3530738403551393,0.3639641088881937,0.08022922636103152,0.45714285714285713,0.3524936715887896,0.3637003318134705,0.08,0.11461318051575932,0.12,0.002857142857142857,25.594285714285714,0.2693409742120344,0.0,1.1739339353286182e-16,0.08520865729308112,11.69054441260745,0.007980938130437673,0.015835160616315624,0.1547885628782626,0.08022922636103152,0,0.19594510100034163,0.2675563522577686,6.632601961590359,0.98,0.0,1.0,0.0,0.2,0.0,0.9999999999999954,0.2,0.08,0.11461318051575932,0.25159618762608754,0.25159618762608754
185,0.8953480078619345,0.5047802925934393,0.8937673245367536,0.5045650099693234,0.26235045025828074,0.5015217438305635,0.44412607449856734,0.3530738403551393,0.3639641088881937,0.08022922636103152,0.44285714285714284,0.3524936715887896,0.3637003318134705,0.08,0.12034383954154727,0.14285714285714285,0.002857142857142857,25.802857142857142,0.2636103151862464,0.0,9.453750390179224e-17,0.08518338804875979,11.69054441260745,0.007741509986524542,0.01536377424056179,0.15464490599191472,0.08022922636103152,0,0.1955930904953399,0.26621857049647973,6.642807065215693,0.9603999999999999,0.0,1.0,0.0,0.2,0.0,0.9999999999999963,0.2,0.08,0.12034383954154727,0.25154830199730494,0.25154830199730494
186,0.8943475345917944,0.5041569603292595,0.8927697097616711,0.5039926866467486,0.26235045025828074,0.5009891304549237,0.4355300859598854,0.3530738403551393,0.3639641088881937,0.08022922636103152,0.4342857142857143,0.3524936715887896,0.3637003318134705,0.08,0.11174785100286533,0.12285714285714286,0.002857142857142857,25.902857142857144,0.2636103151862464,0.0,7.452248980529824e-17,0.08515887688176813,11.69054441260745,0.007509264686928806,0.014906313735245869,0.15450555881215727,0.08022922636103152,0,0.1951288400428632,0.2648874776439974,6.632808066768521,0.9411919999999999,0.0,1.0,0.0,0.2,0.0,0.9999999999999971,0.2,0.08,0.11174785100286533,0.25150185293738575,0.25150185293738575
187,0.8943686564545935,0.5045359755740935,0.8927907712762908,0.5043737760787333,0.26235045025828074,0.5005460186825735,0.45272206303724927,0.3529592271746235,0.36387814900280685,0.08022922636103152,0.4514285714285714,0.35237938587450385,0.3636146175277562,0.08,0.12034383954154727,0.13428571428571429,0.002857142857142857,26.091428571428573,0.2607449856733524,0.0,6.022138274915556e-17,0.08513510104978618,11.69054441260745,0.007283986746320942,0.014462373979026721,0.15437039204779257,0.08022922636103152,0,0.19545445230313233,0.26356304025577737,6.634437619718865,0.9242374958448427,0.0,0.9787234042553191,0.0,0.2,0.0,0.9999999999999977,0.2,0.08,0.12034383954154727,0.2514567973492642,0.2514567973492642
188,0.8964521903244717,0.5049623788939214,0.894868352192255,0.5047953272665476,0.26235045025828074,0.5000895907065602,0.4326647564469914,0.3529592271746235,0.36387814900280685,0.08022922636103152,0.43142857142857144,0.35237938587450385,0.3636146175277562,0.08,0.12607449856733524,0.13714285714285715,0.002857142857142857,26.26,0.2693409742120344,0.0,4.877435629037071e-17,0.0851120384927637,11.69054441260745,0.007065467143931314,0.014031561264504666,0.15423928028635878,0.08022922636103152,0,0.1950478950416166,0.2622452250544985,6.638891724467345,0.9057527459279457,0.0,1.0,0.0,0.2,0.0,0.9999999999999981,0.2,0.08,0.12607449856733524,0.25141309342878626,0.25141309342878626
189,0.8974181526565503,0.5048766762601563,0.8958315546319565,0.5047336100814875,0.26235045025828074,0.49963311332706206,0.47564469914040114,0.3529592271746235,0.36387814900280685,0.08022922636103152,0.4742857142857143,0.35237938587450385,0.3636146175277562,0.08,0.12034383954154727,0.13714285714285715,0.002857142857142857,26.422857142857143,0.2664756446991404,0.0,4.0186094663902286e-17,0.08508966781245192,11.69054441260745,0.006853503129613374,0.013613492998807541,0.15411210187776803,0.08022922636103152,0,0.19538694128069425,0.260933998929226,6.643256747120856,0.8876376910093868,0.0,1.0,0.0,0.2,0.0,0.9999999999999984,0.2,0.08,0.12034383954154727,0.25137070062592265,0.25137070062592265
190,0.8960183335149301,0.5054814412979071,0.894435734973598,0.5053346401051984,0.26235045025828074,0.4992360928834006,0.47564469914040114,0.352730000813592,0.36376585574310505,0.08022922636103152,0.4742857142857143,0.3521508144459324,0.36350264510593927,0.08,0.12607449856733524,0.13428571428571429,0.002857142857142857,26.588571428571427,0.2722063037249284,0.0,3.158927840410356e-17,0.08506796825254948,11.69054441260745,0.006647898035724973,0.013207797410680344,0.153988738821435,0.08022922636103152,0,0.19646166712910096,0.25962932893457985,6.644677326464151,0.9434426262340508,0.0,0.9574468085106383,0.0,0.2,0.0,0.9999999999999988,0.2,0.08,0.12607449856733524,0.25132957960714497,0.25132957960714497
191,0.8946425718607437,0.505675291774993,0.8930639040669949,0.5055385052789781,0.26235045025828074,0.4988844618203157,0.44412607449856734,0.3525007744525605,0.3635939359723315,0.08022922636103152,0.44285714285714284,0.351922243017361,0.36333121653451067,0.08,0.09169054441260745,0.1,0.002857142857142857,26.748571428571427,0.2693409742120344,0.0,2.5857292873280876e-17,0.0850469196794441,11.69054441260745,0.006448461094653224,0.012814113264022264,0.15386907665679192,0.08022922636103152,0,0.19670764450774114,0.267619620683628,6.6117837799348695,0.9449727240528756,0.0,0.9428571428571428,0.0,0.2,0.0,0.999999999999999,0.2,0.08,0.09169054441260745,0.25128969221893066,0.25128969221893066
192,0.8944821621391873,0.505529441639178,0.8929039526589287,0.5054117539691058,0.26235045025828074,0.4985366493507344,0.4326647564469914,0.3520423217304975,0.36325009643078415,0.08022922636103152,0.43142857142857144,0.3514651001602181,0.3629883593916536,0.08,0.1518624641833811,0.16285714285714287,0.002857142857142857,26.931428571428572,0.2722063037249284,0.0,2.011993340651819e-17,0.0850265025635319,11.69054441260745,0.006255007261813627,0.012432089577813055,0.15375300435708816,0.08022922636103152,0,0.19826439983879177,0.2792522121670548,6.642405247193315,1.0,0.0,0.9298245614035088,0.0,0.2,0.0,0.9999999999999992,0.2,0.08,0.1518624641833811,0.25125100145236273,0.25125100145236273
193,0.8947664400260276,0.5054267970906737,0.893187418323235,0.5053123619440771,0.26235045025828074,0.49826580228181555,0.45558739255014324,0.3520423217304975,0.36325009643078415,0.08022922636103152,0.4542857142857143,0.3514651001602181,0.3629883593916536,0.08,0.11174785100286533,0.12285714285714286,0.002857142857142857,27.077142857142857,0.2693409742120344,0.0,1.7252907168955662e-17,0.08500669796109706,11.69054441260745,0.006067357043959218,0.01206138535236212,0.15364041422637553,0.08022922636103152,0,0.1977583642681692,0.2778559511062196,6.632414285106591,0.98,0.0,1.0,0.0,0.2,0.0,0.9999999999999993,0.2,0.08,0.11174785100286533,0.25121347140879186,0.25121347140879186
194,0.8947947996963809,0.5042750765841328,0.8932156969659588,0.5041910947794023,0.26235045025828074,0.49808083598354574,0.4899713467048711,0.35192770854998173,0.36316413654539736,0.08022922636103152,0.48857142857142855,0.3513508144459324,0.3629026451059393,0.08,0.12034383954154727,0.13428571428571429,0.002857142857142857,27.24,0.2722063037249284,0.0,1.438329234338995e-17,0.08498748749673525,11.69054441260745,0.005885336332640441,0.011701669301808493,0.15353120179958427,0.08022922636103152,0,0.19774057244682833,0.2764666713506885,6.634051713690173,0.9623875036945743,0.0,0.9787234042553191,0.0,0.2,0.0,0.9999999999999994,0.2,0.08,0.12034383954154727,0.2511770672665281,0.2511770672665281
195,0.8943907225775112,0.5037150007077342,0.892812774353143,0.5036351220736395,0.26235045025828074,0.4976460605061415,0.45272206303724927,0.35169848218895017,0.3630781766600105,0.08022922636103152,0.4514285714285714,0.351122243017361,0.362816930820225,0.08,0.1318051575931232,0.14,0.002857142857142857,27.431428571428572,0.2693409742120344,0.0,1.1511195784775073e-17,0.08496885334630433,11.69054441260745,0.0057087762426612275,0.011352619592798652,0.15342526574559673,0.08022922636103152,0,0.19843066955336122,0.28373752282153647,6.6413706794163705,0.9636945082690687,0.0,0.9591836734693877,0.0,0.2,0.0,0.9999999999999996,0.2,0.08,0.1318051575931232,0.2511417552485323,0.2511417552485323
196,0.8935959495364252,0.5045954498065681,0.8920202720921745,0.5044979083009192,0.26235045025828074,0.4972516001414329,0.47564469914040114,0.3515838690084344,0.3630115749334783,0.08022922636103152,0.4742857142857143,0.3510079573030752,0.36275051938434,0.08,0.12320916905444126,0.14285714285714285,0.002857142857142857,27.63714285714286,0.2722063037249284,0.0,8.636720588659927e-18,0.08495077822038631,11.69054441260745,0.005537512955381391,0.011013923589260899,0.15332250777322884,0.08022922636103152,0,0.19846637406273732,0.2823188352074288,6.651400408685186,0.9732537773960818,0.0,0.98,0.0,0.2,0.0,0.9999999999999997,0.2,0.08,0.12320916905444126,0.2511075025910763,0.2511075025910763
197,0.8935902983726948,0.50450356877842,0.8920146370746264,0.5044118499285788,0.26235045025828074,0.49677244320275293,0.4813753581661891,0.35146925582791866,0.36292561504809145,0.08022922636103152,0.48,0.35089367158878954,0.36266480509862575,0.08,0.1318051575931232,0.15428571428571428,0.002857142857142857,27.774285714285714,0.2693409742120344,0.0,5.759966199414115e-18,0.08493324534824584,11.69054441260745,0.005371387566719949,0.010685277603193044,0.15322283254003197,0.08022922636103152,0,0.1985023279067093,0.28090724103139164,6.672658114797196,0.9734995971369893,0.0,0.9814814814814815,0.0,0.2,0.0,0.9999999999999998,0.2,0.08,0.1318051575931232,0.251074277513344,0.251074277513344
198,0.894729534450743,0.5042396140964545,0.8931506181924512,0.5041674011630486,0.26235045025828074,0.49625734939621585,0.504297994269341,0.3513546426474029,0.36283965516270467,0.08022922636103152,0.5028571428571429,0.35077938587450386,0.36257909081291145,0.08,0.12893982808022922,0.15142857142857144,0.002857142857142857,27.942857142857143,0.27507163323782235,0.0,5.762057033366006e-18,0.08491623846226957,11.69054441260745,0.0052102459397183505,0.010366386651379123,0.153126147563831,0.08022922636103152,0,0.19927094849803093,0.2795027048262346,6.690633523929822,0.9607423832276727,0.0,0.9811320754716981,0.0,0.2,0.0,0.9999999999999998,0.2,0.08,0.12893982808022922,0.25104204918794365,0.25104204918794365
199,0.8959466095057456,0.5038443834570964,0.8943642158901538,0.5037408863520153,0.26235045025828074,0.4955834361336032,0.4469914040114613,0.3513546426474029,0.36283965516270467,0.08022922636103152,0.44571428571428573,0.35077938587450386,0.36257909081291145,0.08,0.12320916905444126,0.12571428571428572,0.002857142857142857,28.114285714285714,0.2722063037249284,0.0,5.764087906472237e-18,0.0848997417828726,11.69054441260745,0.0050539385615268,0.01005696421794422,0.15303236313691607,0.08022922636103152,0,0.1987601651841122,0.2781051913021034,6.682535139165513,0.9415275355631192,0.0,1.0,0.0,0.2,0.0,0.9999999999999998,0.2,0.08,0.12320916905444126,0.25101078771230534,0.25101078771230534
200,0.8948424030829997,0.503186750242018,0.8932631643429015,0.503057946691271,0.26235045025828074,0.49494292662470796,0.45558739255014324,0.3508961899253399,0.3624958156211574,0.08022922636103152,0.4542857142857143,0.350322243017361,0.3622362336700543,0.08,0.10601719197707736,0.11142857142857143,0.002857142857142857,28.291428571428572,0.2693409742120344,0.0,5.766060457011071e-18,0.08488374000385754,11.69054441260745,0.004902320404680996,0.009756732022657477,0.1529413922428086,0.08022922636103152,0,0.1999370793581916,0.27970988468841546,6.660313007810774,1.0,0.0,0.8974358974358975,0.0,0.2,0.0,0.9999999999999998,0.2,0.08,0.10601719197707736,0.2509804640809362,0.2509804640809362
201,0.8952972992662356,0.5028497172132241,0.893716760822757,0.5027529478754685,0.26235045025828074,0.4943086074433905,0.498567335243553,0.350838883335082,0.362452835678464,0.08022922636103152,0.49714285714285716,0.3502651001602181,0.36219337652719713,0.08,0.12034383954154727,0.13142857142857142,0.002857142857142857,28.48,0.2722063037249284,0.0,5.767976283356623e-18,0.08486821827821289,11.69054441260745,0.004755250792540566,0.00946541979488924,0.15285315047552434,0.08022922636103152,0,0.2000503946756864,0.27831133526497337,6.6585353190831285,0.9812035016991446,0.0,0.9782608695652174,0.0,0.2,0.0,0.9999999999999998,0.2,0.08,0.12034383954154727,0.2509510501585081,0.2509510501585081
202,0.8956621517927706,0.5024055371861627,0.8940805709135019,0.5023239452819378,0.26235045025828074,0.49365700446689775,0.4469914040114613,0.35072427015456625,0.36236687579307714,0.08022922636103152,0.44571428571428573,0.35015081444593243,0.36210766224148283,0.08,0.11461318051575932,0.12857142857142856,0.002857142857142857,28.62857142857143,0.2693409742120344,0.0,5.769836944650765e-18,0.08485316220433763,11.69054441260745,0.004612593268764349,0.00918276505312765,0.1527675559612586,0.08022922636103152,0,0.20029744166279723,0.2769197785886485,6.653936041272895,0.973859970657247,0.0,0.9777777777777777,0.0,0.2,0.0,0.9999999999999998,0.2,0.08,0.11461318051575932,0.25092251865375287,0.25092251865375287
203,0.896065228060537,0.5021352540894289,0.8944824955347888,0.5020787287351118,0.26235045025828074,0.4931556263059351,0.5214899713467048,0.35072427015456625,0.36236687579307714,0.08022922636103152,0.52,0.35015081444593243,0.36210766224148283,0.08,0.09742120343839542,0.10857142857142857,0.002857142857142857,28.762857142857143,0.2722063037249284,0.0,5.7716439614841154e-18,0.08483855781267863,11.69054441260745,0.004474215470701419,0.008908512889958198,0.15268452928242085,0.08022922636103152,0,0.19972424016876897,0.27553517969570523,6.629428749018865,0.9543827712441021,0.0,1.0,0.0,0.2,0.0,0.9999999999999998,0.2,0.08,0.09742120343839542,0.2508948430941403,0.2508948430941403
204,0.8971219295869267,0.5021410794328351,0.8955361779139602,0.5020887833216497,0.26235045025828074,0.4926167350149474,0.47564469914040114,0.35038043061301893,0.3621089961369167,0.08022922636103152,0.4742857142857143,0.3498079573030753,0.36185051938434,0.08,0.12034383954154727,0.13142857142857142,0.002857142857142857,28.94857142857143,0.2664756446991404,0.0,5.773398816584215e-18,0.08482439155276937,11.69054441260745,0.004339989006580377,0.008642415762409206,0.15260399340394823,0.08022922636103152,0,0.20120697973516014,0.2817044695747058,6.628268745467059,1.0258154597355928,0.0,0.9347826086956522,0.0,0.2,0.0,0.9999999999999998,0.2,0.08,0.12034383954154727,0.2508679978013161,0.2508679978013161
205,0.8962544704396552,0.5021685745747634,0.8946711972213952,0.5021194792790774,0.26235045025828074,0.492055918808009,0.4498567335243553,0.35038043061301893,0.3621089961369167,0.08022922636103152,0.44857142857142857,0.3498079573030753,0.36185051938434,0.08,0.1346704871060172,0.16285714285714287,0.002857142857142857,29.14,0.27507163323782235,0.0,5.7751029555092405e-18,0.0848106502806574,11.69054441260745,0.004209789336382965,0.008384233287564102,0.1525258736018298,0.08022922636103152,0,0.20088551911862718,0.28029594722683226,6.65856051341486,1.005299150540881,0.0,1.0,0.0,0.2,0.0,0.9999999999999998,0.2,0.08,0.1346704871060172,0.2508419578672766,0.2508419578672766
206,0.896183334565514,0.50254731070634,0.8946002645926089,0.5024731281502981,0.26235045025828074,0.4916735592857396,0.4068767908309456,0.35038043061301893,0.3621089961369167,0.08022922636103152,0.4057142857142857,0.3498079573030753,0.36185051938434,0.08,0.12034383954154727,0.12285714285714286,0.002857142857142857,29.3,0.27507163323782235,0.0,5.776757787345638e-18,0.0847973212467088,11.69054441260745,0.004083495656291476,0.008133732043342223,0.15245009739377488,0.08022922636103152,0,0.20030966295160543,0.27889446749069813,6.648246446003707,0.9851931675300633,0.0,1.0,0.0,0.2,0.0,0.9999999999999998,0.2,0.08,0.12034383954154727,0.2508166991312583,0.2508166991312583
207,0.8970883091603663,0.5026129320293498,0.8955026535457618,0.502535163220251,0.26235045025828074,0.4912645173234441,0.4154727793696275,0.3502658174325031,0.3620230362515299,0.08022922636103152,0.4142857142857143,0.34969367158878956,0.3617648050986257,0.08,0.13753581661891118,0.14857142857142858,0.002857142857142857,29.474285714285713,0.2693409742120344,0.0,5.778364685408233e-18,0.08478439208377865,11.69054441260745,0.003960990786602732,0.007890685374348227,0.15237659447196164,0.08022922636103152,0,0.20030768606541885,0.2774999951532446,6.663852945655061,0.9861869558535638,0.0,0.9807692307692307,0.0,0.2,0.0,0.9999999999999998,0.2,0.08,0.13753581661891118,0.25079219815732057,0.25079219815732057
208,0.8971425967694509,0.5026897421050537,0.8955567860473918,0.5026172291522715,0.26235045025828074,0.4908706809170679,0.46131805157593125,0.3502658174325031,0.3620230362515299,0.08022922636103152,0.46,0.34969367158878956,0.3617648050986257,0.08,0.09742120343839542,0.11428571428571428,0.002857142857142857,29.68,0.27507163323782235,0.0,5.779924987941449e-18,0.08477185079573642,11.69054441260745,0.00384216106300465,0.007654873202690871,0.1523052966378028,0.08022922636103152,0,0.19970614763509173,0.2761124951774784,6.644861601027673,0.9664632167364925,0.0,1.0,0.0,0.2,0.0,0.9999999999999998,0.2,0.08,0.09742120343839542,0.2507684322126009,0.2507684322126009
209,0.8980314929050777,0.5018351962593616,0.8964431424797736,0.5017823487520143,0.26235045025828074,0.4905695021288831,0.46418338108882523,0.3501512042519874,0.36193707636614303,0.08022922636103152,0.46285714285714286,0.3495793858745038,0.3616790908129115,0.08,0.11174785100286533,0.12857142857142856,0.002857142857142857,29.857142857142858,0.27793696275071633,0.0,5.781439998820425e-18,0.08475968574633543,11.69054441260745,0.0037268962311145103,0.007426081843671994,0.1522361377386687,0.08022922636103152,0,0.19970676046834487,0.274731932701591,6.640535797578549,0.9945064051172484,0.0,0.9777777777777777,0.0,0.2,0.0,0.9999999999999998,0.2,0.08,0.11174785100286533,0.2507453792462229,0.2507453792462229
210,0.896916186148114,0.5014902806787259,0.8953310223135442,0.5014770374745948,0.26235045025828074,0.4903380770473657,0.49283667621776506,0.3501512042519874,0.36193707636614303,0.08022922636103152,0.49142857142857144,0.3495793858745038,0.3616790908129115,0.08,0.14326647564469913,0.15142857142857144,0.002857142857142857,30.037142857142857,0.2722063037249284,0.0,5.782910988250868e-18,0.0847478856484165,11.69054441260745,0.003615089344181075,0.007204103826245034,0.15216905360650865,0.08022922636103152,0,0.19930779809457455,0.2733582730380831,6.659153653055548,0.9746162770149035,0.0,1.0,0.0,0.2,0.0,0.9999999999999998,0.2,0.08,0.14326647564469913,0.2507230178688362,0.2507230178688362
211,0.8960703405879681,0.5022510925998847,0.8944875934549986,0.5022103218369718,0.26235045025828074,0.4901278530471373,0.4469914040114613,0.3501512042519874,0.36193707636614303,0.08022922636103152,0.44571428571428573,0.3495793858745038,0.3616790908129115,0.08,0.09169054441260745,0.10285714285714286,0.002857142857142857,30.174285714285713,0.2722063037249284,0.0,5.7843391934665904e-18,0.08473643955343511,11.69054441260745,0.0035066366638556424,0.006988737718145566,0.15210398199831338,0.08022922636103152,0,0.19865411624695883,0.27199148167289267,6.628827722851581,0.9551239514746054,0.0,1.0,0.0,0.2,0.0,0.9999999999999998,0.2,0.08,0.09169054441260745,0.2507013273327711,0.2507013273327711
212,0.894845006182678,0.5027459729042622,0.8932657600051521,0.5026706122595419,0.26235045025828074,0.49006393227043227,0.4699140401146132,0.3499219778909559,0.36176515659536945,0.08022922636103152,0.4685714285714286,0.3493508144459324,0.3615076622414829,0.08,0.10601719197707736,0.11714285714285715,0.002857142857142857,30.345714285714287,0.2722063037249284,0.0,5.7857258194237965e-18,0.08472533684130314,11.69054441260745,0.003401437563939973,0.006779787955592975,0.152040862538364,0.08022922636103152,0,0.19897484566572404,0.29458011301326825,6.6133940255374055,1.0003868456382061,0.0,0.9512195121951219,0.0,0.2,0.0,0.9999999999999998,0.2,0.08,0.10601719197707736,0.250680287512788,0.250680287512788
213,0.8957719174383557,0.5015865208697429,0.8941900229429569,0.5015133508360617,0.26235045025828074,0.49000963204406217,0.4469914040114613,0.3499219778909559,0.36176515659536945,0.08022922636103152,0.44571428571428573,0.3493508144459324,0.3615076622414829,0.08,0.10028653295128939,0.11142857142857143,0.002857142857142857,30.505714285714287,0.2607449856733524,0.0,5.787072039491208e-18,0.08471456721053518,11.69054441260745,0.0032993944370217736,0.006577064677468769,0.15197963666221306,0.08022922636103152,0,0.19840811500882402,0.29310721244820187,6.59255471645523,0.980379108725442,0.0,1.0,0.0,0.2,0.0,0.9999999999999998,0.2,0.08,0.10028653295128939,0.2506598788874044,0.2506598788874044
214,0.8952190205895593,0.5004336412766064,0.8936387057994424,0.5003437280339278,0.26235045025828074,0.49005787557862535,0.4498567335243553,0.3499219778909559,0.36176515659536945,0.08022922636103152,0.44857142857142857,0.3493508144459324,0.3615076622414829,0.08,0.10888252148997135,0.12571428571428572,0.002857142857142857,30.708571428571428,0.2693409742120344,0.0,5.7883789961352735e-18,0.08470412066869026,11.69054441260745,0.0032004126039111205,0.006380383563869163,0.15192024756234668,0.08022922636103152,0,0.1984299080299776,0.2916416763859609,6.58641790784041,0.9607715265509331,0.0,1.0,0.0,0.2,0.0,0.9999999999999998,0.2,0.08,0.10888252148997135,0.25064008252078224,0.25064008252078224
215,0.8960289306949417,0.49996886768293186,0.8944463018759523,0.49992036908065246,0.26235045025828074,0.4899698923192148,0.44412607449856734,0.3498073647104402,0.36167919670998266,0.08022922636103152,0.44285714285714284,0.34923652873164673,0.3614219479557686,0.08,0.1174785100286533,0.12285714285714286,0.002857142857142857,30.86285714285714,0.2636103151862464,0.0,5.789647801599688e-18,0.08469398752310064,11.69054441260745,0.0031044002257937867,0.006189565678940356,0.15186264013547626,0.08022922636103152,0,0.1983516156326848,0.29018346800403105,6.5775466925407455,0.9462030567841936,0.0,0.9767441860465116,0.0,0.2,0.0,0.9999999999999998,0.2,0.08,0.1174785100286533,0.25062088004515876,0.25062088004515876
216,0.8952778780016647,0.49934234161707275,0.8936973950475132,0.4993056942358704,0.26235045025828074,0.48982398926633247,0.4297994269340974,0.3496927515299244,0.3615932368245958,0.08022922636103152,0.42857142857142855,0.34912224301736106,0.36133623367005435,0.08,0.11174785100286533,0.12285714285714286,0.002857142857142857,31.017142857142858,0.2664756446991404,0.0,5.790879538578616e-18,0.08468415837187873,11.69054441260745,0.003011268219019973,0.006004437317897682,0.151806760931412,0.08022922636103152,0,0.19913085755452137,0.2887325506640109,6.568852901547073,0.943426922775776,0.0,0.9767441860465116,0.0,0.2,0.0,0.9999999999999998,0.2,0.08,0.11174785100286533,0.250602253643804,0.250602253643804
217,0.8950000964299029,0.49980720613138857,0.893420407137385,0.4997268697568198,0.26235045025828074,0.48965110984644605,0.45558739255014324,0.3496927515299244,0.3615932368245958,0.08022922636103152,0.4542857142857143,0.34912224301736106,0.36133623367005435,0.08,0.08595988538681948,0.10285714285714286,0.002857142857142857,31.177142857142858,0.2693409742120344,0.0,5.7920752608829805e-18,0.08467462409519348,11.69054441260745,0.0029209301724493738,0.005824829858134151,0.15175255810346963,0.08022922636103152,0,0.19850648898103448,0.28728888791069085,6.540332986373274,0.9245583843202605,0.0,1.0,0.0,0.2,0.0,0.9999999999999998,0.2,0.08,0.08595988538681948,0.2505841860344899,0.2505841860344899
218,0.8963266582622907,0.4984639320234887,0.8947431787931088,0.49838063197561905,0.26235045025828074,0.4894517285600344,0.46131805157593125,0.34957813834940865,0.36150727693920903,0.08022922636103152,0.46,0.3490079573030753,0.36125051938434005,0.08,0.10601719197707736,0.12285714285714286,0.002857142857142857,31.325714285714287,0.2664756446991404,0.0,5.793235994099312e-18,0.08466537584680879,11.69054441260745,0.0028333022672758926,0.0056505796143262454,0.15169998136036553,0.08022922636103152,0,0.19845610010755788,0.2934459432242678,6.532383469502952,0.9439801839573781,0.0,0.9767441860465116,0.0,0.2,0.0,0.9999999999999998,0.2,0.08,0.10601719197707736,0.25056666045345516,0.25056666045345516
219,0.8964002922772127,0.49753657622400793,0.8948166024251311,0.4974629640665957,0.26235045025828074,0.489244236277336,0.47564469914040114,0.3494635251688929,0.3614213170538222,0.08022922636103152,0.4742857142857143,0.3488936715887896,0.36116480509862575,0.08,0.12320916905444126,0.14,0.002857142857142857,31.462857142857143,0.2607449856733524,0.0,5.7943627362406825e-18,0.08465640504587567,11.69054441260745,0.0027483031992576157,0.005481527697443478,0.15164898191955456,0.08022922636103152,0,0.19914820064568614,0.29197871350814647,6.5417358001128925,0.9497428363113196,0.0,0.9795918367346939,0.0,0.2,0.0,0.9999999999999998,0.2,0.08,0.12320916905444126,0.2505496606398515,0.2505496606398515
220,0.8957056688378161,0.4978648353528482,0.8941239636241329,0.49777504664681016,0.26235045025828074,0.4891845656303222,0.47564469914040114,0.3494635251688929,0.3614213170538222,0.08022922636103152,0.4742857142857143,0.3488936715887896,0.36116480509862575,0.08,0.11461318051575932,0.12,0.002857142857142857,31.614285714285714,0.2636103151862464,0.0,5.795456458389266e-18,0.08464770336897053,11.69054441260745,0.0026658541032798873,0.005317519877569565,0.15159951246196793,0.08022922636103152,0,0.19875004530327905,0.29051881994060574,6.530901084110635,0.9307479795850933,0.0,1.0,0.0,0.2,0.0,0.9999999999999998,0.2,0.08,0.11461318051575932,0.25053317082065596,0.25053317082065596
221,0.8953371572011636,0.4981764107991092,0.893756504877871,0.4981047078364751,0.26235045025828074,0.4892346931904419,0.4326647564469914,0.3494635251688929,0.3614213170538222,0.08022922636103152,0.43142857142857144,0.3488936715887896,0.36116480509862575,0.08,0.12893982808022922,0.1457142857142857,0.002857142857142857,31.805714285714284,0.2636103151862464,0.0,4.919623965621488e-18,0.09520170253896261,11.69054441260745,0.1026658541032799,0.1856228639758878,0.21159951246196793,0.08022922636103152,0,0.19882454579690992,0.28906622584090275,6.545997348142708,0.9121330199933914,0.0,1.0,0.0,0.2,0.0,0.9999999999999998,0.2,0.08,0.12893982808022922,0.270533170820656,0.270533170820656
222,0.8945207149064597,0.49804336019820383,0.8929423952754376,0.49797786038239694,0.26235045025828074,0.48929362359969325,0.4297994269340974,0.3494635251688929,0.3614213170538222,0.08022922636103152,0.42857142857142855,0.3488936715887896,0.36116480509862575,0.08,0.1346704871060172,0.14857142857142858,0.002857142857142857,32.011428571428574,0.2693409742120344,0.0,4.936085563256261e-18,0.09487664193726485,11.69054441260745,0.0995858784801815,0.18059085797776442,0.2097515270881089,0.08022922636103152,0,0.1984015659250682,0.2876208947116982,6.563648829751281,0.8938903595935234,0.0,1.0,0.0,0.2,0.0,0.9999999999999998,0.2,0.08,0.1346704871060172,0.2699171756960363,0.2699171756960363
223,0.8956780471997356,0.4974752485867173,0.8940964209050183,0.497411064287268,0.26235045025828074,0.48933073919082914,0.46418338108882523,0.3494635251688929,0.3614213170538222,0.08022922636103152,0.46285714285714286,0.3488936715887896,0.36116480509862575,0.08,0.14326647564469913,0.1657142857142857,0.002857142857142857,32.145714285714284,0.2664756446991404,0.0,4.952539939511702e-18,0.094561333153618,11.69054441260745,0.09659830212577605,0.1756801065889334,0.20795898127546564,0.08022922636103152,0,0.19860307777669886,0.28618279023813975,6.598090138870542,0.8760125524016529,0.0,1.0,0.0,0.2,0.0,0.9999999999999998,0.2,0.08,0.14326647564469913,0.2693196604251552,0.2693196604251552
224,0.8950446486848697,0.4974636113951489,0.8934648321001948,0.4973931585425225,0.26235045025828074,0.48926489475495466,0.4584527220630373,0.3494635251688929,0.3614213170538222,0.08022922636103152,0.45714285714285713,0.3488936715887896,0.36116480509862575,0.08,0.1318051575931232,0.15428571428571428,0.002857142857142857,32.32857142857143,0.2607449856733524,0.0,4.96897033372485e-18,0.09425548363348056,11.69054441260745,0.09370035306200276,0.17088856021819543,0.20622021183720166,0.08022922636103152,0,0.19812434810210103,0.28475187628694903,6.620414050378845,0.8584923013536199,0.0,1.0,0.0,0.2,0.0,0.9999999999999998,0.2,0.08,0.1318051575931232,0.2687400706124006,0.2687400706124006
225,0.8951485940727114,0.49751401409281676,0.8935684805012138,0.4974831162827422,0.26235045025828074,0.48918149352790347,0.45272206303724927,0.3494635251688929,0.3614213170538222,0.08022922636103152,0.4514285714285714,0.3488936715887896,0.36116480509862575,0.08,0.12320916905444126,0.14857142857142858,0.002857142857142857,32.497142857142855,0.25787965616045844,0.0,4.9853606715120215e-18,0.09395880959894726,11.69054441260745,0.09088934247014267,0.16621415063728118,0.2045336054820856,0.08022922636103152,0,0.19773344064730483,0.2833281169055143,6.636577197942697,0.8413224553265475,0.0,1.0,0.0,0.2,0.0,0.9999999999999998,0.2,0.08,0.12320916905444126,0.2681778684940285,0.2681778684940285
226,0.8940894902563492,0.4974058916501005,0.8925124026957559,0.49739079544911874,0.26235045025828074,0.4890582023638721,0.49283667621776506,0.3493489119883771,0.36133535716843534,0.08022922636103152,0.49142857142857144,0.34877938587450386,0.36107909081291145,0.08,0.1346704871060172,0.14285714285714285,0.002857142857142857,32.63142857142857,0.25787965616045844,0.0,5.001695582655056e-18,0.09367103578544997,11.69054441260745,0.0881626621960384,0.16165479517538206,0.20289759731762302,0.08022922636103152,0,0.19768748772978256,0.28191147632098673,6.646702796840985,0.8292138795329784,0.0,0.98,0.0,0.2,0.0,0.9999999999999998,0.2,0.08,0.1346704871060172,0.2676325324392077,0.2676325324392077
227,0.8945453093284483,0.49747885437818257,0.892966919427649,0.4974536822818517,0.26235045025828074,0.4888088716373526,0.4498567335243553,0.3493489119883771,0.36133535716843534,0.08022922636103152,0.44857142857142857,0.34877938587450386,0.36107909081291145,0.08,0.12607449856733524,0.13714285714285715,0.002857142857142857,32.78,0.2636103151862464,0.0,5.017960414148376e-18,0.09339189518635758,11.69054441260745,0.08551778233015725,0.1572084006583333,0.20131066939809433,0.08022922636103152,0,0.1972131931482765,0.28050191893938176,6.650911598047022,0.8126296019423188,0.0,1.0,0.0,0.2,0.0,0.9999999999999998,0.2,0.08,0.12607449856733524,0.26710355646603146,0.26710355646603146
228,0.893699183980972,0.49882809303200004,0.8921232115811654,0.4988037413386306,0.26235045025828074,0.4885129700636913,0.4297994269340974,0.34923429880786133,0.36124939728304856,0.08022922636103152,0.42857142857142855,0.3486651001602181,0.36099337652719715,0.08,0.12893982808022922,0.14,0.002857142857142857,32.94285714285714,0.2607449856733524,0.0,5.034141238766324e-18,0.09312112880523797,11.69054441260745,0.08295224886025253,0.15287286710145354,0.1997713493161515,0.08022922636103152,0,0.19716955646824944,0.2790994093446849,6.657893366086082,0.8369067423892519,0.0,0.9795918367346939,0.0,0.2,0.0,0.9999999999999998,0.2,0.08,0.12893982808022922,0.2665904497720505,0.2665904497720505
229,0.8937728467151562,0.4980276050451765,0.8921966638503948,0.4980125688759627,0.26235045025828074,0.4884542502175501,0.46131805157593125,0.34923429880786133,0.36124939728304856,0.08022922636103152,0.46,0.3486651001602181,0.36099337652719715,0.08,0.09455587392550144,0.10285714285714286,0.002857142857142857,33.07714285714286,0.2607449856733524,0.0,5.050224859508495e-18,0.09285848541555199,11.69054441260745,0.08046368139444494,0.1486460911651306,0.19827820883666697,0.08022922636103152,0,0.1966117094001939,0.2777039122979615,6.627592641621503,0.8201686075414668,0.0,1.0,0.0,0.2,0.0,0.9999999999999998,0.2,0.08,0.09455587392550144,0.26609273627888896,0.26609273627888896
230,0.8939521254926848,0.49794446453361574,0.8923754304028447,0.4979169235901843,0.26235045025828074,0.4883590443812931,0.45558739255014324,0.3491196856273456,0.3611634373976617,0.08022922636103152,0.4542857142857143,0.3485508144459324,0.3609076622414829,0.08,0.10601719197707736,0.12857142857142856,0.002857142857142857,33.2,0.2607449856733524,0.0,5.0661988102753914e-18,0.09260372132755648,11.69054441260745,0.07804977095261159,0.14452596938226991,0.19682986257156695,0.08022922636103152,0,0.19659950799605008,0.2763153927364717,6.623612217360502,0.8359131647503153,0.0,0.9777777777777777,0.0,0.2,0.0,0.9999999999999998,0.2,0.08,0.10601719197707736,0.2656099541905223,0.2656099541905223
231,0.8940155988938863,0.4977406368857222,0.8924387224514713,0.49770765441217746,0.26235045025828074,0.4882383530012157,0.42120343839541546,0.3490050724468298,0.3610774775122749,0.08022922636103152,0.42,0.34843652873164666,0.3608219479557686,0.08,0.12893982808022922,0.15428571428571428,0.002857142857142857,33.38857142857143,0.25787965616045844,0.0,5.082051353118709e-18,0.09235660016220092,11.69054441260745,0.07570827782403323,0.1405104011667173,0.19542496669441994,0.08022922636103152,0,0.1974490683350969,0.27493381577278936,6.645425687299006,0.8633388383237024,0.0,0.9814814814814815,0.0,0.2,0.0,0.9999999999999998,0.2,0.08,0.12893982808022922,0.2651416555648066,0.2651416555648066
232,0.8923149891147454,0.49772265728141857,0.8907429715574137,0.4976622833352714,0.26235045025828074,0.4881159136295065,0.47564469914040114,0.3490050724468298,0.3610774775122749,0.08022922636103152,0.4742857142857143,0.34843652873164666,0.3608219479557686,0.08,0.1318051575931232,0.15714285714285714,0.002857142857142857,33.534285714285716,0.25787965616045844,0.0,5.0977714723998654e-18,0.092116892631806,11.69054441260745,0.07343702948931223,0.1365972916117163,0.19406221769358734,0.08022922636103152,0,0.19760118304637067,0.2735591466939254,6.6696600306958835,0.8460720615572284,0.0,1.0,0.0,0.2,0.0,0.9999999999999998,0.2,0.08,0.1318051575931232,0.26468740589786244,0.26468740589786244
233,0.8925910905375091,0.4979575453333682,0.8910182841189696,0.4978809475765134,0.26235045025828074,0.48810127882834586,0.4785100286532951,0.3490050724468298,0.3610774775122749,0.08022922636103152,0.47714285714285715,0.34843652873164666,0.3608219479557686,0.08,0.12034383954154727,0.1457142857142857,0.002857142857142857,33.637142857142855,0.25787965616045844,0.0,5.1133488661780554e-18,0.09188437632732292,11.69054441260745,0.07123391860463286,0.13278455408737522,0.1927403511627797,0.08022922636103152,0,0.19715589141685314,0.27219135096045577,6.681981115796251,0.8291506203260838,0.0,1.0,0.0,0.2,0.0,0.9999999999999998,0.2,0.08,0.12034383954154727,0.2642467837209266,0.2642467837209266
234,0.8939730492310808,0.49874602858945755,0.892396294359131,0.49868970533001605,0.26235045025828074,0.488044672082648,0.47564469914040114,0.3490050724468298,0.3610774775122749,0.08022922636103152,0.4742857142857143,0.34843652873164666,0.3608219479557686,0.08,0.10028653295128939,0.1,0.002857142857142857,33.76571428571429,0.25787965616045844,0.0,5.12877393513503e-18,0.09165883551197437,11.69054441260745,0.06909690104649388,0.12907011264601032,0.19145814062789632,0.08022922636103152,0,0.19656982624548314,0.27083039420565347,6.648341493480325,0.8125676079195621,0.0,1.0,0.0,0.2,0.0,0.9999999999999998,0.2,0.08,0.10028653295128939,0.2638193802092988,0.2638193802092988
235,0.8942792480775447,0.49906579598101863,0.892701618351748,0.4989968087202404,0.26235045025828074,0.488094160355894,0.49570200573065903,0.34889045926631407,0.3609915176268881,0.08022922636103152,0.4942857142857143,0.348322243017361,0.3607362336700543,0.08,0.12607449856733524,0.14,0.002857142857142857,33.917142857142856,0.25787965616045844,0.0,5.144037769328794e-18,0.09144006092108624,11.69054441260745,0.06702399401509906,0.12545190424408792,0.19021439640905943,0.08022922636103152,0,0.19667183425711285,0.29774854537545137,6.6553746636107185,0.8085832607778866,0.0,0.9795918367346939,0.0,0.2,0.0,0.9999999999999998,0.2,0.08,0.12607449856733524,0.2634047988030198,0.2634047988030198
236,0.894185801028505,0.4994717090338404,0.8926084382942769,0.49939232908446,0.26235045025828074,0.4881572990032728,0.46131805157593125,0.3487758460857983,0.36090555774150124,0.08022922636103152,0.46,0.3482079573030753,0.36065051938434,0.08,0.13753581661891118,0.14857142857142858,0.002857142857142857,34.105714285714285,0.25787965616045844,0.0,5.1591321330524645e-18,0.09122784956792478,11.69054441260745,0.06501327419464609,0.12192788078932892,0.18900796451678764,0.08022922636103152,0,0.19668790437154154,0.29625980264857416,6.670838598909933,0.8067753235495441,0.0,0.9807692307692307,0.0,0.2,0.0,0.9999999999999998,0.2,0.08,0.13753581661891118,0.2630026548389292,0.2630026548389292
237,0.8940578911506534,0.49906883211417735,0.8924808938732193,0.4990276046177467,0.26235045025828074,0.48813550169796244,0.4670487106017192,0.3487758460857983,0.36090555774150124,0.08022922636103152,0.4657142857142857,0.3482079573030753,0.36065051938434,0.08,0.12320916905444126,0.1457142857142857,0.002857142857142857,34.26285714285714,0.25501432664756446,0.0,5.1740494480581864e-18,0.09102200455535812,11.69054441260745,0.0630628759688067,0.11849601102135776,0.18783772558128403,0.08022922636103152,0,0.19624703627825527,0.29477850363533126,6.68313611264602,0.7906398170785532,0.0,1.0,0.0,0.2,0.0,0.9999999999999998,0.2,0.08,0.12320916905444126,0.26261257519376136,0.26261257519376136
238,0.8936465315563846,0.49971327001209753,0.8920707095920768,0.49966997629431353,0.26235045025828074,0.48814032927019513,0.44412607449856734,0.3487758460857983,0.36090555774150124,0.08022922636103152,0.44285714285714284,0.3482079573030753,0.36065051938434,0.08,0.12893982808022922,0.13714285714285715,0.002857142857142857,34.44571428571429,0.25787965616045844,0.0,5.1887827753893065e-18,0.0908223348931685,11.69054441260745,0.0611709896897425,0.11515428223408042,0.1867025938138455,0.08022922636103152,0,0.19605917177991675,0.29330461111715456,6.686616247535957,0.7748270207369822,0.0,1.0,0.0,0.2,0.0,0.9999999999999998,0.2,0.08,0.12893982808022922,0.2622341979379485,0.2622341979379485
239,0.8940754768268548,0.49945444264031225,0.8924984293046314,0.49942002499414556,0.26235045025828074,0.48813223660893384,0.47564469914040114,0.3487758460857983,0.36090555774150124,0.08022922636103152,0.4742857142857143,0.3482079573030753,0.36065051938434,0.08,0.11461318051575932,0.12571428571428572,0.002857142857142857,34.60285714285714,0.25787965616045844,0.0,5.203325796047317e-18,0.09062865532084459,11.69054441260745,0.05933585999905022,0.11190070184776524,0.18560151599943012,0.08022922636103152,0,0.19618342728958113,0.2918380880615688,6.678598208299523,0.7593304803222425,0.0,1.0,0.0,0.2,0.0,0.9999999999999998,0.2,0.08,0.11461318051575932,0.26186717199981,0.26186717199981
240,0.8946406473588225,0.4989896577175143,0.8930619850636506,0.4989348934890339,0.26235045025828074,0.4881403921760996,0.49283667621776506,0.34866123290528256,0.36081959785611445,0.08022922636103152,0.49142857142857144,0.3480936715887896,0.36056480509862576,0.08,0.1489971346704871,0.15714285714285714,0.002857142857142857,34.777142857142856,0.2607449856733524,0.0,5.217672790703548e-18,0.09044078613569037,11.69054441260745,0.05755578419907871,0.10873329883857896,0.1845334705194472,0.08022922636103152,0,0.19625908158170466,0.29037889762126096,6.7021691012763895,0.8355809176497903,0.0,0.9818181818181818,0.0,0.2,0.0,0.9999999999999998,0.2,0.08,0.1489971346704871,0.26151115683981574,0.26151115683981574
241,0.8952880277359905,0.4990200222373711,0.8937075157825981,0.49894327038537867,0.26235045025828074,0.48812103823706743,0.49570200573065903,0.3485466197247668,0.3607336379707276,0.08022922636103152,0.4942857142857143,0.3479793858745039,0.36047909081291146,0.08,0.12893982808022922,0.1457142857142857,0.002857142857142857,34.965714285714284,0.25501432664756446,0.0,5.231818618649241e-18,0.09025855302609076,11.69054441260745,0.05582911067310635,0.1056501250330999,0.1834974664038638,0.08022922636103152,0,0.19624878688808184,0.2889270031331546,6.713840004965148,0.8371951519654542,0.0,0.9803921568627451,0.0,0.2,0.0,0.9999999999999998,0.2,0.08,0.12893982808022922,0.26116582213462125,0.26116582213462125
242,0.8959647862987135,0.4986161454907018,0.8943823407494275,0.4985700838576991,0.26235045025828074,0.48810294352762246,0.47277936962750716,0.3485466197247668,0.3607336379707276,0.08022922636103152,0.4714285714285714,0.3479793858745039,0.36047909081291146,0.08,0.08595988538681948,0.09714285714285714,0.002857142857142857,35.097142857142856,0.2521489971346705,0.0,5.245758696161834e-18,0.09008178690977915,11.69054441260745,0.05415423735291316,0.1026492562750918,0.1824925424117479,0.08022922636103152,0,0.19561040009649855,0.28748236811748884,6.6767060620087015,0.8204512489261452,0.0,1.0,0.0,0.2,0.0,0.9999999999999998,0.2,0.08,0.08595988538681948,0.2608308474705826,0.2608308474705826
243,0.895833092928908,0.4989495664934143,0.8942510236463932,0.4988698075220321,0.26235045025828074,0.4881149995625591,0.4813753581661891,0.34843200654425105,0.3606476780853408,0.08022922636103152,0.48,0.34786510016021815,0.3603933765271972,0.08,0.0830945558739255,0.10857142857142857,0.002857142857142857,35.28,0.25501432664756446,0.0,5.259488974449899e-18,0.08991032377695687,11.69054441260745,0.05252961023232576,0.0997287934715827,0.18151776613939546,0.08022922636103152,0,0.19574435237815896,0.2860449562769014,6.651743369339957,0.826912478560257,0.0,0.9736842105263158,0.0,0.2,0.0,0.9999999999999998,0.2,0.08,0.0830945558739255,0.26050592204646517,0.26050592204646517
244,0.8949169973213943,0.4990916646817085,0.8933375454549011,0.4990498185003938,0.26235045025828074,0.48817357953750523,0.45558739255014324,0.3482027801832195,0.3604757583145672,0.08022922636103152,0.4542857142857143,0.3476365287316467,0.3602219479557686,0.08,0.12320916905444126,0.14857142857142858,0.002857142857142857,35.44,0.2521489971346705,0.0,5.273005917324447e-18,0.08974400453811926,11.69054441260745,0.05095372192535599,0.09688686352504317,0.1805722331552136,0.08022922636103152,0,0.19682645269293939,0.28461473149551686,6.667279930524585,0.9064911981043623,0.0,0.9615384615384616,0.0,0.2,0.0,0.9999999999999998,0.2,0.08,0.12320916905444126,0.26019074438507117,0.26019074438507117
245,0.8942643292509784,0.4993668587202115,0.8926867421504003,0.49932625755905113,0.26235045025828074,0.48824256398616583,0.4785100286532951,0.347973553822188,0.36030383854379355,0.08022922636103152,0.47714285714285715,0.3474079573030753,0.36005051938434,0.08,0.10888252148997135,0.11428571428571428,0.002857142857142857,35.628571428571426,0.24641833810888253,0.0,5.2863064787301214e-18,0.0895826748764468,11.69054441260745,0.04942511026759531,0.09412162015821623,0.17965506616055718,0.08022922636103152,0,0.19712789185804613,0.2831916578380393,6.648220046199808,0.9254293786471275,0.0,0.95,0.0,0.2,0.0,0.9999999999999998,0.2,0.08,0.10888252148997135,0.25988502205351904,0.25988502205351904
246,0.8941465609725416,0.4997452101630706,0.8925693103527591,0.4996832118243387,0.26235045025828074,0.48823216267271313,0.4469914040114613,0.347973553822188,0.36030383854379355,0.08022922636103152,0.44571428571428573,0.3474079573030753,0.36005051938434,0.08,0.1174785100286533,0.13142857142857142,0.002857142857142857,35.79142857142857,0.24641833810888253,0.0,5.299388080256494e-18,0.08942618510462454,11.69054441260745,0.047942356959567445,0.09143124463789898,0.17876541417574046,0.08022922636103152,0,0.19679839597018445,0.28177569954884907,6.646684216704384,0.9069207910741849,0.0,1.0,0.0,0.2,0.0,0.9999999999999998,0.2,0.08,0.1174785100286533,0.2595884713919135,0.2595884713919135
247,0.8942385120958135,0.49988936595500416,0.892660998758536,0.4998266251272966,0.26235045025828074,0.4882689906773274,0.4871060171919771,0.3478589406416722,0.3602496722560141,0.08022922636103152,0.4857142857142857,0.34729367158878954,0.35999650785738285,0.08,0.12034383954154727,0.15142857142857144,0.002857142857142857,35.957142857142856,0.24641833810888253,0.0,5.3122485887368836e-18,0.08927439002595693,11.69054441260745,0.04650408625078042,0.08881394640373375,0.17790245175046823,0.08022922636103152,0,0.1975120667518532,0.28036682105110483,6.665179103798867,0.9159549082759064,0.0,0.9811320754716981,0.0,0.2,0.0,0.9999999999999998,0.2,0.08,0.12034383954154727,0.2593008172501561,0.2593008172501561
248,0.8944773002437902,0.4997058416008843,0.8928991046546613,0.49965949085387285,0.26235045025828074,0.4884104904710581,0.46131805157593125,0.3476297142806407,0.3600777524852405,0.08022922636103152,0.46,0.34706510016021813,0.3598250792859543,0.08,0.12893982808022922,0.1457142857142857,0.002857142857142857,36.10857142857143,0.2492836676217765,0.0,5.324886294030235e-18,0.08912714879964932,11.69054441260745,0.04510896366325701,0.08626796360781619,0.1770653781979542,0.08022922636103152,0,0.19798093570380823,0.2789649869458493,6.677589807437174,0.926720688526187,0.0,0.9607843137254902,0.0,0.2,0.0,0.9999999999999998,0.2,0.08,0.12893982808022922,0.2590217927326514,0.2590217927326514
249,0.8940867703180922,0.5001327888598529,0.8925096905287511,0.5000977731328996,0.26235045025828074,0.4886029475554292,0.46418338108882523,0.3476297142806407,0.3600777524852405,0.08022922636103152,0.46285714285714286,0.34706510016021813,0.3598250792859543,0.08,0.12320916905444126,0.13428571428571429,0.002857142857142857,36.26857142857143,0.24641833810888253,0.0,5.337299887070324e-18,0.08898432481013095,11.69054441260745,0.043755694753359296,0.08379156357069062,0.17625341685201557,0.08022922636103152,0,0.19756203102528916,0.27757016201112006,6.678323725574146,0.9081862747556632,0.0,1.0,0.0,0.2,0.0,0.9999999999999998,0.2,0.08,0.12320916905444126,0.25875113895067187,0.25875113895067187
250,0.8925021354682707,0.5005418569519385,0.8909295832070717,0.5004858268509976,0.26235045025828074,0.48882830033670294,0.44412607449856734,0.3476297142806407,0.3600777524852405,0.08022922636103152,0.44285714285714284,0.34706510016021813,0.3598250792859543,0.08,0.14040114613180515,0.15428571428571428,0.002857142857142857,36.45428571428572,0.2521489971346705,0.0,5.349488438256161e-18,0.08884578554029811,11.69054441260745,0.042443023910758514,0.08138304315905875,0.1754658143464551,0.08022922636103152,0,0.1972590787273056,0.27618231120106446,6.699042965348377,0.8900225492605499,0.0,1.0,0.0,0.2,0.0,0.9999999999999998,0.2,0.08,0.14040114613180515,0.2584886047821517,0.2584886047821517
251,0.8924447721407363,0.5002264729823667,0.8908723837747591,0.500170600231259,0.26235045025828074,0.48889594144773585,0.47277936962750716,0.34728587473909345,0.35990583271446686,0.08022922636103152,0.4714285714285714,0.346722243017361,0.3596536507145257,0.08,0.13753581661891118,0.1657142857142857,0.002857142857142857,36.63142857142857,0.24641833810888253,0.0,5.361451376247672e-18,0.08871140244856032,11.69054441260745,0.04116973319343576,0.07904072909029669,0.17470183991606145,0.08022922636103152,0,0.1985168969370096,0.28447124936255663,6.730776391755695,0.931057243943726,0.0,0.9482758620689655,0.0,0.2,0.0,0.9999999999999998,0.2,0.08,0.13753581661891118,0.25823394663868715,0.25823394663868715
252,0.893804503357135,0.5011171350593598,0.8922282300448251,0.5010320617162348,0.26235045025828074,0.48892824999743917,0.4699140401146132,0.3471712615585777,0.35981987282908,0.08022922636103152,0.4685714285714286,0.34660795730307525,0.3595679364288114,0.08,0.12320916905444126,0.13428571428571429,0.002857142857142857,36.81428571428572,0.2521489971346705,0.0,5.373188467221768e-18,0.0885810508495746,11.69054441260745,0.03993464119763269,0.07676297816864242,0.17396078471857962,0.08022922636103152,0,0.19849531245232457,0.2830488931157438,6.730446578206295,0.9200817529338619,0.0,0.9787234042553191,0.0,0.2,0.0,0.9999999999999998,0.2,0.08,0.12320916905444126,0.2579869282395265,0.2579869282395265
253,0.8930494499359508,0.49997095611173614,0.8914753339191299,0.499845950071552,0.26235045025828074,0.48896997925447705,0.49570200573065903,0.34694203519754613,0.3596479530583064,0.08022922636103152,0.4942857142857143,0.34637938587450384,0.35939650785738286,0.08,0.14040114613180515,0.16857142857142857,0.002857142857142857,36.934285714285714,0.24068767908309455,0.0,5.3846997946355604e-18,0.08845460979855849,11.69054441260745,0.038736601961703705,0.07454817745769149,0.17324196117702223,0.08022922636103152,0,0.19904512160434865,0.28163364865016516,6.764409075213598,0.9095687171200011,0.0,0.9661016949152542,0.0,0.2,0.0,0.9999999999999998,0.2,0.08,0.14040114613180515,0.2577473203923407,0.2577473203923407
254,0.8925924567910627,0.4990335980349233,0.8910196464689417,0.4989039155036018,0.26235045025828074,0.4889422161991504,0.5214899713467048,0.34694203519754613,0.3596479530583064,0.08022922636103152,0.52,0.34637938587450384,0.35939650785738286,0.08,0.11174785100286533,0.11714285714285715,0.002857142857142857,37.13142857142857,0.24641833810888253,0.0,5.39598573953592e-18,0.08833196197907288,11.69054441260745,0.03757450390285259,0.07239474439361815,0.17254470234171154,0.08022922636103152,0,0.19847846742489839,0.2802254804069143,6.746263750852183,0.8913773427776011,0.0,1.0,0.0,0.2,0.0,0.9999999999999998,0.2,0.08,0.11174785100286533,0.25751490078057054,0.25751490078057054
255,0.8921584993767621,0.49909060450036813,0.8905869289329676,0.49893952074380254,0.26235045025828074,0.48890831452034095,0.49283667621776506,0.34682742201703043,0.35956199317291954,0.08022922636103152,0.49142857142857144,0.3462651001602181,0.35931079357166856,0.08,0.11461318051575932,0.12857142857142856,0.002857142857142857,37.32857142857143,0.24641833810888253,0.0,5.407046961447478e-18,0.08821299359417178,11.69054441260745,0.03644726878576701,0.07030112684332634,0.1718683612714602,0.08022922636103152,0,0.19837164651634528,0.29223923373591076,6.739909904406568,0.9257927865559867,0.0,0.9777777777777777,0.0,0.2,0.0,0.9999999999999998,0.2,0.08,0.11461318051575932,0.2572894537571534,0.2572894537571534
256,0.8934759378806685,0.49932777963970415,0.891900603326863,0.49915763914762706,0.26235045025828074,0.48893768077295763,0.49570200573065903,0.34665550224625674,0.3594330533448393,0.08022922636103152,0.4942857142857143,0.34609367158878956,0.35918222214309714,0.08,0.11174785100286533,0.11428571428571428,0.002857142857142857,37.505714285714284,0.25501432664756446,0.0,5.4178843798648505e-18,0.08809759426081776,11.69054441260745,0.035353850722194,0.06826580311152597,0.1712123104333164,0.08022922636103152,0,0.19928716582216238,0.29077803756723125,6.71939742060415,0.93905646638835,0.0,0.95,0.0,0.2,0.0,0.9999999999999998,0.2,0.08,0.11174785100286533,0.2570707701444388,0.2570707701444388
257,0.8936676954066384,0.49884173925046027,0.8920918129741869,0.4986848020794229,0.26235045025828074,0.48899133276111956,0.5071633237822349,0.34665550224625674,0.3594330533448393,0.08022922636103152,0.5057142857142857,0.34609367158878956,0.35918222214309714,0.08,0.10601719197707736,0.11714285714285715,0.002857142857142857,37.67142857142857,0.2492836676217765,0.0,5.428499156369103e-18,0.08798565690746431,11.69054441260745,0.034293235200528176,0.06628728190052913,0.1705759411203169,0.08022922636103152,0,0.1988893042751944,0.2893241473793951,6.7021523293349246,0.920275337060583,0.0,1.0,0.0,0.2,0.0,0.9999999999999998,0.2,0.08,0.10601719197707736,0.25685864704010564,0.25685864704010564
258,0.8927221282646318,0.4982511070905388,0.8911489474525862,0.49810497355774935,0.26235045025828074,0.48914033772942556,0.47564469914040114,0.34654088906574104,0.3593470934594525,0.08022922636103152,0.4742857142857143,0.34597938587450383,0.3590965078573829,0.08,0.12320916905444126,0.14285714285714285,0.002857142857142857,37.822857142857146,0.2492836676217765,0.0,5.438892677383172e-18,0.08787707767471152,11.69054441260745,0.033264438144512326,0.06436410222636424,0.16995866288670738,0.08022922636103152,0,0.19895114418238985,0.2878775266424981,6.710966425605368,0.9040984039708366,0.0,0.98,0.0,0.2,0.0,0.9999999999999998,0.2,0.08,0.12320916905444126,0.2566528876289025,0.2566528876289025
259,0.8923095958065379,0.49795123829795424,0.8907375936586582,0.4977805068503173,0.26235045025828074,0.4891997649288721,0.4899713467048711,0.34654088906574104,0.3593470934594525,0.08022922636103152,0.48857142857142855,0.34597938587450383,0.3590965078573829,0.08,0.08882521489971347,0.1,0.002857142857142857,37.96857142857143,0.2492836676217765,0.0,5.4490665375762444e-18,0.08777175581894127,11.69054441260745,0.03226650500017696,0.06249483329462158,0.16935990300010617,0.08022922636103152,0,0.19829924560433507,0.2864381390092856,6.676747097093261,0.8860164358914199,0.0,1.0,0.0,0.2,0.0,0.9999999999999998,0.2,0.08,0.08882521489971347,0.2564533010000354,0.2564533010000354
260,0.892432167613454,0.4973119520618997,0.8908598152604119,0.4971383522597065,0.26235045025828074,0.48931984916272375,0.4469914040114613,0.34654088906574104,0.3593470934594525,0.08022922636103152,0.44571428571428573,0.34597938587450383,0.3590965078573829,0.08,0.10028653295128939,0.11714285714285715,0.002857142857142857,38.145714285714284,0.2492836676217765,0.0,5.459022523922954e-18,0.08766959361884417,11.69054441260745,0.031298509850171644,0.06067807433925587,0.16877910591010298,0.08022922636103152,0,0.19785003509059906,0.2850059483142392,6.660355012294253,0.8682961071735915,0.0,1.0,0.0,0.2,0.0,0.9999999999999998,0.2,0.08,0.10028653295128939,0.25625970197003434,0.25625970197003434
261,0.8925541644423164,0.4975579836975518,0.8909814635269061,0.4974061061872505,0.26235045025828074,0.4892790996970419,0.4670487106017192,0.3464262758852253,0.3592611335740657,0.08022922636103152,0.4657142857142857,0.34586510016021815,0.3590107935716686,0.08,0.10601719197707736,0.11142857142857143,0.002857142857142857,38.325714285714284,0.25787965616045844,0.0,5.468762600419351e-18,0.08757049628474993,11.69054441260745,0.030359554554666494,0.058912454427401895,0.16821573273279988,0.08022922636103152,0,0.1979419682375722,0.283580918572668,6.638576483476939,0.8543504511534684,0.0,0.9743589743589743,0.0,0.2,0.0,0.9999999999999998,0.2,0.08,0.10601719197707736,0.2560719109109333,0.2560719109109333
262,0.8926709590970999,0.4973212511526719,0.8910979244826758,0.49716004200045283,0.26235045025828074,0.48934362199426096,0.4785100286532951,0.3464262758852253,0.3592611335740657,0.08022922636103152,0.47714285714285715,0.34586510016021815,0.3590107935716686,0.08,0.08882521489971347,0.09714285714285714,0.002857142857142857,38.465714285714284,0.25501432664756446,0.0,5.478288893454347e-18,0.08747437187067854,11.69054441260745,0.0294487679180265,0.05719663223308802,0.1676692607508159,0.08022922636103152,0,0.19738040125352715,0.2821630139798047,6.602947810950257,0.8372634421303992,0.0,1.0,0.0,0.2,0.0,0.9999999999999998,0.2,0.08,0.08882521489971347,0.25588975358360533,0.25588975358360533
263,0.8940352668071879,0.4963374625848277,0.892458334170735,0.4961746000022696,0.26235045025828074,0.4894636185713605,0.5100286532951289,0.3463116627047095,0.35917517368867885,0.08022922636103152,0.5085714285714286,0.3457508144459324,0.3589250792859543,0.08,0.10888252148997135,0.12,0.002857142857142857,38.645714285714284,0.25787965616045844,0.0,5.487603677832351e-18,0.08738113118902933,11.69054441260745,0.028565304880485705,0.05552929578256993,0.1671391829282914,0.08022922636103152,0,0.19775437035060597,0.2807521989099056,6.5908888547312525,0.840182409079868,0.0,0.9761904761904762,0.0,0.2,0.0,0.9999999999999998,0.2,0.08,0.10888252148997135,0.25571306097609714,0.25571306097609714
264,0.8942613275307514,0.4962429231256347,0.8926837490065168,0.4960836270925564,0.26235045025828074,0.489544528381796,0.47564469914040114,0.3461970495241937,0.359089213803292,0.08022922636103152,0.4742857142857143,0.3456365287316467,0.35883936500024,0.08,0.12320916905444126,0.13428571428571429,0.002857142857142857,38.822857142857146,0.2607449856733524,0.0,5.496709363440231e-18,0.08729068772782955,11.69054441260745,0.027708345734071133,0.05390916217385344,0.16662500744044267,0.08022922636103152,0,0.19779331349885296,0.28236609862616874,6.593356791922341,0.8233787608982707,0.0,0.9787234042553191,0.0,0.2,0.0,0.9999999999999998,0.2,0.08,0.12320916905444126,0.2555416691468142,0.2555416691468142
265,0.8947214466569825,0.4970700197634851,0.8931425535066732,0.49690313203747094,0.26235045025828074,0.48965181380360245,0.46418338108882523,0.3461970495241937,0.359089213803292,0.08022922636103152,0.46285714285714286,0.3456365287316467,0.35883936500024,0.08,0.12034383954154727,0.13428571428571429,0.002857142857142857,38.997142857142855,0.25501432664756446,0.0,5.505608482549416e-18,0.08720295757046578,11.69054441260745,0.026877095362049,0.052334977272824657,0.1661262572172294,0.08022922636103152,0,0.19734677550278726,0.28095426813303787,6.5957753703696085,0.8069111856803053,0.0,1.0,0.0,0.2,0.0,0.9999999999999998,0.2,0.08,0.12034383954154727,0.2553754190724098,0.2553754190724098
266,0.8934692953170758,0.49734065349004886,0.8918939797420231,0.4972371591341207,0.26235045025828074,0.48984546406811746,0.46418338108882523,0.34608243634367797,0.3590032539179052,0.08022922636103152,0.46285714285714286,0.34552224301736095,0.3587536507145257,0.08,0.11174785100286533,0.13142857142857142,0.002857142857142857,39.08571428571429,0.2521489971346705,0.0,5.5143036777421516e-18,0.08711785931782293,11.69054441260745,0.026070782501187526,0.05080551538826483,0.1656424695007125,0.08022922636103152,0,0.19727404162527332,0.2845119493737884,6.595288434390789,0.8204418284569713,0.0,0.9782608695652174,0.0,0.2,0.0,0.9999999999999998,0.2,0.08,0.11174785100286533,0.2552141565002375,0.2552141565002375
267,0.8938051847719936,0.49691246214005963,0.8922289095127841,0.49682028916896853,0.26235045025828074,0.49021689534588236,0.5157593123209169,0.34596782316316216,0.3589172940325184,0.08022922636103152,0.5142857142857142,0.3454079573030753,0.35866793642881145,0.08,0.12034383954154727,0.12857142857142856,0.002857142857142857,39.26857142857143,0.25501432664756446,0.0,5.52279769044909e-18,0.08703531401275934,11.69054441260745,0.025288659026151898,0.04931957892788941,0.16517319541569114,0.08022922636103152,0,0.19748089924305678,0.2837619793024007,6.591954094274401,0.8413385782387359,0.0,0.9777777777777777,0.0,0.2,0.0,0.9999999999999998,0.2,0.08,0.12034383954154727,0.2550577318052304,0.2550577318052304
268,0.8933821222960862,0.4961520777459031,0.8918070557868079,0.4960315269929934,0.26235045025828074,0.4906182449731691,0.4469914040114613,0.34573859680213065,0.3587453742617448,0.08022922636103152,0.44571428571428573,0.3451793858745038,0.35849650785738285,0.08,0.10888252148997135,0.14285714285714285,0.002857142857142857,39.41142857142857,0.25501432664756446,0.0,5.5310933500840915e-18,0.0869552450668477,11.69054441260745,0.024529999255367342,0.04787599803742004,0.1647179995532204,0.08022922636103152,0,0.19795006617541297,0.28234316940588866,6.602972155246056,0.8974462972048934,0.0,0.96,0.0,0.2,0.0,0.9999999999999998,0.2,0.08,0.10888252148997135,0.2549059998510735,0.2549059998510735
269,0.8945760875840216,0.4968233249438916,0.8929976097453491,0.49668967386526935,0.26235045025828074,0.4908826748776843,0.4297994269340974,0.3456239836216149,0.35865941437635795,0.08022922636103152,0.42857142857142855,0.34506510016021813,0.35841079357166855,0.08,0.11461318051575932,0.12285714285714286,0.002857142857142857,39.57142857142857,0.25501432664756446,0.0,5.53919356376095e-18,0.08687757818931337,11.69054441260745,0.023794099277706322,0.04647363022457851,0.1642764595666238,0.08022922636103152,0,0.19781731584453585,0.28688091726240933,6.593769854998277,0.9286847922611824,0.0,0.9767441860465116,0.0,0.2,0.0,0.9999999999999998,0.2,0.08,0.11461318051575932,0.2547588198555413,0.2547588198555413
270,0.8922893850290218,0.4962222437097195,0.8907174406262207,0.49610699893752913,0.26235045025828074,0.4912329075649835,0.4699140401146132,0.34550937044109914,0.3585734544909711,0.08022922636103152,0.4685714285714286,0.34495081444593245,0.35832507928595425,0.08,0.12607449856733524,0.14857142857142858,0.002857142857142857,39.754285714285714,0.25501432664756446,0.0,5.547101306575709e-18,0.08680224131810509,11.69054441260745,0.023080276299375133,0.045111359969765674,0.16384816577962508,0.08022922636103152,0,0.1978845156938846,0.2854465126760973,6.61046588646974,0.9612849153163335,0.0,0.9807692307692307,0.0,0.2,0.0,0.9999999999999998,0.2,0.08,0.12607449856733524,0.254616055259875,0.254616055259875
271,0.8932489541386969,0.49594362242041135,0.8916742681098684,0.4958186985496494,0.26235045025828074,0.49152647124792576,0.49283667621776506,0.34528014408006763,0.3584015347201975,0.08022922636103152,0.49142857142857144,0.344722243017361,0.3581536507145257,0.08,0.11461318051575932,0.13142857142857142,0.002857142857142857,39.93714285714286,0.25787965616045844,0.0,5.5548196124375855e-18,0.08672916455303302,11.69054441260745,0.02238786801039388,0.04378809832508257,0.16343272080623633,0.08022922636103152,0,0.1982092359725581,0.29544726560972395,6.609685140168918,0.9992246806894803,0.0,0.9565217391304348,0.0,0.2,0.0,0.9999999999999998,0.2,0.08,0.11461318051575932,0.2544775736020788,0.2544775736020788
272,0.893609097796274,0.4951217144815078,0.8920333827855665,0.49504188932325827,0.26235045025828074,0.4917122940551157,0.504297994269341,0.34528014408006763,0.3584015347201975,0.08022922636103152,0.5028571428571429,0.344722243017361,0.3581536507145257,0.08,0.1174785100286533,0.13428571428571429,0.002857142857142857,40.09428571428571,0.25501432664756446,0.0,5.562351565430812e-18,0.08665828009091316,11.69054441260745,0.021716231970082062,0.04250278250323991,0.16302973918204924,0.08022922636103152,0,0.1986147115496113,0.29397002928167537,6.611777151651252,0.9792401870756908,0.0,1.0,0.0,0.2,0.0,0.9999999999999998,0.2,0.08,0.1174785100286533,0.2543432463940164,0.2543432463940164
273,0.8939704741489043,0.49547691975179786,0.8923937266343324,0.4953781706168577,0.26235045025828074,0.49181678214447067,0.5186246418338109,0.34528014408006763,0.3584015347201975,0.08022922636103152,0.5171428571428571,0.344722243017361,0.3581536507145257,0.08,0.12320916905444126,0.14,0.002857142857142857,40.20857142857143,0.2521489971346705,0.0,5.569700291689368e-18,0.0865895221626569,11.69054441260745,0.0210647450109796,0.04125437545780075,0.16263884700658776,0.08022922636103152,0,0.19876071233052678,0.292500179135267,6.619541608618227,0.9596553833341769,0.0,1.0,0.0,0.2,0.0,0.9999999999999998,0.2,0.08,0.12320916905444126,0.25421294900219593,0.25421294900219593
274,0.8939022018930338,0.4956059913365281,0.89232564944205,0.49546187756937654,0.26235045025828074,0.4919451454066041,0.4871060171919771,0.3451655308995519,0.3583738432030351,0.08022922636103152,0.4857142857142857,0.34460795730307525,0.35812603831598383,0.08,0.12034383954154727,0.14,0.002857142857142857,40.402857142857144,0.2521489971346705,0.0,5.576868951766222e-18,0.08652282697224827,11.69054441260745,0.02043280266065021,0.040041865456103776,0.16225968159639012,0.08022922636103152,0,0.19873790876887415,0.29103767823959065,6.627150776445863,0.986860321107826,0.0,0.9795918367346939,0.0,0.2,0.0,0.9999999999999998,0.2,0.08,0.12034383954154727,0.25408656053213,0.25408656053213
275,0.8927908083790079,0.4954446320734969,0.8912174313380641,0.49532977452270677,0.26235045025828074,0.4919368308235978,0.504297994269341,0.3451655308995519,0.3583738432030351,0.08022922636103152,0.5028571428571429,0.34460795730307525,0.35812603831598383,0.08,0.1174785100286533,0.12571428571428572,0.002857142857142857,40.54857142857143,0.2492836676217765,0.0,5.5838607334785166e-18,0.08645813263755196,11.69054441260745,0.019819818580830706,0.038864265646124774,0.16189189114849842,0.08022922636103152,0,0.19817279065360124,0.2895824898483927,6.620322046631231,0.9671231146856694,0.0,1.0,0.0,0.2,0.0,0.9999999999999998,0.2,0.08,0.1174785100286533,0.25396396371616614,0.25396396371616614
276,0.8938100859514045,0.4954851846602931,0.8922337966888251,0.49536646285142266,0.26235045025828074,0.49184118493227535,0.4670487106017192,0.3451655308995519,0.3583738432030351,0.08022922636103152,0.4657142857142857,0.34460795730307525,0.35812603831598383,0.08,0.10601719197707736,0.11714285714285715,0.002857142857142857,40.70857142857143,0.2492836676217765,0.0,5.5906788452101454e-18,0.08639537913289651,11.69054441260745,0.019225224023405783,0.037720613618443255,0.16153513441404346,0.08022922636103152,0,0.1976672131289046,0.28813457739915077,6.6050584628414635,0.947780652391956,0.0,1.0,0.0,0.2,0.0,0.9999999999999998,0.2,0.08,0.10601719197707736,0.2538450448046812,0.2538450448046812
277,0.8924899525123462,0.4960939181736048,0.890917435059593,0.49595076803369725,0.26235045025828074,0.49161715977133935,0.49570200573065903,0.3451655308995519,0.3583738432030351,0.08022922636103152,0.4942857142857143,0.34460795730307525,0.35812603831598383,0.08,0.12320916905444126,0.13714285714285715,0.002857142857142857,40.85142857142857,0.2492836676217765,0.0,5.597326509653088e-18,0.08633450823338074,11.69054441260745,0.01864846730270361,0.036609970964401994,0.16118908038162216,0.08022922636103152,0,0.19850659420254582,0.28669390451215504,6.61010015072749,0.9288250393441169,0.0,1.0,0.0,0.2,0.0,0.9999999999999998,0.2,0.08,0.12320916905444126,0.2537296934605407,0.2537296934605407
278,0.8926514805737326,0.4960115085980975,0.8910785016122323,0.4959351628716511,0.26235045025828074,0.49162558027247116,0.49570200573065903,0.3450509177190361,0.35828788331764827,0.08022922636103152,0.4942857142857143,0.3444936715887896,0.35804032403026953,0.08,0.12893982808022922,0.13142857142857142,0.002857142857142857,41.02571428571429,0.2492836676217765,0.0,5.603806957969104e-18,0.08627546346085042,11.69054441260745,0.0180890132836225,0.03553142283146549,0.1608534079701735,0.08022922636103152,0,0.19839977551724738,0.2931421297356166,6.609326719141513,0.9346594952958823,0.0,0.9782608695652174,0.0,0.2,0.0,0.9999999999999998,0.2,0.08,0.12893982808022922,0.2536178026567245,0.2536178026567245
279,0.8922067276850546,0.4961664497740492,0.8906350194460934,0.4960936383416492,0.26235045025828074,0.49181088544033924,0.4670487106017192,0.3448216913580046,0.3581159635468747,0.08022922636103152,0.4657142857142857,0.3442651001602181,0.35786889545884093,0.08,0.12034383954154727,0.13428571428571429,0.002857142857142857,41.145714285714284,0.2521489971346705,0.0,5.610123424353492e-18,0.08621819003149601,11.69054441260745,0.017546342885113825,0.03448407747671345,0.16052780573106828,0.08022922636103152,0,0.19992743649961545,0.29167641908693853,6.611425899044397,0.9608227204428177,0.0,0.9574468085106383,0.0,0.2,0.0,0.9999999999999998,0.2,0.08,0.12034383954154727,0.2535092685770228,0.2535092685770228
280,0.8912948842522156,0.4960605385527406,0.8897257812802054,0.4959682472510735,0.26235045025828074,0.4920634786069359,0.4899713467048711,0.3448216913580046,0.3581159635468747,0.08022922636103152,0.48857142857142855,0.3442651001602181,0.35786889545884093,0.08,0.10888252148997135,0.12285714285714286,0.002857142857142857,41.285714285714285,0.24355300859598855,0.0,5.616279140982934e-18,0.08616263480502227,11.69054441260745,0.01701995259856041,0.03346706581933134,0.16021197155913625,0.08022922636103152,0,0.19941322788854587,0.29021803699150384,6.602054523920652,0.9416062660339614,0.0,1.0,0.0,0.2,0.0,0.9999999999999998,0.2,0.08,0.10888252148997135,0.2534039905197121,0.2534039905197121
281,0.8895992865475487,0.49609781507076284,0.888035028140409,0.4960040339826292,0.26235045025828074,0.4921868055587412,0.49283667621776506,0.3448216913580046,0.3581159635468747,0.08022922636103152,0.49142857142857144,0.3442651001602181,0.35786889545884093,0.08,0.12320916905444126,0.14,0.002857142857142857,41.434285714285714,0.24641833810888253,0.0,5.6222773333296874e-18,0.0861087462353427,11.69054441260745,0.0165093540206036,0.03247954099289663,0.15990561241236215,0.08022922636103152,0,0.1991832015001007,0.2887669468065463,6.610013433442238,0.9227741407132821,0.0,1.0,0.0,0.2,0.0,0.9999999999999998,0.2,0.08,0.12320916905444126,0.2533018708041207,0.2533018708041207
282,0.8913619544127275,0.4969175624890843,0.8897926598116872,0.4968252741261751,0.26235045025828074,0.49233198808893264,0.498567335243553,0.34470707817748886,0.35803000366148785,0.08022922636103152,0.49714285714285716,0.3441508144459324,0.35778318117312663,0.08,0.12893982808022922,0.14285714285714285,0.002857142857142857,41.59428571428571,0.24641833810888253,0.0,5.6281212158248625e-18,0.08605647432275353,11.69054441260745,0.01601407339998549,0.03152067789819646,0.15960844403999128,0.08022922636103152,0,0.19935446810074053,0.2873231120725136,6.620670307630535,0.9411919999999999,0.0,0.98,0.0,0.2,0.0,0.9999999999999998,0.2,0.08,0.12893982808022922,0.2532028146799971,0.2532028146799971
283,0.892198166744518,0.49645673660895984,0.890626482965387,0.49634978215396985,0.26235045025828074,0.4924089411369095,0.498567335243553,0.34470707817748886,0.35803000366148785,0.08022922636103152,0.49714285714285716,0.3441508144459324,0.35778318117312663,0.08,0.13753581661891118,0.16,0.002857142857142857,41.77428571428572,0.24641833810888253,0.0,5.633813987853769e-18,0.08600577056754201,11.69054441260745,0.015533651197985924,0.030589672757253217,0.15932019071879155,0.08022922636103152,0,0.1989574100459511,0.28588649651215103,6.648256901477925,0.9223681599999999,0.0,1.0,0.0,0.2,0.0,0.9999999999999998,0.2,0.08,0.13753581661891118,0.2531067302395972,0.2531067302395972
284,0.8929182227095666,0.4966570621398182,0.8913444816276783,0.49651989924610745,0.26235045025828074,0.4924666038739846,0.4469914040114613,0.34470707817748886,0.35803000366148785,0.08022922636103152,0.44571428571428573,0.3441508144459324,0.35778318117312663,0.08,0.10315186246418338,0.11142857142857143,0.002857142857142857,41.92857142857143,0.24641833810888253,0.0,5.6393588300668804e-18,0.08595658792498688,11.69054441260745,0.015067641662046346,0.02968574266917945,0.1590405849972278,0.08022922636103152,0,0.19836262299572135,0.2844570640295903,6.6267203348769375,0.9039207967999998,0.0,1.0,0.0,0.2,0.0,0.9999999999999998,0.2,0.08,0.10315186246418338,0.25301352833240925,0.25301352833240925
285,0.8926217576081044,0.49693186114271654,0.8910488635693631,0.4967697059350459,0.26235045025828074,0.49259356567977003,0.47277936962750716,0.3442486254554258,0.3576861641199406,0.08022922636103152,0.4714285714285714,0.3436936715887895,0.3574403240302695,0.08,0.12034383954154727,0.13714285714285715,0.002857142857142857,42.105714285714285,0.24355300859598855,0.0,5.644758900990327e-18,0.08590888076170843,11.69054441260745,0.014615612412184955,0.028808125168431453,0.15876936744731096,0.08022922636103152,0,0.1995989527378856,0.2830347787094423,6.631328785322255,0.9827084266115517,0.0,0.9166666666666666,0.0,0.2,0.0,0.9999999999999998,0.2,0.08,0.12034383954154727,0.252923122482437,0.252923122482437
286,0.8912063323755636,0.49651675183676297,0.8896374824089152,0.49632658520459405,0.26235045025828074,0.4927093521243945,0.46418338108882523,0.3442486254554258,0.3576861641199406,0.08022922636103152,0.46285714285714286,0.3436936715887895,0.3574403240302695,0.08,0.1174785100286533,0.12571428571428572,0.002857142857142857,42.26857142857143,0.24068767908309455,0.0,5.650017333920363e-18,0.08586260481332827,11.69054441260745,0.014177144039819406,0.027956077785981637,0.15850628642389164,0.08022922636103152,0,0.19908638654562477,0.28161960481589515,6.624416495330097,0.9630542580793207,0.0,1.0,0.0,0.2,0.0,0.9999999999999998,0.2,0.08,0.1174785100286533,0.2528354288079639,0.2528354288079639
287,0.8903188385678319,0.4961257249481168,0.8887525242977771,0.4959029663258587,0.26235045025828074,0.49296014781225617,0.5128939828080229,0.34413401227491003,0.3576002042345538,0.08022922636103152,0.5114285714285715,0.3435793858745038,0.3573546097445552,0.08,0.09455587392550144,0.10571428571428572,0.002857142857142857,42.457142857142856,0.24355300859598855,0.0,5.655137234086711e-18,0.08581771714339954,11.69054441260745,0.013751829718624823,0.027128877613884494,0.1582510978311749,0.08022922636103152,0,0.1988908117557538,0.28712052898204254,6.597642451137781,0.9488589173242149,0.0,0.972972972972973,0.0,0.2,0.0,0.9999999999999998,0.2,0.08,0.09455587392550144,0.25275036594372496,0.25275036594372496
288,0.890352904450962,0.49580097655405286,0.8887864928498126,0.4955772567720945,0.26235045025828074,0.4930609094171336,0.4813753581661891,0.34413401227491003,0.3576002042345538,0.08022922636103152,0.48,0.3435793858745038,0.3573546097445552,0.08,0.08882521489971347,0.09428571428571429,0.002857142857142857,42.63428571428572,0.24641833810888253,0.0,5.660121676070204e-18,0.08577417610356865,11.69054441260745,0.013339274827066079,0.026325820873665307,0.15800356489623965,0.08022922636103152,0,0.1982390719826893,0.28568492633713233,6.559975316400739,0.9298817389777306,0.0,1.0,0.0,0.2,0.0,0.9999999999999998,0.2,0.08,0.08882521489971347,0.2526678549654132,0.2526678549654132
289,0.8913672376768119,0.4954040981160986,0.8897979279807314,0.49516835494612094,0.26235045025828074,0.49300427826738696,0.47564469914040114,0.34413401227491003,0.3576002042345538,0.08022922636103152,0.4742857142857143,0.3435793858745038,0.3573546097445552,0.08,0.10601719197707736,0.11142857142857143,0.002857142857142857,42.77142857142857,0.24641833810888253,0.0,5.664973701460665e-18,0.08573194129493268,11.69054441260745,0.012939096582254096,0.025546222488924686,0.15776345794935245,0.08022922636103152,0,0.19825289150638237,0.2842565017054467,6.540204381501296,0.9112841041981761,0.0,1.0,0.0,0.2,0.0,0.9999999999999998,0.2,0.08,0.10601719197707736,0.2525878193164508,0.2525878193164508
290,0.8908582463363656,0.49506524537077945,0.8892903909012578,0.49493537168665885,0.26235045025828074,0.4929865020694623,0.48424068767908307,0.34413401227491003,0.3576002042345538,0.08022922636103152,0.4828571428571429,0.3435793858745038,0.3573546097445552,0.08,0.08595988538681948,0.1,0.002857142857142857,42.917142857142856,0.24641833810888253,0.0,5.6696963167414566e-18,0.08569097353055587,11.69054441260745,0.012550923684786473,0.02478941566250792,0.15753055421087186,0.08022922636103152,0,0.1978026327559933,0.2828352191969195,6.509400293871269,0.8930584221142125,0.0,1.0,0.0,0.2,0.0,0.9999999999999998,0.2,0.08,0.08595988538681948,0.2525101847369573,0.2525101847369573
291,0.8908141311351602,0.4944110987221665,0.8892464017434847,0.4943225110578325,0.26235045025828074,0.4928578258186817,0.45272206303724927,0.3440193990943943,0.35751424434916695,0.08022922636103152,0.4514285714285714,0.34346510016021814,0.35726889545884094,0.08,0.11461318051575932,0.12857142857142856,0.002857142857142857,43.08571428571429,0.24641833810888253,0.0,5.67429249138769e-18,0.0856512347991103,11.69054441260745,0.012174395974242878,0.024054751458558843,0.15730463758454571,0.08022922636103152,0,0.19819204881499852,0.29246591352251666,6.507783716565271,0.8858423808639998,0.0,0.9777777777777777,0.0,0.2,0.0,0.9999999999999998,0.2,0.08,0.11461318051575932,0.2524348791948486,0.2524348791948486
292,0.8904463244727703,0.4942615722555273,0.8888796459572729,0.4941870253175061,0.26235045025828074,0.4926983362435038,0.49570200573065903,0.3439047859138785,0.3574282844637801,0.08022922636103152,0.4942857142857143,0.3433508144459324,0.35718318117312664,0.08,0.09169054441260745,0.10571428571428572,0.002857142857142857,43.23428571428571,0.2492836676217765,0.0,5.678765156165532e-18,0.08561268822960807,11.69054441260745,0.011809164095015591,0.02334159838973804,0.15708549845700934,0.08022922636103152,0,0.1980292321423521,0.2910035839549041,6.483342327948252,0.8692997185827984,0.0,0.972972972972973,0.0,0.2,0.0,0.9999999999999998,0.2,0.08,0.09169054441260745,0.2523618328190031,0.2523618328190031
293,0.8910307182472784,0.4946621175053049,0.8894623700352824,0.49457421978436694,0.26235045025828074,0.4927226298161414,0.4813753581661891,0.3439047859138785,0.3574282844637801,0.08022922636103152,0.48,0.3433508144459324,0.35718318117312664,0.08,0.09742120343839542,0.11428571428571428,0.002857142857142857,43.37714285714286,0.23782234957020057,0.0,5.68311720162065e-18,0.08557529805719097,11.69054441260745,0.011454889172165124,0.022649342009860907,0.15687293350329906,0.08022922636103152,0,0.19859040242936793,0.2895485660351296,6.467961195675001,0.8519137242111423,0.0,1.0,0.0,0.2,0.0,0.9999999999999998,0.2,0.08,0.09742120343839542,0.25229097783443305,0.25229097783443305
294,0.8913209276767068,0.4947468674851249,0.8897517502949123,0.4946769332091222,0.26235045025828074,0.49281944103120157,0.4899713467048711,0.3439047859138785,0.3574282844637801,0.08022922636103152,0.48857142857142855,0.3433508144459324,0.35718318117312664,0.08,0.10315186246418338,0.12857142857142856,0.002857142857142857,43.502857142857145,0.24068767908309455,0.0,5.687351476744262e-18,0.08553902958994632,11.69054441260745,0.011111242497000169,0.021977384512174902,0.1566667454982001,0.08022922636103152,0,0.19819630898864968,0.28810082320495395,6.46717340033293,0.8348754497269195,0.0,1.0,0.0,0.2,0.0,0.9999999999999998,0.2,0.08,0.10315186246418338,0.25222224849940006,0.25222224849940006
295,0.891324934784051,0.4952773255775554,0.8897557459533784,0.49518961094525926,0.26235045025828074,0.49301938454170724,0.5157593123209169,0.343675559552847,0.3572563646930065,0.08022922636103152,0.5142857142857142,0.34312224301736094,0.3570117526016981,0.08,0.12320916905444126,0.1457142857142857,0.002857142857142857,43.63428571428572,0.24355300859598855,0.0,5.6914707878057985e-18,0.08550384917671906,11.69054441260745,0.010777905222090163,0.021325144333474655,0.1564667431332541,0.08022922636103152,0,0.1986050417294207,0.28666031908892914,6.4835442180405565,0.8463633243426548,0.0,0.9607843137254902,0.0,0.2,0.0,0.9999999999999998,0.2,0.08,0.12320916905444126,0.25215558104441804,0.25215558104441804
296,0.8915482596685791,0.4961347434158352,0.889978432766808,0.496037470661706,0.26235045025828074,0.4931301310491714,0.47277936962750716,0.3434463331918155,0.35708444492223285,0.08022922636103152,0.4714285714285714,0.34289367158878953,0.3568403240302695,0.08,0.10028653295128939,0.11714285714285715,0.002857142857142857,43.78,0.23782234957020057,0.0,5.695477897341656e-18,0.0854697241758886,11.69054441260745,0.010454568065427458,0.020692055764222284,0.15627274083925646,0.08022922636103152,0,0.198840587949345,0.2852270174934845,6.471016190822604,0.9231676626723904,0.0,0.9512195121951219,0.0,0.2,0.0,0.9999999999999998,0.2,0.08,0.10028653295128939,0.2520909136130855,0.2520909136130855
297,0.8922368781752295,0.4957689892864044,0.8906650837920107,0.4956807791298127,0.26235045025828074,0.49330261249513646,0.47277936962750716,0.34333172001129975,0.356998485036846,0.08022922636103152,0.4714285714285714,0.3427793858745038,0.3567546097445552,0.08,0.09455587392550144,0.10571428571428572,0.002857142857142857,43.87714285714286,0.2349570200573066,0.0,5.699375523290034e-18,0.08543662292508304,11.69054441260745,0.010140931023464634,0.02007756856482179,0.15608455861407877,0.08022922636103152,0,0.19870309929531255,0.2940973621284537,6.447310152720437,0.9155995180304959,0.0,0.972972972972973,0.0,0.2,0.0,0.9999999999999998,0.2,0.08,0.09455587392550144,0.2520281862046929,0.2520281862046929
298,0.8927040729237121,0.4957137058213987,0.891130943698355,0.49559982782430867,0.26235045025828074,0.4933158322382243,0.4785100286532951,0.34333172001129975,0.356998485036846,0.08022922636103152,0.47714285714285715,0.3427793858745038,0.3567546097445552,0.08,0.10601719197707736,0.11714285714285715,0.002857142857142857,44.01428571428571,0.2349570200573066,0.0,5.7031663382622514e-18,0.08540451471180167,11.69054441260745,0.009836703092760694,0.019481147588170877,0.1559020218556564,0.08022922636103152,0,0.19925125592560472,0.29262687531781145,6.435506806808884,0.897287527669886,0.0,1.0,0.0,0.2,0.0,0.9999999999999998,0.2,0.08,0.10601719197707736,0.25196734061855214,0.25196734061855214
299,0.8924472129778951,0.49692455678621905,0.8908748176380972,0.4967678695254119,0.26235045025828074,0.4933677113935726,0.498567335243553,0.34333172001129975,0.356998485036846,0.08022922636103152,0.49714285714285716,0.3427793858745038,0.3567546097445552,0.08,0.12607449856733524,0.14285714285714285,0.002857142857142857,44.13142857142857,0.23209169054441262,0.0,5.706852968941475e-18,0.08537336974491874,11.69054441260745,0.009541601999977873,0.018902272408594767,0.15572496119998672,0.08022922636103152,0,0.19929768896003153,0.29116374094122244,6.4496538135298485,0.8793417771164882,0.0,1.0,0.0,0.2,0.0,0.9999999999999998,0.2,0.08,0.12607449856733524,0.25190832039999556,0.25190832039999556
300,0.8928409387893148,0.4960965057918243,0.8912674185186272,0.49597334697119144,0.26235045025828074,0.49356488878411287,0.498567335243553,0.3431024936502682,0.35682656526607237,0.08022922636103152,0.49714285714285716,0.3425508144459324,0.35658318117312665,0.08,0.1346704871060172,0.15428571428571428,0.002857142857142857,44.31428571428572,0.22922636103151864,0.0,5.710437995600174e-18,0.08534315912704228,11.69054441260745,0.009255353939978537,0.01834043695724641,0.15555321236398711,0.08022922636103152,0,0.20100306744817917,0.30531465162651483,6.474946451544968,0.9170951066198771,0.0,0.9629629629629629,0.0,0.2,0.0,0.9999999999999998,0.2,0.08,0.1346704871060172,0.25185107078799573,0.25185107078799573
301,0.8922292884111012,0.4956518093759562,0.8906575157129228,0.4955276972001588,0.26235045025828074,0.493788717736789,0.5157593123209169,0.34287326728923667,0.3567406053806855,0.08022922636103152,0.5142857142857142,0.34232224301736097,0.35649746688741235,0.08,0.10601719197707736,0.12571428571428572,0.002857142857142857,44.47142857142857,0.22922636103151864,0.0,5.7139239517280565e-18,0.08531385482770215,11.69054441260745,0.00897769332177918,0.017795149164042123,0.1553866159930675,0.08022922636103152,0,0.2013690521109383,0.30378807836838223,6.471161808228353,0.9232961836240626,0.0,0.9545454545454546,0.0,0.2,0.0,0.9999999999999998,0.2,0.08,0.10601719197707736,0.25179553866435583,0.25179553866435583
302,0.8916606469721036,0.495994923625202,0.8900904989637508,0.4958019345145089,0.26235045025828074,0.49391496569957033,0.5644699140401146,0.34287326728923667,0.3567406053806855,0.08022922636103152,0.5628571428571428,0.34232224301736097,0.35649746688741235,0.08,0.12893982808022922,0.14,0.002857142857142857,44.61714285714286,0.22922636103151864,0.0,5.717313323762701e-18,0.0852854296573422,11.69054441260745,0.008708362522125803,0.017265930606182978,0.15522501751327547,0.08022922636103152,0,0.20101849256466933,0.3022691379765403,6.481738572063787,0.9048302599515813,0.0,1.0,0.0,0.2,0.0,0.9999999999999998,0.2,0.08,0.12893982808022922,0.25174167250442514,0.25174167250442514
303,0.8934179068018853,0.4951750373043419,0.8918427380511618,0.4949645968318613,0.26235045025828074,0.4941812971229067,0.5157593123209169,0.34287326728923667,0.3567406053806855,0.08022922636103152,0.5142857142857142,0.34232224301736097,0.35649746688741235,0.08,0.12034383954154727,0.14,0.002857142857142857,44.75714285714286,0.22922636103151864,0.0,5.720608550915462e-18,0.08525785724209302,11.69054441260745,0.008447111646462028,0.016752316163297643,0.1550682669878772,0.08022922636103152,0,0.20058440010184597,0.3007577922866576,6.49210380062251,0.8867336547525497,0.0,1.0,0.0,0.2,0.0,0.9999999999999998,0.2,0.08,0.12034383954154727,0.2516894223292924,0.2516894223292924
304,0.8931674851832007,0.4954805887372719,0.8915930319228164,0.49525496820959053,0.26235045025828074,0.49421932956142134,0.5071633237822349,0.3426440409282051,0.3565686856099119,0.08022922636103152,0.5057142857142857,0.34209367158878956,0.35632603831598375,0.08,0.1174785100286533,0.13428571428571429,0.002857142857142857,44.91142857142857,0.22922636103151864,0.0,5.723812025085591e-18,0.08523111199930135,11.69054441260745,0.008193698297068168,0.01625385367923049,0.1549162189782409,0.08022922636103152,0,0.20100919310133675,0.3052889636621996,6.4965474388957745,0.9381543672146251,0.0,0.9574468085106383,0.0,0.2,0.0,0.9999999999999998,0.2,0.08,0.1174785100286533,0.25163873965941363,0.25163873965941363
305,0.8937629460962102,0.49456250794083,0.8921867915189317,0.4943551754764433,0.26235045025828074,0.4943137208782051,0.5415472779369628,0.3425294277476894,0.3564827257245251,0.08022922636103152,0.54,0.3419793858745038,0.3562403240302695,0.08,0.14613180515759314,0.17714285714285713,0.002857142857142857,45.07714285714286,0.22922636103151864,0.0,5.726926090855974e-18,0.08520516911379343,11.69054441260745,0.007947887348156123,0.01577010363048381,0.15476873240889366,0.08022922636103152,0,0.20206771921575808,0.3037625188438886,6.543759347260715,0.9269777006179976,0.0,0.9838709677419355,0.0,0.2,0.0,0.9999999999999998,0.2,0.08,0.14613180515759314,0.25158957746963123,0.25158957746963123
306,0.8939805749402974,0.4950477856526466,0.8924037985663213,0.4948619249985863,0.26235045025828074,0.4943291228426372,0.5415472779369628,0.3425294277476894,0.3564827257245251,0.08022922636103152,0.54,0.3419793858745038,0.3562403240302695,0.08,0.1489971346704871,0.18,0.002857142857142857,45.26285714285714,0.22922636103151864,0.0,5.729953045564175e-18,0.08518000451485075,11.69054441260745,0.0077094507277114385,0.015300638801311273,0.15462567043662687,0.08022922636103152,0,0.20191004315807812,0.3022437062496692,6.5928841603155,0.9084381466056376,0.0,1.0,0.0,0.2,0.0,0.9999999999999998,0.2,0.08,0.1489971346704871,0.2515418901455423,0.2515418901455423
307,0.8939133864549619,0.4953826407840135,0.8923368020480869,0.4952059744208053,0.26235045025828074,0.4942471479616055,0.498567335243553,0.3425294277476894,0.3564827257245251,0.08022922636103152,0.49714285714285716,0.3419793858745038,0.3562403240302695,0.08,0.12893982808022922,0.14,0.002857142857142857,45.44,0.22922636103151864,0.0,5.732895139442803e-18,0.08515559485387636,11.69054441260745,0.007478167205880095,0.0148450439654505,0.15448690032352805,0.08022922636103152,0,0.20138620722800202,0.3007324877184208,6.6010264771091895,0.8902693836735248,0.0,1.0,0.0,0.2,0.0,0.9999999999999998,0.2,0.08,0.12893982808022922,0.25149563344117604,0.25149563344117604
308,0.8921972653564538,0.49611188578468096,0.8906255841527172,0.49591777041244534,0.26235045025828074,0.49420017616887124,0.5558739255014327,0.3425294277476894,0.3564827257245251,0.08022922636103152,0.5542857142857143,0.3419793858745038,0.3562403240302695,0.08,0.1518624641833811,0.1742857142857143,0.002857142857142857,45.65714285714286,0.22922636103151864,0.0,5.735754575823686e-18,0.08513191748273119,11.69054441260745,0.007253822189703692,0.014402915574471264,0.15435229331382222,0.08022922636103152,0,0.2011781340490049,0.2992288252798287,6.643291661852722,0.8724639960000543,0.0,1.0,0.0,0.2,0.0,0.9999999999999998,0.2,0.08,0.1518624641833811,0.25145076443794073,0.25145076443794073
309,0.8910014839522826,0.49596806136369526,0.8894332192668438,0.49575515947930576,0.26235045025828074,0.49402572980344067,0.5358166189111748,0.3423002013866579,0.3563108059537514,0.08022922636103152,0.5342857142857143,0.3417508144459324,0.3560688954588409,0.08,0.1346704871060172,0.15142857142857144,0.002857142857142857,45.9,0.2349570200573066,0.0,5.738533511400457e-18,0.08510895043272036,11.69054441260745,0.007036207524012581,0.01397386145270807,0.15422172451440755,0.08022922636103152,0,0.2019839226703356,0.2977326811534296,6.661854400044237,0.9064060328088799,0.0,0.9622641509433962,0.0,0.2,0.0,0.9999999999999998,0.2,0.08,0.1346704871060172,0.25140724150480254,0.25140724150480254
310,0.8924813244461896,0.49630362811848777,0.8909088316450539,0.4960907558728078,0.26235045025828074,0.49373664466415684,0.501432664756447,0.34218558820614214,0.35622484606836463,0.08022922636103152,0.5,0.3416365287316466,0.3559831811731266,0.08,0.12893982808022922,0.15142857142857144,0.002857142857142857,46.13428571428572,0.2349570200573066,0.0,5.741234056544635e-18,0.08508667239420985,11.69054441260745,0.006825121298292203,0.013557500498734498,0.15409507277897533,0.08022922636103152,0,0.2020588609141268,0.29624401774766246,6.680045883471925,0.9164149026778692,0.0,0.9811320754716981,0.0,0.2,0.0,0.9999999999999998,0.2,0.08,0.12893982808022922,0.25136502425965845,0.25136502425965845
311,0.894789508470378,0.4965560722273004,0.8932104208577446,0.49632706363632034,0.26235045025828074,0.4937269904023938,0.4269340974212034,0.34218558820614214,0.35622484606836463,0.08022922636103152,0.4257142857142857,0.3416365287316466,0.3559831811731266,0.08,0.14613180515759314,0.16857142857142857,0.002857142857142857,46.35142857142857,0.2349570200573066,0.0,5.743858275670469e-18,0.08506506269685467,11.69054441260745,0.006620367659343437,0.013153462393335258,0.15397222059560606,0.08022922636103152,0,0.20176199589527044,0.2947627976589241,6.715016394373914,0.8980866046243118,0.0,1.0,0.0,0.2,0.0,0.9999999999999998,0.2,0.08,0.14613180515759314,0.2513240735318687,0.2513240735318687
312,0.894616247039105,0.4965295852985549,0.8930376544591325,0.4963003867958159,0.26235045025828074,0.4937075530164761,0.4584527220630373,0.34218558820614214,0.35622484606836463,0.08022922636103152,0.45714285714285713,0.3416365287316466,0.3559831811731266,0.08,0.12320916905444126,0.14285714285714285,0.002857142857142857,46.54571428571428,0.2349570200573066,0.0,5.746408187644159e-18,0.08504410129042016,11.69054441260745,0.006421756629563133,0.012761387313916961,0.15385305397773788,0.08022922636103152,0,0.20132432877293696,0.2932889836706295,6.723573209343579,0.8801248725318255,0.0,1.0,0.0,0.2,0.0,0.9999999999999998,0.2,0.08,0.12320916905444126,0.25128435132591265,0.25128435132591265
313,0.8948250604239527,0.4956459108557774,0.8932458712343091,0.49541258097073404,0.26235045025828074,0.4938493894748005,0.4469914040114613,0.34218558820614214,0.35622484606836463,0.08022922636103152,0.44571428571428573,0.3416365287316466,0.3559831811731266,0.08,0.1346704871060172,0.15428571428571428,0.002857142857142857,46.72,0.23782234957020057,0.0,5.748885766233264e-18,0.08502376872617866,11.69054441260745,0.006229103930676239,0.012380925655299913,0.15373746235840574,0.08022922636103152,0,0.20091727855764374,0.2918225387522764,6.743387459442422,0.8625223750811889,0.0,1.0,0.0,0.2,0.0,0.9999999999999998,0.2,0.08,0.1346704871060172,0.2512458207861352,0.2512458207861352
314,0.8961462988656835,0.49582411615303046,0.8945633347090635,0.4956253490572242,0.26235045025828074,0.49407273347753594,0.44412607449856734,0.34207097502562633,0.3561388861829778,0.08022922636103152,0.44285714285714284,0.34152224301736095,0.35589746688741236,0.08,0.12320916905444126,0.15428571428571428,0.002857142857142857,46.89142857142857,0.24068767908309455,0.0,5.751292940592437e-18,0.08500404613886439,11.69054441260745,0.006042230812755952,0.012011737756823071,0.15362533848765356,0.08022922636103152,0,0.20108198571844477,0.290363426058515,6.762805424539286,0.8975867145229729,0.0,0.9814814814814815,0.0,0.2,0.0,0.9999999999999998,0.2,0.08,0.12320916905444126,0.25120844616255117,0.25120844616255117
315,0.896252233661522,0.4962255431819021,0.8946689668340566,0.49604544539938694,0.26235045025828074,0.49431476680507014,0.45558739255014324,0.3419563618451106,0.35605292629759094,0.08022922636103152,0.4542857142857143,0.34140795730307527,0.35581175260169806,0.08,0.13753581661891118,0.16285714285714287,0.002857142857142857,47.09142857142857,0.23782234957020057,0.0,5.753631595781808e-18,0.0849849152291696,11.69054441260745,0.005860963888373273,0.011653493635690682,0.15351657833302396,0.08022922636103152,0,0.20124700507556684,0.28891160892822243,6.790406458905644,0.8869930824933567,0.0,0.9824561403508771,0.0,0.2,0.0,0.9999999999999998,0.2,0.08,0.13753581661891118,0.25117219277767466,0.25117219277767466
316,0.8961295736509679,0.49634930332521443,0.8945466572806757,0.4961581071475576,0.26235045025828074,0.4945982941722277,0.42406876790830944,0.3419563618451106,0.35605292629759094,0.08022922636103152,0.4228571428571429,0.34140795730307527,0.35581175260169806,0.08,0.1518624641833811,0.16857142857142857,0.002857142857142857,47.22857142857143,0.2349570200573066,0.0,5.755903573314593e-18,0.08496635824676559,11.69054441260745,0.005685134971722075,0.011305872726485089,0.15341108098303324,0.08022922636103152,0,0.20106509551547225,0.2874670508835813,6.82316975829896,0.8692532208434897,0.0,1.0,0.0,0.2,0.0,0.9999999999999998,0.2,0.08,0.1518624641833811,0.2511370269943444,0.2511370269943444
317,0.8958615522028917,0.49570352934581785,0.8942794016081653,0.4955625349783395,0.26235045025828074,0.49492409415686117,0.46131805157593125,0.3419563618451106,0.35605292629759094,0.08022922636103152,0.46,0.34140795730307527,0.35581175260169806,0.08,0.1489971346704871,0.16285714285714287,0.002857142857142857,47.42,0.23782234957020057,0.0,5.758110671730728e-18,0.08494835797383375,11.69054441260745,0.005514580922570412,0.010968563626765016,0.15330874855354223,0.08022922636103152,0,0.20074477075218056,0.2860297156291634,6.849563505990123,0.8518681564266198,0.0,1.0,0.0,0.2,0.0,0.9999999999999998,0.2,0.08,0.1489971346704871,0.2511029161845141,0.2511029161845141
318,0.8951333060572931,0.4955312871358249,0.8935532361658399,0.49535818429651224,0.26235045025828074,0.4952101632992296,0.4871060171919771,0.3418417486645948,0.35596696641220416,0.08022922636103152,0.4857142857142857,0.34129367158878954,0.3557260383159838,0.08,0.1318051575931232,0.14,0.002857142857142857,47.60857142857143,0.24068767908309455,0.0,5.7602546471935054e-18,0.08493089770908988,11.69054441260745,0.0053491434948933,0.010641263848666926,0.15320948609693597,0.08022922636103152,0,0.20068376118413392,0.28459956705101763,6.852572235870321,0.848336274799413,0.0,0.9795918367346939,0.0,0.2,0.0,0.9999999999999998,0.2,0.08,0.1318051575931232,0.25106982869897865,0.25106982869897865
319,0.8940116760444171,0.4949468205590993,0.8924348108101435,0.4948125298363829,0.26235045025828074,0.49531533163625685,0.4899713467048711,0.3417271354840791,0.3558810065268173,0.08022922636103152,0.48857142857142855,0.3411793858745038,0.3556403240302695,0.08,0.13753581661891118,0.15142857142857144,0.002857142857142857,47.831428571428575,0.24355300859598855,0.0,5.762337214106453e-18,0.08491396125228827,11.69054441260745,0.005188669190046501,0.010323679576421774,0.1531132015140279,0.08022922636103152,0,0.20073691380678468,0.2831765692157625,6.866949362581485,0.8313695493034247,0.0,0.9811320754716981,0.0,0.2,0.0,0.9999999999999998,0.2,0.08,0.13753581661891118,0.2510377338380093,0.2510377338380093
320,0.8942758315446481,0.49422726373622056,0.8926982115803739,0.4940770716213727,0.26235045025828074,0.495350605465529,0.47277936962750716,0.3416125223035633,0.3557950466414305,0.08022922636103152,0.4714285714285714,0.3410651001602181,0.3555546097445552,0.08,0.13753581661891118,0.16,0.002857142857142857,48.037142857142854,0.24641833810888253,0.0,5.764360045747776e-18,0.08489753288919076,11.69054441260745,0.005033009114345106,0.010015525429698746,0.15301980546860705,0.08022922636103152,0,0.20076151495203653,0.2820332264247424,6.889610375329856,0.8502077222548456,0.0,0.9821428571428571,0.0,0.2,0.0,0.9999999999999998,0.2,0.08,0.13753581661891118,0.25100660182286905,0.25100660182286905
321,0.8957444427020447,0.4942995423450574,0.8941626267058921,0.49412968913861194,0.26235045025828074,0.4952327889377778,0.5186246418338109,0.3412686827620161,0.35553716698527005,0.08022922636103152,0.5171428571428571,0.340722243017361,0.35529746688741237,0.08,0.1318051575931232,0.15142857142857144,0.002857142857142857,48.22857142857143,0.2492836676217765,0.0,4.907310112388588e-18,0.09545153205918287,11.69054441260745,0.10503300911434511,0.18946926559954713,0.21301980546860705,0.08022922636103152,0,0.20161442237727634,0.3061312582672134,6.903246739251831,0.8813119510647363,0.0,0.9433962264150944,0.0,0.2,0.0,0.9999999999999998,0.2,0.08,0.1318051575931232,0.271006601822869,0.271006601822869
322,0.8960348623733572,0.4950561265574461,0.8944522166067151,0.4948634362450569,0.26235045025828074,0.4951674460903627,0.5100286532951289,0.3412686827620161,0.35553716698527005,0.08022922636103152,0.5085714285714286,0.340722243017361,0.35529746688741237,0.08,0.14326647564469913,0.16,0.002857142857142857,48.42,0.2521489971346705,0.0,4.92376575056254e-18,0.0951189765718785,11.69054441260745,0.10188201884091476,0.1843451877176906,0.21112921130454884,0.08022922636103152,0,0.2029484938368185,0.30460060197587735,6.925181804466792,0.946940550401644,0.0,0.9642857142857143,0.0,0.2,0.0,0.9999999999999998,0.2,0.08,0.14326647564469913,0.27037640376818295,0.27037640376818295
323,0.8954076150972999,0.49475659651571935,0.8938267614657324,0.49455768814946865,0.26235045025828074,0.4952399353168839,0.5071633237822349,0.3412686827620161,0.35553716698527005,0.08022922636103152,0.5057142857142857,0.340722243017361,0.35529746688741237,0.08,0.1174785100286533,0.14,0.002857142857142857,48.628571428571426,0.25787965616045844,0.0,4.940227146073663e-18,0.09479639774919323,11.69054441260745,0.09882555827568731,0.17934388346528107,0.2092953349654124,0.08022922636103152,0,0.20267320481443737,0.30307759896599795,6.926678168377457,0.9280017393936112,0.0,1.0,0.0,0.2,0.0,0.9999999999999998,0.2,0.08,0.1174785100286533,0.26976511165513745,0.26976511165513745
324,0.8960414355975453,0.49377882376533017,0.8944587710502628,0.4935850022404781,0.26235045025828074,0.49527487401010867,0.504297994269341,0.3412686827620161,0.35553716698527005,0.08022922636103152,0.5028571428571429,0.340722243017361,0.35529746688741237,0.08,0.13753581661891118,0.14857142857142858,0.002857142857142857,48.84285714285714,0.2521489971346705,0.0,4.956677039463466e-18,0.09448349629118856,11.69054441260745,0.0958607915274167,0.17446332010095666,0.20751647491645,0.08022922636103152,0,0.2031164102189366,0.3048836503653976,6.936716033581336,0.9431128000000003,0.0,0.9807692307692307,0.0,0.2,0.0,0.9999999999999998,0.2,0.08,0.13753581661891118,0.26917215830548336,0.26917215830548336
325,0.8956419494324087,0.4942296778879381,0.8940604262741694,0.49400276698790574,0.26235045025828074,0.49518764489730743,0.4584527220630373,0.3412686827620161,0.35553716698527005,0.08022922636103152,0.45714285714285713,0.340722243017361,0.35529746688741237,0.08,0.10888252148997135,0.12571428571428572,0.002857142857142857,49.07714285714286,0.25501432664756446,0.0,4.973098840786756e-18,0.09417998187692402,11.69054441260745,0.0929849677815942,0.16970144293480105,0.2057909806689565,0.08022922636103152,0,0.20261468531069904,0.3033592321135706,6.923695998623995,0.9242505440000003,0.0,1.0,0.0,0.2,0.0,0.9999999999999998,0.2,0.08,0.10888252148997135,0.26859699355631883,0.26859699355631883
326,0.8957979890612414,0.49474859490414486,0.8942160200754914,0.4945595290299502,0.26235045025828074,0.4952581826107953,0.44126074498567336,0.34144060253278974,0.3556661068133503,0.08022922636103152,0.44,0.3408936715887895,0.3554260383159838,0.08,0.1318051575931232,0.14285714285714285,0.002857142857142857,49.27428571428572,0.25501432664756446,0.0,4.989476651353452e-18,0.09388557289508741,11.69054441260745,0.09019541874814636,0.16505617971978281,0.2041172512488878,0.08022922636103152,0,0.20308661188414556,0.30184243595300275,6.928079221508656,0.9057655331200002,0.0,1.0,0.0,0.2,0.0,0.9999999999999998,0.2,0.08,0.1318051575931232,0.26803908374962926,0.26803908374962926
327,0.8966397788279028,0.49529074925862965,0.8950554047285338,0.4951205577466067,0.26235045025828074,0.4953789606271601,0.4355300859598854,0.3412113761717582,0.3554941870425767,0.08022922636103152,0.4342857142857143,0.34066510016021806,0.3552546097445552,0.08,0.1174785100286533,0.13714285714285715,0.002857142857142857,49.47714285714286,0.25501432664756446,0.0,5.0057952803633845e-18,0.09359999618270588,11.69054441260745,0.08748955618570196,0.16052544478119457,0.20249373371142118,0.08022922636103152,0,0.2034423216818677,0.3034725030268742,6.926660494221341,0.9045896921302902,0.0,0.9583333333333334,0.0,0.2,0.0,0.9999999999999998,0.2,0.08,0.1174785100286533,0.2674979112371404,0.2674979112371404
328,0.8970087782207985,0.49537015219505237,0.8954233498374498,0.49518740001767914,0.26235045025828074,0.4955072427840739,0.46418338108882523,0.3412113761717582,0.3554941870425767,0.08022922636103152,0.46285714285714286,0.34066510016021806,0.3552546097445552,0.08,0.1318051575931232,0.14285714285714285,0.002857142857142857,49.66571428571429,0.2607449856733524,0.0,5.022040256792344e-18,0.09332298677169583,11.69054441260745,0.0848648695001309,0.15610714289299887,0.20091892170007852,0.08022922636103152,0,0.20305282507345834,0.3019551405117398,6.930984427194058,0.8864978982876843,0.0,1.0,0.0,0.2,0.0,0.9999999999999998,0.2,0.08,0.1318051575931232,0.26697297390002617,0.26697297390002617
329,0.8964828618340679,0.4956792558530856,0.8948989360689669,0.4954885106899883,0.26235045025828074,0.4956641160828183,0.501432664756447,0.3410967629912424,0.35540822715718984,0.08022922636103152,0.5,0.3405508144459324,0.3551688954588409,0.08,0.11461318051575932,0.12,0.002857142857142857,49.857142857142854,0.2607449856733524,0.0,5.0381978368887214e-18,0.09305428764301606,11.69054441260745,0.08231892341512698,0.15179917291011336,0.19939135404907618,0.08022922636103152,0,0.20292298951951962,0.30044536480918105,6.912364738650176,0.8805164631893825,0.0,0.9761904761904762,0.0,0.2,0.0,0.9999999999999998,0.2,0.08,0.11461318051575932,0.2664637846830254,0.2664637846830254
330,0.8971722259340492,0.4965453010782628,0.8955863305572339,0.4963538258589191,0.26235045025828074,0.49595858994244507,0.45272206303724927,0.34103945640098454,0.3553652472144964,0.08022922636103152,0.4514285714285714,0.3404936715887895,0.35512603831598377,0.08,0.12320916905444126,0.14285714285714285,0.002857142857142857,50.05428571428571,0.2607449856733524,0.0,5.054255007637408e-18,0.09279364948819671,11.69054441260745,0.07984935571267317,0.14759943116573326,0.19790961342760388,0.08022922636103152,0,0.20302151814335057,0.29894313798513517,6.916974586734315,0.9163797802574514,0.0,0.98,0.0,0.2,0.0,0.9999999999999998,0.2,0.08,0.12320916905444126,0.2659698711425346,0.2659698711425346
331,0.897526497180554,0.49675694604114934,0.8959395896001772,0.4965872016866246,0.26235045025828074,0.49624142034320823,0.4498567335243553,0.3409248432204688,0.3552792873291096,0.08022922636103152,0.44857142857142857,0.3403793858745038,0.35504032403026947,0.08,0.1489971346704871,0.16285714285714287,0.002857142857142857,50.23428571428571,0.2636103151862464,0.0,5.0701994865415296e-18,0.09254083047802193,11.69054441260745,0.07745387504129297,0.14350581464281253,0.19647232502477577,0.08022922636103152,0,0.20303469626691958,0.2974484222952095,6.941492237856772,0.8980521846523024,0.0,0.9824561403508771,0.0,0.2,0.0,0.9999999999999998,0.2,0.08,0.1489971346704871,0.2654907750082586,0.2654907750082586
332,0.8966947789572597,0.4967037484161531,0.8951102477146636,0.49654295921193825,0.26235045025828074,0.49638852068841305,0.4584527220630373,0.34081023003995303,0.3551933274437228,0.08022922636103152,0.45714285714285713,0.3402651001602181,0.35495460974455517,0.08,0.10601719197707736,0.12,0.002857142857142857,50.45142857142857,0.25501432664756446,0.0,5.086019718063832e-18,0.09229559603815239,11.69054441260745,0.07513025879005418,0.13951622392880558,0.1950781552740325,0.08022922636103152,0,0.2028480942141564,0.2959611801837334,6.922662393099635,0.8927820614923356,0.0,0.9761904761904762,0.0,0.2,0.0,0.9999999999999998,0.2,0.08,0.10601719197707736,0.26502605175801086,0.26502605175801086
333,0.8951762570507937,0.49666528972087093,0.8935960644422164,0.4965059983135104,0.26235045025828074,0.4966380204658294,0.47564469914040114,0.3405810036789215,0.35502140767294915,0.08022922636103152,0.4742857142857143,0.3400365287316467,0.3547831811731267,0.08,0.10888252148997135,0.11142857142857143,0.002857142857142857,50.64857142857143,0.2607449856733524,0.0,5.101704867058389e-18,0.09205771863147892,11.69054441260745,0.07287635102635255,0.13562856596270934,0.1937258106158115,0.08022922636103152,0,0.20355747392391782,0.3104687290502628,6.895637716666216,0.9305912428104087,0.0,0.9487179487179487,0.0,0.2,0.0,0.9999999999999998,0.2,0.08,0.10888252148997135,0.2645752702052705,0.2645752702052705
334,0.8950887957321073,0.49724255128135314,0.8935088530130119,0.4970484553074043,0.26235045025828074,0.49674169505169496,0.4498567335243553,0.34046639049840577,0.35493544778756236,0.08022922636103152,0.44857142857142857,0.33992224301736096,0.3546974668874124,0.08,0.1174785100286533,0.13714285714285715,0.002857142857142857,50.81142857142857,0.25787965616045844,0.0,5.117244809510493e-18,0.09182697754700565,11.69054441260745,0.07069006049556198,0.1318407565833598,0.19241403629733717,0.08022922636103152,0,0.2036525451257268,0.3128773594574073,6.894867819475747,0.9606234859631548,0.0,0.9791666666666666,0.0,0.2,0.0,0.9999999999999998,0.2,0.08,0.1174785100286533,0.2641380120991124,0.2641380120991124
335,0.8952412860273848,0.4981567234260522,0.8936609076217312,0.49794503011761754,0.26235045025828074,0.49681226470114875,0.4813753581661891,0.34046639049840577,0.35493544778756236,0.08022922636103152,0.48,0.33992224301736096,0.3546974668874124,0.08,0.1518624641833811,0.17142857142857143,0.002857142857142857,50.99142857142857,0.2636103151862464,0.0,5.132630120888265e-18,0.09160315869506663,11.69054441260745,0.06856935868069512,0.12815072288781204,0.19114161520841708,0.08022922636103152,0,0.203375856682241,0.31131297266012026,6.928399034514805,0.9414110162438917,0.0,1.0,0.0,0.2,0.0,0.9999999999999998,0.2,0.08,0.1518624641833811,0.263713871736139,0.263713871736139
336,0.8958181447904412,0.49916892012969954,0.8942361182168932,0.49897261170182805,0.26235045025828074,0.4968335742563724,0.4871060171919771,0.34046639049840577,0.35493544778756236,0.08022922636103152,0.4857142857142857,0.33992224301736096,0.3546974668874124,0.08,0.1174785100286533,0.14,0.002857142857142857,51.15714285714286,0.25787965616045844,0.0,5.147852062394187e-18,0.09138605440868573,11.69054441260745,0.06651227792027427,0.12455640540849067,0.18990736675216455,0.08022922636103152,0,0.2028732631131155,0.3097564077968196,6.929831053824507,0.9225827959190138,0.0,1.0,0.0,0.2,0.0,0.9999999999999998,0.2,0.08,0.1174785100286533,0.26330245558405485,0.26330245558405485
337,0.8956370700115607,0.49877042617091116,0.8940555607945236,0.49856312467016073,0.26235045025828074,0.4968006000907373,0.4871060171919771,0.34046639049840577,0.35493544778756236,0.08022922636103152,0.4857142857142857,0.33992224301736096,0.3546974668874124,0.08,0.12034383954154727,0.1457142857142857,0.002857142857142857,51.354285714285716,0.2636103151862464,0.0,5.162902565388776e-18,0.09117546325089627,11.69054441260745,0.06451690958266604,0.12105576011762875,0.1887101457495996,0.08022922636103152,0,0.20240146822612137,0.3082076257578355,6.936948718462303,0.9041311400006334,0.0,1.0,0.0,0.2,0.0,0.9999999999999998,0.2,0.08,0.12034383954154727,0.26290338191653323,0.26290338191653323
338,0.8960785282782981,0.49827881596539175,0.8944957577519277,0.49807589726533236,0.26235045025828074,0.49695989740995283,0.4871060171919771,0.34035177731789,0.3548494879021755,0.08022922636103152,0.4857142857142857,0.3398079573030753,0.3546117526016981,0.08,0.10601719197707736,0.12285714285714286,0.002857142857142857,51.51714285714286,0.25501432664756446,0.0,5.17777421424205e-18,0.09097118982784048,11.69054441260745,0.06258140229518605,0.11764676026733134,0.1875488413771116,0.08022922636103152,0,0.2022464608849908,0.3066665876290463,6.921066886950201,0.889753274125302,0.0,0.9767441860465116,0.0,0.2,0.0,0.9999999999999998,0.2,0.08,0.10601719197707736,0.2625162804590372,0.2625162804590372
339,0.8955558261576946,0.49847914462467163,0.8939745490659545,0.49826252768712653,0.26235045025828074,0.4970097534906788,0.48424068767908307,0.34046639049840577,0.3549845386922518,0.08022922636103152,0.4828571428571429,0.33992224301736096,0.3547464175323742,0.08,0.1318051575931232,0.15428571428571428,0.002857142857142857,51.75142857142857,0.2607449856733524,0.0,5.19246022785185e-18,0.0907730446074764,11.69054441260745,0.06070396022633047,0.11432739807339232,0.18642237613579826,0.08022922636103152,0,0.204179745669277,0.3051332546909011,6.93693126349691,0.888524272854362,0.0,0.9814814814814815,0.0,0.2,0.0,0.9999999999999998,0.2,0.08,0.1318051575931232,0.2621407920452661,0.2621407920452661
340,0.8960492313757309,0.4986176319512333,0.8944665445547964,0.49841535962611716,0.26235045025828074,0.4971883481988215,0.48424068767908307,0.34046639049840577,0.3549845386922518,0.08022922636103152,0.4828571428571429,0.33992224301736096,0.3547464175323742,0.08,0.11461318051575932,0.13714285714285715,0.002857142857142857,51.92857142857143,0.25787965616045844,0.0,5.206954440051302e-18,0.09058084374372322,11.69054441260745,0.05888284141954055,0.11109568625078814,0.18532970485172434,0.08022922636103152,0,0.203757849794502,0.30360758841744656,6.935335495369828,0.8707537873972746,0.0,1.0,0.0,0.2,0.0,0.9999999999999998,0.2,0.08,0.11461318051575932,0.2617765682839081,0.2617765682839081
341,0.8945233612259111,0.4987145683667249,0.8929450340339763,0.49852178593436025,0.26235045025828074,0.4974381190281771,0.44412607449856734,0.34046639049840577,0.3549845386922518,0.08022922636103152,0.44285714285714284,0.33992224301736096,0.3547464175323742,0.08,0.1318051575931232,0.14285714285714285,0.002857142857142857,52.16571428571429,0.2607449856733524,0.0,5.2212512791112604e-18,0.09039440890588261,11.69054441260745,0.05711635617695433,0.10794965940854029,0.1842698137061726,0.08022922636103152,0,0.20328163197410093,0.30208955047535935,6.9394859283195744,0.8533387116493291,0.0,1.0,0.0,0.2,0.0,0.9999999999999998,0.2,0.08,0.1318051575931232,0.2614232712353909,0.2614232712353909
342,0.8927017976950627,0.4991954757707358,0.8911286749703589,0.49903764259346717,0.26235045025828074,0.49768650635160605,0.4269340974212034,0.3406956168594372,0.35515645846302546,0.08022922636103152,0.4257142857142857,0.34015081444593237,0.3549178461038027,0.08,0.1318051575931232,0.15428571428571428,0.002857142857142857,52.331428571428575,0.2492836676217765,0.0,5.235345746527357e-18,0.0902135671131773,11.69054441260745,0.0554028654916457,0.10488737531141057,0.18324171929498742,0.08022922636103152,0,0.2045220809570876,0.3122953439392975,6.954981924038899,0.8362719374163425,0.0,0.9814814814814815,0.0,0.2,0.0,0.9999999999999998,0.2,0.08,0.1318051575931232,0.26108057309832916,0.26108057309832916
343,0.892304349945787,0.49865253606370313,0.8907323627860813,0.4985039568475689,0.26235045025828074,0.4979083172714689,0.4383954154727794,0.34081023003995303,0.3552424183484123,0.08022922636103152,0.43714285714285717,0.3402651001602181,0.35500356038951697,0.08,0.10315186246418338,0.11142857142857143,0.002857142857142857,52.48571428571429,0.24641833810888253,0.0,5.249233395265577e-18,0.09003815057425305,11.69054441260745,0.05374077952689633,0.10190691601565216,0.18224446771613778,0.08022922636103152,0,0.2043563276951593,0.31073386721960095,6.927310856986693,0.8195464986680157,0.0,1.0,0.0,0.2,0.0,0.9999999999999998,0.2,0.08,0.10315186246418338,0.26074815590537925,0.26074815590537925
344,0.8932077848483265,0.49901780000629187,0.8916332164460419,0.4988037524040743,0.26235045025828074,0.498083288241285,0.46418338108882523,0.3406956168594373,0.35515645846302546,0.08022922636103152,0.46285714285714286,0.34015081444593237,0.3549178461038027,0.08,0.12320916905444126,0.13714285714285715,0.002857142857142857,52.645714285714284,0.24068767908309455,0.0,5.262910307624997e-18,0.08986799653149659,11.69054441260745,0.05212855614108944,0.0990063888857986,0.18127713368465365,0.08022922636103152,0,0.20433397462811212,0.3091801978835029,6.925907496989816,0.816134400950538,0.0,0.9791666666666666,0.0,0.2,0.0,0.9999999999999998,0.2,0.08,0.12320916905444126,0.2604257112282179,0.2604257112282179
345,0.8926718453839441,0.4983689319039726,0.8910988082372719,0.49821238551573854,0.26235045025828074,0.49826477232559546,0.4498567335243553,0.3406956168594373,0.35515645846302546,0.08022922636103152,0.44857142857142857,0.34015081444593237,0.3549178461038027,0.08,0.11174785100286533,0.13714285714285715,0.002857142857142857,52.81428571428572,0.24068767908309455,0.0,5.276373072861798e-18,0.0897029471100228,11.69054441260745,0.05056469945685675,0.09618392749922455,0.18033881967411405,0.08022922636103152,0,0.20385459118354293,0.30763429689408545,6.924532204192875,0.7998117129315272,0.0,1.0,0.0,0.2,0.0,0.9999999999999998,0.2,0.08,0.11174785100286533,0.26011293989137135,0.26011293989137135
346,0.8924231991218601,0.4984347584692919,0.8908508723930796,0.49826034943672687,0.26235045025828074,0.4984698949345428,0.4670487106017192,0.34081023003995303,0.3552424183484123,0.08022922636103152,0.4657142857142857,0.3402651001602181,0.355003560389517,0.08,0.0830945558739255,0.10857142857142857,0.002857142857142857,52.93714285714286,0.24068767908309455,0.0,5.289618764704653e-18,0.08954284917119325,11.69054441260745,0.04904775847315105,0.09343769244496569,0.1794286550838906,0.08022922636103152,0,0.20369231822762524,0.30609612540961506,6.894612988680446,0.7838154786728967,0.0,1.0,0.0,0.2,0.0,0.9999999999999998,0.2,0.08,0.0830945558739255,0.2598095516946302,0.2598095516946302
347,0.889881707040495,0.49928641662082335,0.8883166417176611,0.49909898880525766,0.26235045025828074,0.49877307224374084,0.4326647564469914,0.34081023003995303,0.3552424183484123,0.08022922636103152,0.43142857142857144,0.3402651001602181,0.355003560389517,0.08,0.10315186246418338,0.11142857142857143,0.002857142857142857,53.10285714285714,0.24068767908309455,0.0,5.3026449188784e-18,0.08938755417052856,11.69054441260745,0.047576325718956515,0.09076587202303954,0.1785457954313739,0.08022922636103152,0,0.20338346853034173,0.304565644782567,6.868149300335408,0.7681391690994387,0.0,1.0,0.0,0.2,0.0,0.9999999999999998,0.2,0.08,0.10315186246418338,0.2595152651437913,0.2595152651437913
348,0.8898659458958355,0.4993067463006845,0.8883009256048435,0.4990965996220336,0.26235045025828074,0.49918912596093146,0.46418338108882523,0.3406956168594372,0.35515645846302546,0.08022922636103152,0.46285714285714286,0.3401508144459324,0.3549178461038027,0.08,0.09742120343839542,0.10285714285714286,0.002857142857142857,53.245714285714286,0.24068767908309455,0.0,5.315449510740408e-18,0.08923691801988377,11.69054441260745,0.04614903594738782,0.08816668285025797,0.17768942156843268,0.08022922636103152,0,0.20327998047340434,0.30304281655865417,6.833643457185843,0.8438031049330933,0.0,0.9722222222222222,0.0,0.2,0.0,0.9999999999999998,0.2,0.08,0.09742120343839542,0.2592298071894776,0.2592298071894776
349,0.8904206674823308,0.4992591834010637,0.8888540622725204,0.4990626869351855,0.26235045025828074,0.49955381267597854,0.4813753581661891,0.3413832959425318,0.3556722177753464,0.0830945558739255,0.48,0.34083652873164666,0.3554321318180884,0.08285714285714285,0.1346704871060172,0.15428571428571428,0.002857142857142857,53.39142857142857,0.2492836676217765,0.0,5.328030933122176e-18,0.08909080095375842,11.69054441260745,0.044764564868966183,0.08563837037828248,0.1768587389213797,0.08022922636103152,0,0.20494874651692396,0.30152760247586086,6.85125630232784,0.8269270428344314,0.0,1.0,0.0,0.2,0.0,0.9999999999999998,0.2,0.08,0.1346704871060172,0.25895291297379325,0.25895291297379325
350,0.8912372101868663,0.4996056256181441,0.8896682719979,0.499450380636932,0.26235045025828074,0.4996985141635199,0.4699140401146132,0.3413832959425318,0.3556722177753464,0.0830945558739255,0.4685714285714286,0.34083652873164666,0.3554321318180884,0.08285714285714285,0.10315186246418338,0.11142857142857143,0.002857142857142857,53.57714285714286,0.2492836676217765,0.0,5.34038797445785e-18,0.08894906739961674,11.69054441260745,0.043421627922897194,0.08317920932942868,0.17605297675373832,0.08022922636103152,0,0.20435228849862508,0.30001996446348156,6.825659747709855,0.8103885019777427,0.0,1.0,0.0,0.2,0.0,0.9999999999999998,0.2,0.08,0.10315186246418338,0.25868432558457943,0.25868432558457943
351,0.8915866241765402,0.4990883614211933,0.8900166876618893,0.49896526912300115,0.26235045025828074,0.49986615399318723,0.5214899713467048,0.34161252230356337,0.35584413754612004,0.0830945558739255,0.52,0.3410651001602181,0.355603560389517,0.08285714285714285,0.10601719197707736,0.12,0.002857142857142857,53.73428571428571,0.2492836676217765,0.0,5.352519797270936e-18,0.08881158585209936,11.69054441260745,0.04211897908521028,0.08078750405548829,0.17527138745112616,0.08022922636103152,0,0.20430124134184627,0.29851986464116415,6.809146552755657,0.7941807319381878,0.0,1.0,0.0,0.2,0.0,0.9999999999999998,0.2,0.08,0.10601719197707736,0.25842379581704206,0.25842379581704206
352,0.8922854000833869,0.4989601823790149,0.890713467066145,0.4988438686833389,0.26235045025828074,0.49991888726685935,0.4813753581661891,0.34161252230356337,0.35584413754612004,0.0830945558739255,0.48,0.3410651001602181,0.355603560389517,0.08285714285714285,0.11174785100286533,0.13428571428571429,0.002857142857142857,53.894285714285715,0.2492836676217765,0.0,5.3644259170809584e-18,0.0886782287510075,11.69054441260745,0.040855409712653966,0.07846158882460419,0.17451324582759237,0.08022922636103152,0,0.20450096981639299,0.2970272653179583,6.807249335986258,0.7782971172994241,0.0,1.0,0.0,0.2,0.0,0.9999999999999998,0.2,0.08,0.11174785100286533,0.2581710819425308,0.2581710819425308
353,0.8929194121178594,0.4985258108040644,0.8913456676376619,0.4984110458834407,0.26235045025828074,0.4998910018855458,0.4871060171919771,0.3423002013866579,0.35635989685844094,0.0830945558739255,0.4857142857142857,0.3417508144459324,0.35611784610380276,0.08285714285714285,0.14040114613180515,0.18571428571428572,0.002857142857142857,54.08,0.24641833810888253,0.0,5.376106181783058e-18,0.0885488723629484,11.69054441260745,0.03962974742127435,0.07619982804100356,0.17377784845276462,0.08022922636103152,0,0.2058897156874582,0.2955421289913685,6.85681863498082,0.7627311749534356,0.0,1.0,0.0,0.2,0.0,0.9999999999999998,0.2,0.08,0.14040114613180515,0.25792594948425485,0.25792594948425485
354,0.8920468412250084,0.49922900666730863,0.8904755898045046,0.49904445440238776,0.26235045025828074,0.49966615350465093,0.5100286532951289,0.3422870600717766,0.3566177765146014,0.0830945558739255,0.5085714285714286,0.34173771067766506,0.3563749889609456,0.08285714285714285,0.12607449856733524,0.15142857142857144,0.002857142857142857,54.26285714285714,0.2492836676217765,0.0,5.387560751545272e-18,0.08842339666653108,11.69054441260745,0.038440854998636115,0.07400061640217215,0.17306451299918166,0.08022922636103152,0,0.20580312425187808,0.29406441834641167,6.871110833709773,0.7539719694023048,0.0,0.9811320754716981,0.0,0.2,0.0,0.9999999999999998,0.2,0.08,0.12607449856733524,0.25768817099972724,0.25768817099972724
355,0.8922447667730645,0.4994169456582437,0.8906729498509948,0.49923545088354226,0.26235045025828074,0.4996287774456522,0.4670487106017192,0.3422870600717766,0.35687565617076183,0.0830945558739255,0.4657142857142857,0.34173771067766506,0.35663213181808845,0.08285714285714285,0.11174785100286533,0.13428571428571429,0.002857142857142857,54.43142857142857,0.24641833810888253,0.0,5.398790079260877e-18,0.08830168524100625,11.69054441260745,0.03728762934867703,0.07186237899783066,0.1723725776092062,0.08022922636103152,0,0.20531668005919013,0.29259409625467964,6.867974331321293,0.7388925300142587,0.0,1.0,0.0,0.2,0.0,0.9999999999999998,0.2,0.08,0.11174785100286533,0.2574575258697354,0.2574575258697354
356,0.8929554364609846,0.4992720068344733,0.8913815890540923,0.49906740232031,0.26235045025828074,0.4995226989968582,0.4813753581661891,0.34263089961332394,0.3573914154830828,0.0830945558739255,0.48,0.3420805678205222,0.3571464175323742,0.08285714285714285,0.12893982808022922,0.16,0.002857142857142857,54.65428571428571,0.2492836676217765,0.0,5.409794891586224e-18,0.08818362515824718,11.69054441260745,0.036169000468216715,0.06978357135486657,0.17170140028093003,0.08022922636103152,0,0.20546263035618506,0.2911311257734062,6.890614844694866,0.7241146794139734,0.0,1.0,0.0,0.2,0.0,0.9999999999999998,0.2,0.08,0.12893982808022922,0.25723380009364333,0.25723380009364333
357,0.8919035977590024,0.49893119117028983,0.8903327556055443,0.49875055391855694,0.26235045025828074,0.49944713637982546,0.501432664756447,0.34263089961332394,0.3573914154830828,0.0830945558739255,0.5,0.3420805678205222,0.3571464175323742,0.08285714285714285,0.10888252148997135,0.12285714285714286,0.002857142857142857,54.86571428571428,0.2492836676217765,0.0,5.420576170588387e-18,0.08806910687797087,11.69054441260745,0.035083930454170215,0.06776267943216419,0.17105035827250212,0.08022922636103152,0,0.2049207457758327,0.2896754701445392,6.875659690658111,0.709632385825694,0.0,1.0,0.0,0.2,0.0,0.9999999999999998,0.2,0.08,0.10888252148997135,0.25701678609083406,0.25701678609083406
358,0.8907504293357412,0.499360651259933,0.8891828819492067,0.49917099882874544,0.26235045025828074,0.4991876014001777,0.5128939828080229,0.34263089961332394,0.3574380262235436,0.0830945558739255,0.5114285714285715,0.3420805678205222,0.35719289509929075,0.08285714285714285,0.12320916905444126,0.14,0.002857142857142857,55.05142857142857,0.24641833810888253,0.0,5.431135136021186e-18,0.08795802414610286,11.69054441260745,0.034031412540545106,0.06579821956907816,0.17041884752432707,0.08022922636103152,0,0.2045522856183821,0.2882270927938165,6.87814649684495,0.69543973810918,0.0,1.0,0.0,0.2,0.0,0.9999999999999998,0.2,0.08,0.12320916905444126,0.256806282508109,0.256806282508109
359,0.8900098260520899,0.49970608922926785,0.8884443946749372,0.4995330630780662,0.26235045025828074,0.4990483889711408,0.5100286532951289,0.3429747391548712,0.357695905879704,0.0830945558739255,0.5085714285714286,0.34242342496337935,0.35745003795643365,0.08285714285714285,0.1318051575931232,0.15142857142857144,0.002857142857142857,55.22571428571428,0.24641833810888253,0.0,5.441473228243143e-18,0.08785027389619085,11.69054441260745,0.03301047016432875,0.06388873839110187,0.16980628209859724,0.08022922636103152,0,0.20512456089610656,0.28678595732984735,6.892012138336622,0.6815309433469965,0.0,1.0,0.0,0.2,0.0,0.9999999999999998,0.2,0.08,0.1318051575931232,0.25660209403286577,0.25660209403286577
360,0.8906310781300815,0.5002405379292677,0.8890638717469918,0.5000898339167592,0.26235045025828074,0.4990421401024734,0.4584527220630373,0.3429747391548712,0.357695905879704,0.0830945558739255,0.45714285714285713,0.34242342496337935,0.35745003795643365,0.08285714285714285,0.12607449856733524,0.13714285714285715,0.002857142857142857,55.434285714285714,0.24355300859598855,0.0,5.451592091786229e-18,0.08774575615377625,11.69054441260745,0.03202015605939889,0.062032812676094284,0.16921209363563933,0.08022922636103152,0,0.2046983666630546,0.28535202754319816,6.891314752712746,0.6679003244800565,0.0,1.0,0.0,0.2,0.0,0.9999999999999998,0.2,0.08,0.12607449856733524,0.25640403121187977,0.25640403121187977
361,0.8919128699773012,0.5002519669865534,0.8903420013317909,0.5000567660124632,0.26235045025828074,0.49895011140302026,0.4699140401146132,0.3429747391548712,0.357695905879704,0.0830945558739255,0.4685714285714286,0.34242342496337935,0.35745003795643365,0.08285714285714285,0.11174785100286533,0.13428571428571429,0.002857142857142857,55.62,0.2492836676217765,0.0,5.461493559580273e-18,0.0876443739436341,11.69054441260745,0.03105955137761692,0.060229049184251204,0.16863573082657016,0.08022922636103152,0,0.20454755986165132,0.28392526740548213,6.887774171944207,0.6545423179904554,0.0,1.0,0.0,0.2,0.0,0.9999999999999998,0.2,0.08,0.11174785100286533,0.25621191027552337,0.25621191027552337
362,0.8924575210686035,0.5005969482873144,0.8908850962771179,0.5004092339718995,0.26235045025828074,0.4989440695907729,0.4383954154727794,0.3432666823390242,0.3579537855358645,0.08595988538681948,0.43714285714285717,0.34271453402414903,0.35770718081357644,0.08571428571428572,0.12893982808022922,0.16285714285714287,0.002857142857142857,55.79142857142857,0.2492836676217765,0.0,5.471179637834097e-18,0.08754603319979617,11.69054441260745,0.030127764836288415,0.05847608445482888,0.16807665890177304,0.08022922636103152,0,0.2043801099194859,0.2825056410684547,6.912875831362464,0.6414514716306462,0.0,1.0,0.0,0.2,0.0,0.9999999999999998,0.2,0.08,0.12893982808022922,0.2560255529672577,0.2560255529672577
363,0.8927414473700197,0.5009564044038882,0.89116821136053,0.5007848222952871,0.26235045025828074,0.49910517211678246,0.47564469914040114,0.3432666823390242,0.3579537855358645,0.08595988538681948,0.4742857142857143,0.34271453402414903,0.35770718081357644,0.08571428571428572,0.12893982808022922,0.14,0.002857142857142857,55.94285714285714,0.2521489971346705,0.0,5.480652491571336e-18,0.08745064267827342,11.69054441260745,0.02922393189119976,0.05677258457246703,0.16753435913471984,0.08022922636103152,0,0.20392920936988848,0.2810931128631124,6.914618314735214,0.6286224421980333,0.0,1.0,0.0,0.2,0.0,0.9999999999999998,0.2,0.08,0.12893982808022922,0.25584478637823993,0.25584478637823993
364,0.8920801509535087,0.5017879023161501,0.8905088043623521,0.5016149144332056,0.26235045025828074,0.4993124094826027,0.5071633237822349,0.3432666823390242,0.3579537855358645,0.08595988538681948,0.5057142857142857,0.34271453402414903,0.35770718081357644,0.08571428571428572,0.11174785100286533,0.13142857142857142,0.002857142857142857,56.12285714285714,0.24355300859598855,0.0,5.489914430815938e-18,0.08735811387239631,11.69054441260745,0.028347213934463766,0.05511724490579173,0.16700832836067825,0.08022922636103152,0,0.203480563323039,0.27968764729879686,6.9077545198690835,0.6160499933540726,0.0,1.0,0.0,0.2,0.0,0.9999999999999998,0.2,0.08,0.11174785100286533,0.25566944278689274,0.25566944278689274
365,0.8928498213000815,0.5018302459338682,0.8912762756507917,0.501680066171362,0.26235045025828074,0.49948100084758795,0.4584527220630373,0.34315206915850843,0.3581257053066381,0.0830945558739255,0.45714285714285713,0.34260024830986335,0.35787860938500504,0.08285714285714285,0.14326647564469913,0.16285714285714287,0.002857142857142857,56.331428571428575,0.25501432664756446,0.0,5.4989678974198705e-18,0.08726836093069555,11.69054441260745,0.027496797516429854,0.053508789820830516,0.1664980785098579,0.08022922636103152,0,0.20366159122070956,0.29242673833689137,6.932456572328843,0.6313915606974644,0.0,0.9824561403508771,0.0,0.2,0.0,0.9999999999999998,0.2,0.08,0.14326647564469913,0.25549935950328595,0.25549935950328595
366,0.8940654968991225,0.5012801336556325,0.8924884778909784,0.5011327010123744,0.26235045025828074,0.4994989443747292,0.4899713467048711,0.3430374559779926,0.35825464513471833,0.0830945558739255,0.48857142857142855,0.3424859625955777,0.35800718081357646,0.08285714285714285,0.13753581661891118,0.15428571428571428,0.002857142857142857,56.565714285714286,0.2492836676217765,0.0,5.507815452523401e-18,0.08718130057724581,11.69054441260745,0.026671893590936958,0.05194597237162091,0.16600313615456216,0.08022922636103152,0,0.20369999755032026,0.29676692450749537,6.948093155167981,0.6187637294835151,0.0,0.9814814814814815,0.0,0.2,0.0,0.9999999999999998,0.2,0.08,0.13753581661891118,0.25533437871818737,0.25533437871818737
367,0.892823495195648,0.5010453514185811,0.8912500247637993,0.5009050839668369,0.26235045025828074,0.49959819557525015,0.5243553008595988,0.3430374559779926,0.3585125247908788,0.0830945558739255,0.5228571428571429,0.3424859625955777,0.35826432367071936,0.08285714285714285,0.14040114613180515,0.16285714285714287,0.002857142857142857,56.777142857142856,0.25501432664756446,0.0,5.516459764636416e-18,0.08709685203439954,11.69054441260745,0.025871736783208848,0.050427573970253325,0.1655230420699253,0.08022922636103152,0,0.20333821184828293,0.2952830898849579,6.971988434921763,0.6063884548938447,0.0,1.0,0.0,0.2,0.0,0.9999999999999998,0.2,0.08,0.14040114613180515,0.2551743473566418,0.2551743473566418
368,0.8928209443741151,0.5010497411897151,0.891247481230328,0.5008711477665883,0.26235045025828074,0.49971161790490426,0.49570200573065903,0.3429228427974769,0.35859848467626565,0.0830945558739255,0.4942857142857143,0.34237167688129194,0.3583500379564336,0.08285714285714285,0.14326647564469913,0.17142857142857143,0.002857142857142857,56.988571428571426,0.2521489971346705,0.0,5.524903598327674e-18,0.08701493694783867,11.69054441260745,0.025095584679712582,0.048952404038457686,0.16505735080782755,0.08022922636103152,0,0.20391802369913367,0.2938066744355331,7.003977237651899,0.6245127640592505,0.0,0.9833333333333333,0.0,0.2,0.0,0.9999999999999998,0.2,0.08,0.14326647564469913,0.25501911693594254,0.25501911693594254
369,0.8916097160342424,0.5006727697350047,0.890039713542855,0.5005062002293909,0.26235045025828074,0.499888791753302,0.5071633237822349,0.3429228427974769,0.3587704044470393,0.0830945558739255,0.5057142857142857,0.34237167688129194,0.35852146652786215,0.08285714285714285,0.10888252148997135,0.13714285714285715,0.002857142857142857,57.182857142857145,0.25501432664756446,0.0,5.53314980350752e-18,0.08693547931387459,11.69054441260745,0.024342717139321204,0.04751929964270851,0.1646056302835927,0.08022922636103152,0,0.20349772000920943,0.29233764106335547,7.001040550041719,0.6120225087780654,0.0,1.0,0.0,0.2,0.0,0.9999999999999998,0.2,0.08,0.10888252148997135,0.25486854342786425,0.25486854342786425
370,0.8915791193749091,0.5004403910532638,0.8900092043025484,0.500292616650959,0.26235045025828074,0.49990485970118614,0.5157593123209169,0.3429228427974769,0.35890086728368864,0.0830945558739255,0.5142857142857142,0.34237167688129194,0.3586515566135497,0.08285714285714285,0.1318051575931232,0.16857142857142857,0.002857142857142857,57.394285714285715,0.25787965616045844,0.0,5.5412013052884706e-18,0.08685840540892953,11.69054441260745,0.023612435625141568,0.04612712511470596,0.16416746137508492,0.08022922636103152,0,0.2031938028377348,0.2908759528580387,7.029591167612313,0.599782058602504,0.0,1.0,0.0,0.2,0.0,0.9999999999999998,0.2,0.08,0.1318051575931232,0.2547224871250283,0.2547224871250283
371,0.8927541852754076,0.5006211920736301,0.8911809128719027,0.5004433052384609,0.26235045025828074,0.4999516216728117,0.49570200573065903,0.3429228427974769,0.35890086728368864,0.0830945558739255,0.4942857142857143,0.34237167688129194,0.3586515566135497,0.08285714285714285,0.1346704871060172,0.16,0.002857142857142857,57.614285714285714,0.2607449856733524,0.0,5.549061094407221e-18,0.08678364372113272,11.69054441260745,0.02290406255638732,0.04477477165897081,0.16374243753383239,0.08022922636103152,0,0.20283426310926042,0.28942157309374844,7.048999344260067,0.587786417430454,0.0,1.0,0.0,0.2,0.0,0.9999999999999998,0.2,0.08,0.1346704871060172,0.25458081251127745,0.25458081251127745
372,0.8939219949664544,0.5000049102191707,0.8923453859638322,0.4998478135782071,0.26235045025828074,0.4999099624486265,0.5128939828080229,0.3429228427974769,0.35890086728368864,0.0830945558739255,0.5114285714285715,0.34237167688129194,0.3586515566135497,0.08285714285714285,0.14613180515759314,0.16285714285714287,0.002857142857142857,57.84285714285714,0.2636103151862464,0.0,5.556732218190821e-18,0.08671112488396984,11.69054441260745,0.0222169406796957,0.043461156949179625,0.16333016440781742,0.08022922636103152,0,0.20247680607942845,0.28797446522827974,7.070876500232008,0.576030689081845,0.0,1.0,0.0,0.2,0.0,0.9999999999999998,0.2,0.08,0.14613180515759314,0.25444338813593914,0.25444338813593914
373,0.8954894593588272,0.5002700276977745,0.8939083718865127,0.5001423952155735,0.26235045025828074,0.499784219829615,0.4584527220630373,0.34280822961696117,0.3588149073983018,0.0830945558739255,0.45714285714285713,0.3422573911670062,0.35856584232783545,0.08285714285714285,0.14040114613180515,0.16857142857142857,0.002857142857142857,58.042857142857144,0.2636103151862464,0.0,5.564217772049299e-18,0.08664078161192189,11.69054441260745,0.021550432459304828,0.042185224714760716,0.1629302594755829,0.08022922636103152,0,0.20337180978643057,0.28653459290213834,7.098030398798795,0.6192992964158596,0.0,0.9830508474576272,0.0,0.2,0.0,0.9999999999999998,0.2,0.08,0.14040114613180515,0.254310086491861,0.254310086491861
374,0.8946955534968875,0.49974734969025736,0.8931167343270353,0.4996170624764211,0.26235045025828074,0.4996002045497815,0.46131805157593125,0.3426936164364454,0.358728947512915,0.0830945558739255,0.46,0.3421431054527205,0.3584801280421212,0.08285714285714285,0.16045845272206305,0.18857142857142858,0.002857142857142857,58.245714285714286,0.25787965616045844,0.0,5.57152089147655e-18,0.08657254863803533,11.69054441260745,0.020903919485525682,0.040945944319172756,0.1625423516913154,0.08022922636103152,0,0.20352580788035554,0.2851019199376276,7.144641219394249,0.7532329921432956,0.0,0.9848484848484849,0.0,0.2,0.0,0.9999999999999998,0.2,0.08,0.16045845272206305,0.25418078389710513,0.25418078389710513
375,0.8938205072231888,0.4993201805187243,0.8922441881855473,0.49918643875955776,0.26235045025828074,0.49944882913910693,0.4871060171919771,0.3425790032559296,0.35864298762752816,0.0830945558739255,0.4857142857142857,0.3420288197384348,0.3583944137564069,0.08285714285714285,0.1489971346704871,0.18571428571428572,0.002857142857142857,58.51428571428571,0.2607449856733524,0.0,5.5786447445410885e-18,0.08650636265336539,11.69054441260745,0.02027680190095991,0.03974231033118736,0.16216608114057593,0.08022922636103152,0,0.20362217884095377,0.2868177419086511,7.18746268072065,0.804021637894346,0.0,0.9846153846153847,0.0,0.2,0.0,0.9999999999999998,0.2,0.08,0.1489971346704871,0.254055360380192,0.254055360380192
376,0.8933934785061456,0.4986976346969801,0.8918183795505528,0.49862148744598145,0.26235045025828074,0.499279929098588,0.44412607449856734,0.3425790032559296,0.35864298762752816,0.0830945558739255,0.44285714285714284,0.3420288197384348,0.3583944137564069,0.08285714285714285,0.14040114613180515,0.1657142857142857,0.002857142857142857,58.67142857142857,0.2636103151862464,0.0,5.585592524848078e-18,0.08644216224823553,11.69054441260745,0.019668497843931113,0.03857334209041252,0.16180109870635867,0.08022922636103152,0,0.20323235366103476,0.2853836531991079,7.209427712820522,0.787941205136459,0.0,1.0,0.0,0.2,0.0,0.9999999999999998,0.2,0.08,0.14040114613180515,0.2539336995687862,0.2539336995687862
377,0.8935431030374793,0.49880414341308593,0.8919675765832257,0.4987108114085223,0.26235045025828074,0.4990871382519579,0.4813753581661891,0.3425790032559296,0.35864298762752816,0.0830945558739255,0.48,0.3420288197384348,0.3583944137564069,0.08285714285714285,0.14040114613180515,0.17142857142857143,0.002857142857142857,58.90857142857143,0.2693409742120344,0.0,5.592367444954039e-18,0.0863798878552596,11.69054441260745,0.01907844290861318,0.03743808326820253,0.1614470657451679,0.08022922636103152,0,0.20292990617844384,0.28395673493311235,7.236667729992683,0.7721823810337298,0.0,1.0,0.0,0.2,0.0,0.9999999999999998,0.2,0.08,0.14040114613180515,0.25381568858172265,0.25381568858172265
378,0.8932901972918371,0.4982504822430361,0.8917153934254279,0.49817099189807856,0.26235045025828074,0.4988983529208847,0.46131805157593125,0.3425790032559296,0.35864298762752816,0.0830945558739255,0.46,0.3420288197384348,0.3583944137564069,0.08285714285714285,0.1489971346704871,0.16285714285714287,0.002857142857142857,59.16,0.2664756446991404,0.0,5.598972730215703e-18,0.0863194816940729,11.69054441260745,0.018506089621354783,0.03633560142501968,0.16110365377281285,0.08022922636103152,0,0.20251497093326593,0.2825369512584468,7.254791518249971,0.7567387334130552,0.0,1.0,0.0,0.2,0.0,0.9999999999999998,0.2,0.08,0.1489971346704871,0.25370121792427097,0.25370121792427097
379,0.8937517784743455,0.49909725376279607,0.8921756558045578,0.49901145085565857,0.26235045025828074,0.4986675473238314,0.4871060171919771,0.34223516371438234,0.3583851079713677,0.0830945558739255,0.4857142857142857,0.34168596259557765,0.358137270899264,0.08285714285714285,0.14326647564469913,0.17142857142857143,0.002857142857142857,59.38285714285714,0.27507163323782235,0.0,5.605411613054571e-18,0.08626088771772186,11.69054441260745,0.01795090693271414,0.03526498756523999,0.1607705441596285,0.08022922636103152,0,0.20352996822145672,0.28328580954845806,7.281124259313544,0.8894976346563909,0.0,0.95,0.0,0.2,0.0,0.9999999999999998,0.2,0.08,0.14326647564469913,0.2535901813865428,0.2535901813865428
380,0.894165586759369,0.4998504364094586,0.8925882817801954,0.4997751712601125,0.26235045025828074,0.49845479564899525,0.4498567335243553,0.3421205505338666,0.3582991480859809,0.0830945558739255,0.44857142857142857,0.34157167688129186,0.35805155661354976,0.08285714285714285,0.14326647564469913,0.16285714285714287,0.002857142857142857,59.63428571428572,0.2722063037249284,0.0,5.6116873276190054e-18,0.08620405156066129,11.69054441260745,0.017412379724732717,0.03422535569031393,0.16044742783483962,0.08022922636103152,0,0.20362603266606372,0.2818693805007158,7.298358916984416,0.9016477583884067,0.0,0.9824561403508771,0.0,0.2,0.0,0.9999999999999998,0.2,0.08,0.14326647564469913,0.25348247594494655,0.25348247594494655
381,0.8938916332681701,0.4997600832427219,0.8923151110132572,0.49966388263373007,0.26235045025828074,0.49831107521962115,0.49283667621776506,0.3421205505338666,0.3582991480859809,0.0830945558739255,0.49142857142857144,0.34157167688129186,0.35805155661354976,0.08285714285714285,0.166189111747851,0.19714285714285715,0.002857142857142857,59.88,0.2722063037249284,0.0,5.617803104825901e-18,0.08614892048831257,11.69054441260745,0.016890008332990734,0.033215842351134284,0.16013400499979444,0.08022922636103152,0,0.20337875964559052,0.2804600335982122,7.349534595787584,0.8836148032206386,0.0,1.0,0.0,0.2,0.0,0.9999999999999998,0.2,0.08,0.166189111747851,0.25337800166659813,0.25337800166659813
382,0.8934251934877532,0.4991024251158727,0.8918500039179273,0.49906682851791695,0.26235045025828074,0.4981535912110991,0.4584527220630373,0.34177671099231927,0.3580412684298204,0.0830945558739255,0.45714285714285713,0.3412288197384348,0.35779441375640686,0.08285714285714285,0.15759312320916904,0.18857142857142858,0.002857142857142857,60.12,0.2693409742120344,0.0,5.6237621677643495e-18,0.08609544334813433,11.69054441260745,0.01638330808300101,0.032235606200388345,0.1598299848498006,0.08022922636103152,0,0.2043045801330769,0.2790577334302211,7.39111533244326,0.9411919999999999,0.0,0.9545454545454546,0.0,0.2,0.0,0.9999999999999998,0.2,0.08,0.15759312320916904,0.25327666161660023,0.25327666161660023
383,0.8911704365717527,0.4987842744038489,0.8896016891645439,0.4987383777885419,0.26235045025828074,0.4979758843193455,0.49283667621776506,0.34166209781180357,0.3579553085444336,0.0830945558739255,0.49142857142857144,0.3411145340241491,0.35770869947069256,0.08285714285714285,0.14613180515759314,0.18857142857142858,0.002857142857142857,60.34285714285714,0.27507163323782235,0.0,5.629567727444014e-18,0.0860435705221614,11.69054441260745,0.01589180884051098,0.03128382754561865,0.15953508530430657,0.08022922636103152,0,0.20488514020227083,0.27766244476307,7.431864454365824,0.9254998619461381,0.0,0.9848484848484849,0.0,0.2,0.0,0.9999999999999998,0.2,0.08,0.14613180515759314,0.2531783617681022,0.2531783617681022
384,0.8904269456677848,0.4974960592394073,0.8888603225203018,0.49746544838437134,0.26235045025828074,0.4978357055259075,0.49283667621776506,0.34166209781180357,0.3579553085444336,0.0830945558739255,0.49142857142857144,0.3411145340241491,0.35770869947069256,0.08285714285714285,0.14040114613180515,0.15428571428571428,0.002857142857142857,60.614285714285714,0.2722063037249284,0.0,5.635222978871472e-18,0.08599325388096768,11.69054441260745,0.01541505457529565,0.030359707903652278,0.15924903274517738,0.08022922636103152,0,0.20443185735840233,0.27627413253925465,7.437512879564222,0.9069898647072152,0.0,1.0,0.0,0.2,0.0,0.9999999999999998,0.2,0.08,0.14040114613180515,0.25308301091505914,0.25308301091505914
385,0.8889618308474762,0.4970645832454059,0.8873993937423368,0.4970872712829597,0.26235045025828074,0.4976859287871366,0.4383954154727794,0.341432871450772,0.35778338877365995,0.0830945558739255,0.43714285714285717,0.34088596259557763,0.357537270899264,0.08285714285714285,0.14040114613180515,0.1742857142857143,0.002857142857142857,60.825714285714284,0.27507163323782235,0.0,5.640731097438002e-18,0.08594444673900976,11.69054441260745,0.01495260293803678,0.029462469557007154,0.15897156176282207,0.08022922636103152,0,0.20495198378589602,0.27489276187655837,7.463048336258652,0.9432756229811992,0.0,0.9672131147540983,0.0,0.2,0.0,0.9999999999999998,0.2,0.08,0.14040114613180515,0.25299052058760735,0.25299052058760735
386,0.8893870455204372,0.4968296190253691,0.8878233935162322,0.4968754473628862,0.26235045025828074,0.49743698051836455,0.4383954154727794,0.341432871450772,0.35778338877365995,0.0830945558739255,0.43714285714285717,0.34088596259557763,0.357537270899264,0.08285714285714285,0.1318051575931232,0.14,0.002857142857142857,61.07714285714286,0.27507163323782235,0.0,5.646095235603002e-18,0.08589710381131056,11.69054441260745,0.014504024849895677,0.02859135511283384,0.1587024149099374,0.08022922636103152,0,0.20455479672410942,0.2735182980671756,7.453787369533479,0.9244101105215752,0.0,1.0,0.0,0.2,0.0,0.9999999999999998,0.2,0.08,0.1318051575931232,0.25290080496997913,0.25290080496997913
387,0.8882099126304333,0.49746673316673284,0.8866496238630568,0.4974914171503751,0.26235045025828074,0.49739994290706474,0.45272206303724927,0.341432871450772,0.35778338877365995,0.0830945558739255,0.4514285714285714,0.34088596259557763,0.357537270899264,0.08285714285714285,0.1489971346704871,0.1657142857142857,0.002857142857142857,61.294285714285714,0.27793696275071633,0.0,5.651318519857498e-18,0.0858511811714424,11.69054441260745,0.014068904104398806,0.02774562706489825,0.15844134246263927,0.08022922636103152,0,0.20430230916906025,0.2721507065768397,7.470425907857095,0.9059219083111436,0.0,1.0,0.0,0.2,0.0,0.9999999999999998,0.2,0.08,0.1489971346704871,0.25281378082087974,0.25281378082087974
388,0.8883073646865106,0.4976216614830423,0.8867467974846881,0.4976271922883731,0.26235045025828074,0.4972787163982364,0.4871060171919771,0.34131825827025625,0.3576974288882731,0.0830945558739255,0.4857142857142857,0.34077167688129195,0.3574515566135497,0.08285714285714285,0.1174785100286533,0.14285714285714285,0.002857142857142857,61.54571428571428,0.2808022922636103,0.0,5.656404047952835e-18,0.08580663621077021,11.69054441260745,0.013646836981266841,0.02692456735907056,0.1581881021887601,0.08022922636103152,0,0.20422351190892926,0.3041615034737046,7.463874532557095,0.8878034701449208,0.0,0.98,0.0,0.2,0.0,0.9999999999999998,0.2,0.08,0.1174785100286533,0.25272936739625335,0.25272936739625335
389,0.8877153107299881,0.4975359302935034,0.8861564351108987,0.49751691493779104,0.26235045025828074,0.4969871633862166,0.4183381088825215,0.34131825827025625,0.3576974288882731,0.0830945558739255,0.41714285714285715,0.34077167688129195,0.3574515566135497,0.08285714285714285,0.1174785100286533,0.14285714285714285,0.002857142857142857,61.75714285714286,0.2722063037249284,0.0,5.661354886380071e-18,0.08576342759891821,11.69054441260745,0.013237431871828836,0.026127476962740204,0.1579424591230973,0.08022922636103152,0,0.20383010934938461,0.302640695956336,7.457454184763097,0.8700474007420222,0.0,1.0,0.0,0.2,0.0,0.9999999999999998,0.2,0.08,0.1174785100286533,0.2526474863743658,0.2526474863743658
390,0.8861055560011663,0.4973384183330836,0.884551279681302,0.49737374963220743,0.26235045025828074,0.49671584786468603,0.44126074498567336,0.34108903190922474,0.35752550911749953,0.0830945558739255,0.44,0.3405431054527205,0.3572801280421211,0.08285714285714285,0.10888252148997135,0.12285714285714286,0.002857142857142857,62.002857142857145,0.27793696275071633,0.0,5.666174068086138e-18,0.08572151524542182,11.69054441260745,0.01284030891567397,0.025353675438536172,0.15770418534940436,0.08022922636103152,0,0.20412495880263773,0.30112749247655435,7.431162243924977,0.8806330722913494,0.0,0.9534883720930233,0.0,0.2,0.0,0.9999999999999998,0.2,0.08,0.10888252148997135,0.2525680617831348,0.2525680617831348
391,0.8862722891138121,0.49778466082319095,0.8847175364136259,0.4978144512814866,0.26235045025828074,0.49650021943168643,0.4183381088825215,0.340974418728709,0.3574395492321127,0.0830945558739255,0.41714285714285715,0.3404288197384348,0.35719441375640687,0.08285714285714285,0.1346704871060172,0.15428571428571428,0.002857142857142857,62.21142857142857,0.2693409742120344,0.0,5.670864590413375e-18,0.08568086026253026,11.69054441260745,0.012455099648203752,0.02460250052269808,0.15747305978892223,0.08022922636103152,0,0.20424604900862448,0.2996218550141716,7.436824713332192,0.8732879891557261,0.0,0.9814814814814815,0.0,0.2,0.0,0.9999999999999998,0.2,0.08,0.1346704871060172,0.25249101992964074,0.25249101992964074
392,0.8849038157370601,0.4976773401733555,0.8833529729608075,0.49773611932603673,0.26235045025828074,0.4963070197277894,0.4813753581661891,0.34085980554819323,0.35735358934672584,0.0830945558739255,0.48,0.3403145340241491,0.35710869947069257,0.08285714285714285,0.12034383954154727,0.13714285714285715,0.002857142857142857,62.39714285714286,0.27507163323782235,0.0,5.675429413249481e-18,0.08564142492912542,11.69054441260745,0.01208144665875764,0.023873307708403013,0.1572488679952546,0.08022922636103152,0,0.20416739019215283,0.2981237457391007,7.425231076208404,0.8728542076107194,0.0,0.9791666666666666,0.0,0.2,0.0,0.9999999999999998,0.2,0.08,0.12034383954154727,0.25241628933175153,0.25241628933175153
393,0.8836421370354391,0.49820627907983783,0.8820948990554769,0.49824225894756635,0.26235045025828074,0.49621794009545167,0.4899713467048711,0.34085980554819323,0.35735358934672584,0.0830945558739255,0.48857142857142855,0.3403145340241491,0.35710869947069257,0.08285714285714285,0.12607449856733524,0.1457142857142857,0.002857142857142857,62.60285714285714,0.27793696275071633,0.0,5.67987145737553e-18,0.0856031726557228,11.69054441260745,0.01171900325899491,0.02316546983432588,0.15703140195539694,0.08022922636103152,0,0.20391373584933242,0.2966331270104052,7.422440740398522,0.8553971234585049,0.0,1.0,0.0,0.2,0.0,0.9999999999999998,0.2,0.08,0.12607449856733524,0.25234380065179896,0.25234380065179896
394,0.882497502972693,0.4985595302176416,0.8809535353757671,0.49862649935671616,0.26235045025828074,0.49611957085860836,0.44412607449856734,0.3407451923676775,0.3573024547905292,0.0830945558739255,0.44285714285714284,0.34020024830986334,0.3570577110132279,0.08285714285714285,0.1346704871060172,0.15142857142857144,0.002857142857142857,62.80571428571429,0.27507163323782235,0.0,5.684193603000173e-18,0.08556606795052224,11.69054441260745,0.011367433161225063,0.022478376678675915,0.15682045989673504,0.08022922636103152,0,0.2039788828843715,0.29514996137535315,7.4254204970191235,0.8834825716497933,0.0,0.9811320754716981,0.0,0.2,0.0,0.9999999999999998,0.2,0.08,0.1346704871060172,0.252273486632245,0.252273486632245
395,0.8835273073202867,0.4987483130430868,0.8819803974252249,0.4988651582195841,0.26235045025828074,0.49597340201382734,0.4154727793696275,0.3404013528261302,0.35704457513436877,0.0830945558739255,0.4142857142857143,0.33985739116700625,0.3568005681560851,0.08285714285714285,0.12320916905444126,0.14285714285714285,0.002857142857142857,63.03142857142857,0.27507163323782235,0.0,5.688398688468611e-18,0.08553007638647768,11.69054441260745,0.01102641016638831,0.02181143455892587,0.15661584609983298,0.08022922636103152,0,0.2047302741842353,0.29913723518255914,7.419769229935885,0.941615345677639,0.0,0.94,0.0,0.2,0.0,0.9999999999999998,0.2,0.08,0.12320916905444126,0.2522052820332777,0.2522052820332777
396,0.882945615118526,0.49763012282943564,0.8814003672011834,0.4977582893875215,0.26235045025828074,0.4958532027718659,0.40114613180515757,0.3404013528261302,0.35704457513436877,0.0830945558739255,0.4,0.33985739116700625,0.3568005681560851,0.08285714285714285,0.1489971346704871,0.16,0.002857142857142857,63.24,0.27507163323782235,0.0,5.6924895091355224e-18,0.08549516456935446,11.69054441260745,0.01069561786139666,0.02116406593742237,0.15641737071683798,0.08022922636103152,0,0.204448195670457,0.29764154900664636,7.431373845337166,0.9227830387640863,0.0,1.0,0.0,0.2,0.0,0.9999999999999998,0.2,0.08,0.1489971346704871,0.25213912357227936,0.25213912357227936
397,0.8823668905676346,0.49806302605220576,0.880823296149009,0.4981767242875811,0.26235045025828074,0.495675926772075,0.4355300859598854,0.3404013528261302,0.35704457513436877,0.0830945558739255,0.4342857142857143,0.33985739116700625,0.3568005681560851,0.08285714285714285,0.10888252148997135,0.13714285714285715,0.002857142857142857,63.47142857142857,0.2722063037249284,0.0,5.6964688163914905e-18,0.08546130010674494,11.69054441260745,0.01037474932555476,0.020535709033042693,0.15622484959533284,0.08022922636103152,0,0.20435177684082337,0.2961533412616131,7.4198892255732805,0.9043273779888045,0.0,1.0,0.0,0.2,0.0,0.9999999999999998,0.2,0.08,0.10888252148997135,0.252074949865111,0.252074949865111
398,0.8829696317011377,0.4976019124587862,0.8814243151649878,0.4977155156290366,0.26235045025828074,0.49532916346433153,0.44412607449856734,0.3404013528261302,0.35704457513436877,0.0830945558739255,0.44285714285714284,0.33985739116700625,0.3568005681560851,0.08285714285714285,0.13753581661891118,0.16,0.002857142857142857,63.7,0.27507163323782235,0.0,5.7003393168330594e-18,0.08542845157801371,11.69054441260745,0.010063506845788116,0.01992581743903754,0.15603810410747287,0.08022922636103152,0,0.20398658938519068,0.29467257455530504,7.431491441061815,0.8862408304290283,0.0,1.0,0.0,0.2,0.0,0.9999999999999998,0.2,0.08,0.13753581661891118,0.2520127013691576,0.2520127013691576
399,0.8830170640567302,0.4965779660716186,0.8814716119995643,0.49672348277117717,0.26235045025828074,0.49484412193538724,0.45558739255014324,0.34017212646509865,0.35687265536359514,0.0830945558739255,0.4542857142857143,0.3396288197384348,0.35662913958465653,0.08285714285714285,0.11461318051575932,0.12571428571428572,0.002857142857142857,63.86857142857143,0.27793696275071633,0.0,5.70410367156696e-18,0.08539658850514442,11.69054441260745,0.009761601640414473,0.01933385974717905,0.15585696098424867,0.08022922636103152,0,0.20433751429540759,0.2931992116825285,7.408575897954862,0.905206989731795,0.0,0.9545454545454546,0.0,0.2,0.0,0.9999999999999998,0.2,0.08,0.11461318051575932,0.2519523203280829,0.2519523203280829
400,0.8843046602907975,0.49705590497605895,0.8827555293872485,0.49716062777243436,0.26235045025828074,0.4942781202413223,0.4297994269340974,0.3400575132845829,0.3567866954782083,0.0830945558739255,0.42857142857142855,0.33951453402414905,0.35654342529894223,0.08285714285714285,0.1489971346704871,0.16,0.002857142857142857,64.10857142857142,0.27507163323782235,0.0,5.707764495639504e-18,0.08536568132446119,11.69054441260745,0.009468753591202039,0.01875931917831508,0.15568125215472123,0.08022922636103152,0,0.2048166546129854,0.30889416879953696,7.420404379995767,0.8996095800172315,0.0,0.9821428571428571,0.0,0.2,0.0,0.9999999999999998,0.2,0.08,0.1489971346704871,0.2518937507182404,0.2518937507182404
401,0.8837548433419063,0.4967988300442552,0.8822072833439256,0.49686814199449,0.26235045025828074,0.4937820169781229,0.4154727793696275,0.3400575132845829,0.3567866954782083,0.0830945558739255,0.4142857142857143,0.33951453402414905,0.35654342529894223,0.08285714285714285,0.14326647564469913,0.15142857142857144,0.002857142857142857,64.32571428571428,0.27507163323782235,0.0,5.711324357582589e-18,0.08533570135919846,11.69054441260745,0.009184690983465978,0.01820169321940779,0.1555108145900796,0.08022922636103152,0,0.20439200062563473,0.30734969795553924,7.4234248638244225,0.8816173884168867,0.0,1.0,0.0,0.2,0.0,0.9999999999999998,0.2,0.08,0.14326647564469913,0.25183693819669317,0.25183693819669317
402,0.884718372824899,0.49724570261864715,0.8831680598855383,0.49726995010785335,0.26235045025828074,0.49339963283892635,0.4498567335243553,0.33994290010406714,0.3567007355928215,0.0830945558739255,0.44857142857142857,0.3394002483098634,0.35645771101322793,0.08285714285714285,0.1518624641833811,0.16857142857142857,0.002857142857142857,64.53428571428572,0.2722063037249284,0.0,5.71478577906822e-18,0.08530662079289364,11.69054441260745,0.008909150253961998,0.01766049326712238,0.1553454901523772,0.08022922636103152,0,0.20445532633679225,0.30581294946576154,7.443527795119362,0.8807491685976606,0.0,0.9830508474576272,0.0,0.2,0.0,0.9999999999999998,0.2,0.08,0.1518624641833811,0.2517818300507924,0.2517818300507924
403,0.8829498801543861,0.4965166773947373,0.881404620051227,0.49654981320938485,0.26235045025828074,0.4932650223591088,0.4326647564469914,0.33994290010406714,0.3567007355928215,0.0830945558739255,0.43142857142857144,0.3394002483098634,0.35645771101322793,0.08285714285714285,0.12607449856733524,0.1457142857142857,0.002857142857142857,64.76857142857143,0.2808022922636103,0.0,5.7181512346637694e-18,0.08527841264357794,11.69054441260745,0.008641875746343139,0.017135244278011386,0.15518512544780588,0.08022922636103152,0,0.2039757639908226,0.30428388471843276,7.440371524931258,0.8631341852257073,0.0,1.0,0.0,0.2,0.0,0.9999999999999998,0.2,0.08,0.12607449856733524,0.2517283751492686,0.2517283751492686
404,0.8846010924185538,0.49557915150277254,0.8830511145660684,0.4956220800365062,0.26235045025828074,0.4931897493983304,0.4269340974212034,0.33994290010406714,0.3567007355928215,0.0830945558739255,0.4257142857142857,0.3394002483098634,0.35645771101322793,0.08285714285714285,0.12607449856733524,0.14857142857142858,0.002857142857142857,64.97428571428571,0.2836676217765043,0.0,5.7214231516807356e-18,0.08525105073874172,11.69054441260745,0.008382619473952845,0.01662548442532863,0.1550295716843717,0.08022922636103152,0,0.20358402802801134,0.3027624652948406,7.440135523004063,0.8458715015211932,0.0,1.0,0.0,0.2,0.0,0.9999999999999998,0.2,0.08,0.12607449856733524,0.25167652389479056,0.25167652389479056
405,0.8850207016487345,0.4942894752682338,0.8834695249127344,0.4943566399869071,0.26235045025828074,0.4930395209033421,0.47277936962750716,0.33994290010406714,0.3567007355928215,0.0830945558739255,0.4714285714285714,0.3394002483098634,0.35645771101322793,0.08285714285714285,0.08022922636103152,0.09142857142857143,0.002857142857142857,65.18571428571428,0.28653295128939826,0.0,5.724603910110016e-18,0.08522450969105057,11.69054441260745,0.008131140889734259,0.016130764762490424,0.15487868453384054,0.08022922636103152,0,0.20290882217358558,0.3012486529683664,7.382761383972554,0.8289540714907693,0.0,1.0,0.0,0.2,0.0,0.9999999999999998,0.2,0.08,0.08022922636103152,0.25162622817794683,0.25162622817794683
406,0.8851962747030432,0.4943481890366214,0.8836445963297451,0.4944276532029431,0.26235045025828074,0.4928069655934335,0.45558739255014324,0.33994290010406714,0.3567007355928215,0.0830945558739255,0.4542857142857143,0.3394002483098634,0.35645771101322793,0.08285714285714285,0.09169054441260745,0.10571428571428572,0.002857142857142857,65.36,0.27793696275071633,0.0,5.727695842637165e-18,0.08519876487479017,11.69054441260745,0.007887206663042231,0.015650648893192565,0.15473232399782533,0.08022922636103152,0,0.2024078494912891,0.29974240970352456,7.340820442007386,0.8123749900609539,0.0,1.0,0.0,0.2,0.0,0.9999999999999998,0.2,0.08,0.09169054441260745,0.25157744133260845,0.25157744133260845
407,0.885346438152057,0.49436997747845896,0.8837943307403331,0.49445406485060706,0.26235045025828074,0.49266809423672,0.4355300859598854,0.33994290010406714,0.3567007355928215,0.0830945558739255,0.4342857142857143,0.3394002483098634,0.35645771101322793,0.08285714285714285,0.11461318051575932,0.13714285714285715,0.002857142857142857,65.55428571428571,0.2808022922636103,0.0,5.7307012347314304e-18,0.08517379240301758,11.69054441260745,0.007650590463150964,0.01518471264817578,0.15459035427789058,0.08022922636103152,0,0.20213667024383264,0.2982436976550069,7.331146890310096,0.7961274902597348,0.0,1.0,0.0,0.2,0.0,0.9999999999999998,0.2,0.08,0.11461318051575932,0.2515301180926302,0.2515301180926302
408,0.8850844373354534,0.49406470834523647,0.8835330784974911,0.494136969732753,0.26235045025828074,0.4924561279980224,0.4584527220630373,0.33994290010406714,0.3567007355928215,0.0830945558739255,0.45714285714285713,0.3394002483098634,0.35645771101322793,0.08285714285714285,0.14326647564469913,0.15714285714285714,0.002857142857142857,65.76285714285714,0.2808022922636103,0.0,5.733622324802691e-18,0.08514956910539817,11.69054441260745,0.0074210727492564355,0.014732543768625317,0.15445264364955386,0.08022922636103152,0,0.20254722525153349,0.2967524791667319,7.341666809646753,0.7802049404545401,0.0,1.0,0.0,0.2,0.0,0.9999999999999998,0.2,0.08,0.14326647564469913,0.25148421454985126,0.25148421454985126
409,0.8846499931245283,0.4934087819019221,0.8830998755557402,0.49348877469009444,0.26235045025828074,0.4921378576744631,0.44412607449856734,0.3397136737430356,0.35652881582204793,0.0830945558739255,0.44285714285714284,0.33917167688129196,0.3562862824417994,0.08285714285714285,0.12320916905444126,0.14857142857142858,0.002857142857142857,65.98857142857143,0.2836676217765043,0.0,5.73646130442081e-18,0.08512607250670733,11.69054441260745,0.007198440566778742,0.014293741596179688,0.15431906434006723,0.08022922636103152,0,0.20296220626456155,0.2952687167708982,7.343404902025244,0.8273638416406489,0.0,0.9615384615384616,0.0,0.2,0.0,0.9999999999999998,0.2,0.08,0.12320916905444126,0.25143968811335576,0.25143968811335576
410,0.885298534434328,0.4934443812168786,0.8837465638903687,0.49349682558414787,0.26235045025828074,0.49167868267759823,0.3982808022922636,0.3397136737430356,0.35652881582204793,0.0830945558739255,0.39714285714285713,0.33917167688129196,0.3562862824417994,0.08285714285714285,0.12320916905444126,0.13714285714285715,0.002857142857142857,66.15142857142857,0.2836676217765043,0.0,5.7392203185921506e-18,0.08510328080597725,11.69054441260745,0.0069824873497753796,0.013867916769512711,0.1541894924098652,0.08022922636103152,0,0.20246139523323872,0.29379237318704376,7.333679661127597,0.8108165648078359,0.0,1.0,0.0,0.2,0.0,0.9999999999999998,0.2,0.08,0.12320916905444126,0.25139649746995507,0.25139649746995507
411,0.8856597887836538,0.4936024410044266,0.884106786084411,0.493625871880798,0.26235045025828074,0.4912309119177848,0.3982808022922636,0.3397136737430356,0.35652881582204793,0.0830945558739255,0.39714285714285713,0.33917167688129196,0.3562862824417994,0.08285714285714285,0.11461318051575932,0.14285714285714285,0.002857142857142857,66.35428571428571,0.2836676217765043,0.0,5.7419014660883344e-18,0.08508117285626902,11.69054441260745,0.006773012729282118,0.013454690927448443,0.15406380763756927,0.08022922636103152,0,0.2020768032570725,0.2923234113211085,7.329863210762189,0.7946002335116792,0.0,1.0,0.0,0.2,0.0,0.9999999999999998,0.2,0.08,0.11461318051575932,0.2513546025458564,0.2513546025458564
412,0.8856676009063498,0.49297413190879824,0.8841145758867563,0.49298581041322825,0.26235045025828074,0.49088569132364845,0.45558739255014324,0.33959906056251987,0.3564428559366611,0.0830945558739255,0.4542857142857143,0.33905739116700623,0.3562005681560851,0.08285714285714285,0.1174785100286533,0.12571428571428572,0.002857142857142857,66.51714285714286,0.2808022922636103,0.0,5.7445067998226875e-18,0.08505972814505204,11.69054441260745,0.006569822347403655,0.013053696418557914,0.1539418934084422,0.08022922636103152,0,0.20195199066935865,0.290861794264503,7.30898023226123,0.8190765257671752,0.0,0.9772727272727273,0.0,0.2,0.0,0.9999999999999998,0.2,0.08,0.1174785100286533,0.25131396446948073,0.25131396446948073
413,0.8851583630158462,0.4939352743796798,0.8836067929616542,0.49393022398675546,0.26235045025828074,0.49052884941562364,0.4469914040114613,0.33959906056251987,0.3564428559366611,0.0830945558739255,0.44571428571428573,0.33905739116700623,0.3562005681560851,0.08285714285714285,0.12320916905444126,0.16,0.002857142857142857,66.70857142857143,0.2808022922636103,0.0,5.747038327269931e-18,0.08503892677517164,11.69054441260745,0.006372727676981545,0.01266457601718185,0.15382363660618892,0.08022922636103152,0,0.20229675062038865,0.28940748529318044,7.322800627616005,0.8026949952518316,0.0,1.0,0.0,0.2,0.0,0.9999999999999998,0.2,0.08,0.12320916905444126,0.2512745455353963,0.2512745455353963
414,0.8853257010168327,0.49357324464993924,0.8837736528540665,0.4936071810613816,0.26235045025828074,0.49032810279157946,0.4383954154727794,0.33959906056251987,0.3564428559366611,0.0830945558739255,0.43714285714285717,0.33905739116700623,0.3562005681560851,0.08285714285714285,0.12607449856733524,0.15142857142857144,0.002857142857142857,66.87428571428572,0.27793696275071633,0.0,5.749498010925093e-18,0.0850187494463876,11.69054441260745,0.006181545846672099,0.012286982645817623,0.15370892750800325,0.08022922636103152,0,0.201827981153001,0.28796044786671454,7.327773186492256,0.786641095346795,0.0,1.0,0.0,0.2,0.0,0.9999999999999998,0.2,0.08,0.12607449856733524,0.2512363091693344,0.2512363091693344
415,0.8846431865417623,0.49314846690559383,0.8830930884203534,0.49317105979833936,0.26235045025828074,0.49024959660030915,0.44412607449856734,0.33959906056251987,0.3564428559366611,0.0830945558739255,0.44285714285714284,0.33905739116700623,0.3562005681560851,0.08285714285714285,0.11461318051575932,0.13142857142857142,0.002857142857142857,67.06571428571428,0.27793696275071633,0.0,5.751887768797795e-18,0.08499917743746709,11.69054441260745,0.005996099471271936,0.011920579103801288,0.15359765968276315,0.08022922636103152,0,0.20130441267580737,0.28652064562738094,7.3126462941909836,0.770908273439859,0.0,1.0,0.0,0.2,0.0,0.9999999999999998,0.2,0.08,0.11461318051575932,0.25119921989425437,0.25119921989425437
416,0.8832380723486284,0.49360240087777574,0.8816919888391999,0.493595774894356,0.26235045025828074,0.4901926684874522,0.4670487106017192,0.33959906056251987,0.3564428559366611,0.0830945558739255,0.4657142857142857,0.33905739116700623,0.3562005681560851,0.08285714285714285,0.09169054441260745,0.10571428571428572,0.002857142857142857,67.2,0.27793696275071633,0.0,5.754209474938305e-18,0.08498019258881417,11.69054441260745,0.005816216487133778,0.011565037802213185,0.15348972989228027,0.08022922636103152,0,0.2015296691050211,0.285088042399244,7.272107654021449,0.7554901079710619,0.0,1.0,0.0,0.2,0.0,0.9999999999999998,0.2,0.08,0.09169054441260745,0.25116324329742673,0.25116324329742673
417,0.8826079846804581,0.49396010055231,0.88106370142151,0.49394001578955193,0.26235045025828074,0.49021924536824707,0.4785100286532951,0.33959906056251987,0.3564428559366611,0.0830945558739255,0.47714285714285715,0.33905739116700623,0.3562005681560851,0.08285714285714285,0.0830945558739255,0.11142857142857143,0.002857142857142857,67.38285714285715,0.2808022922636103,0.0,5.756464959991983e-18,0.08496177728562085,11.69054441260745,0.005641729992519764,0.011220040504929751,0.15338503799551184,0.08022922636103152,0,0.2010070214737817,0.2836626021872478,7.238094072369591,0.7403803058116406,0.0,1.0,0.0,0.2,0.0,0.9999999999999998,0.2,0.08,0.0830945558739255,0.251128345998504,0.251128345998504
418,0.8839623978871217,0.49422409406744433,0.8824142448761547,0.49419370602444057,0.26235045025828074,0.49016075714746327,0.4498567335243553,0.33959906056251987,0.3564428559366611,0.0830945558739255,0.44857142857142857,0.33905739116700623,0.3562005681560851,0.08285714285714285,0.12034383954154727,0.14857142857142858,0.002857142857142857,67.56857142857143,0.27793696275071633,0.0,5.7586560117789775e-18,0.08494391444152337,11.69054441260745,0.005472478092744171,0.010885278075740024,0.1532834868556465,0.08022922636103152,0,0.20077170279498419,0.2822442891763116,7.241903619493629,0.7255726996954078,0.0,1.0,0.0,0.2,0.0,0.9999999999999998,0.2,0.08,0.12034383954154727,0.25109449561854885,0.25109449561854885
419,0.8841511959429974,0.4928213261897085,0.8826025035090135,0.49273499038857804,0.26235045025828074,0.4901474714583677,0.498567335243553,0.33959906056251987,0.3564428559366611,0.0830945558739255,0.49714285714285716,0.33905739116700623,0.3562005681560851,0.08285714285714285,0.12893982808022922,0.14857142857142858,0.002857142857142857,67.75142857142858,0.2808022922636103,0.0,5.760784375896227e-18,0.08492658748274876,11.69054441260745,0.0053083037499618456,0.01056045023144403,0.1531849822499771,0.08022922636103152,0,0.20045213356315214,0.28083306773043004,7.245636975675184,0.7110612457014996,0.0,1.0,0.0,0.2,0.0,0.9999999999999998,0.2,0.08,0.12893982808022922,0.25106166074999237,0.25106166074999237
420,0.883420670595326,0.4931874019671722,0.8818740653766213,0.4930652659632221,0.26235045025828074,0.4900959279490519,0.4269340974212034,0.33959906056251987,0.3564428559366611,0.0830945558739255,0.4257142857142857,0.33905739116700623,0.3562005681560851,0.08285714285714285,0.12320916905444126,0.15428571428571428,0.002857142857142857,67.94285714285714,0.2836676217765043,0.0,5.76285175633897e-18,0.08490978033273744,11.69054441260745,0.00514905463746299,0.01024526530084413,0.15308943278247777,0.08022922636103152,0,0.20004944432390784,0.27942890239177787,7.255009950447394,0.6968400207874696,0.0,1.0,0.0,0.2,0.0,0.9999999999999998,0.2,0.08,0.12320916905444126,0.2510298109274926,0.2510298109274926
421,0.8850420224396098,0.49299416490508646,0.8834907847870646,0.49282823787655927,0.26235045025828074,0.490055273507951,0.4383954154727794,0.33959906056251987,0.3564428559366611,0.0830945558739255,0.43714285714285717,0.33905739116700623,0.3562005681560851,0.08285714285714285,0.11174785100286533,0.12285714285714286,0.002857142857142857,68.13142857142857,0.2836676217765043,0.0,5.76485981613925e-18,0.08489347739722641,11.69054441260745,0.0049945829983391,0.009939439989540277,0.15299674979900346,0.08022922636103152,0,0.19953462567371685,0.278031757879819,7.232766894295589,0.6829032203717202,0.0,1.0,0.0,0.2,0.0,0.9999999999999998,0.2,0.08,0.11174785100286533,0.25099891659966783,0.25099891659966783
422,0.8855755563316873,0.4928021570745967,0.8840227942965928,0.49270680265096967,0.26235045025828074,0.489886536898519,0.4670487106017192,0.3394844473820042,0.3563568960512743,0.0830945558739255,0.4657142857142857,0.3389431054527205,0.35611485387037084,0.08285714285714285,0.11461318051575932,0.12857142857142856,0.002857142857142857,68.30857142857143,0.2808022922636103,0.0,5.7668101780189785e-18,0.08487766354978075,11.69054441260745,0.004844745508388927,0.00964269915043725,0.15290684730503334,0.08022922636103152,0,0.19953609611677686,0.2766415990904199,7.216682984981108,0.6901462967885726,0.0,0.9777777777777777,0.0,0.2,0.0,0.9999999999999998,0.2,0.08,0.11461318051575932,0.2509689491016778,0.2509689491016778
423,0.8857931424775561,0.4928505757899675,0.8842397587677595,0.4927582349255501,0.26235045025828074,0.4897559020865187,0.45558739255014324,0.33936983420148836,0.35627093616588745,0.0830945558739255,0.4542857142857143,0.3388288197384348,0.35602913958465654,0.08285714285714285,0.12034383954154727,0.1457142857142857,0.002857142857142857,68.48,0.2836676217765043,0.0,5.768704425055322e-18,0.08486232411775842,11.69054441260745,0.0046994031431372586,0.009354775559869521,0.15281964188588235,0.08022922636103152,0,0.19956627349333578,0.2752583910949678,7.2180636109957685,0.7330227695051522,0.0,0.9803921568627451,0.0,0.2,0.0,0.9999999999999998,0.2,0.08,0.12034383954154727,0.25093988062862743,0.25093988062862743
424,0.8858646358009832,0.4931725387471406,0.8843110478245482,0.4931072453497369,0.26235045025828074,0.4896429092463508,0.4813753581661891,0.3392552210209726,0.3561849762805006,0.0830945558739255,0.48,0.3387145340241491,0.35594342529894224,0.08285714285714285,0.12607449856733524,0.15428571428571428,0.002857142857142857,68.66285714285715,0.2836676217765043,0.0,5.770544101356367e-18,0.08484744486869678,11.69054441260745,0.0045584210488431405,0.00907540969924825,0.15273505262930587,0.08022922636103152,0,0.1995964428401548,0.27388209913949296,7.227988053061568,0.739337320226274,0.0,0.9814814814814815,0.0,0.2,0.0,0.9999999999999998,0.2,0.08,0.12607449856733524,0.2509116842097686,0.2509116842097686
425,0.8857091222783243,0.4932376412563565,0.8841559786262395,0.49319448335870936,0.26235045025828074,0.4896065761518846,0.45558739255014324,0.3392552210209726,0.3561849762805006,0.0830945558739255,0.4542857142857143,0.3387145340241491,0.35594342529894224,0.08285714285714285,0.12034383954154727,0.13428571428571429,0.002857142857142857,68.82571428571428,0.2836676217765043,0.0,5.7723307127450905e-18,0.08483301199710702,11.69054441260745,0.004421668417377846,0.008804349542133605,0.1526530010504267,0.08022922636103152,0,0.1990840320545255,0.2725126886437955,7.217714006286051,0.7245505738217485,0.0,1.0,0.0,0.2,0.0,0.9999999999999998,0.2,0.08,0.12034383954154727,0.25088433368347557,0.25088433368347557
426,0.8856005521339742,0.49307241772119226,0.8840477186823019,0.49296440582031825,0.26235045025828074,0.48949497317225754,0.4355300859598854,0.33914060784045685,0.3560990163951138,0.0830945558739255,0.4342857142857143,0.33860024830986335,0.35585771101322794,0.08285714285714285,0.12034383954154727,0.14,0.002857142857142857,69.03142857142858,0.2836676217765043,0.0,5.774065727449905e-18,0.08481901211166488,11.69054441260745,0.004289018364856511,0.008541350346634835,0.1525734110189139,0.08022922636103152,0,0.19905975475139567,0.2711501252005765,7.213359726160329,0.7207294961804749,0.0,0.9795918367346939,0.0,0.2,0.0,0.9999999999999998,0.2,0.08,0.12034383954154727,0.2508578036729713,0.2508578036729713
427,0.8853395112852663,0.4935781897731706,0.8837874236645903,0.493445451166498,0.26235045025828074,0.4894460377181694,0.44412607449856734,0.33914060784045685,0.3560990163951138,0.0830945558739255,0.44285714285714284,0.33860024830986335,0.35585771101322794,0.08285714285714285,0.10315186246418338,0.13142857142857142,0.002857142857142857,69.20285714285714,0.27793696275071633,0.0,5.775750576800053e-18,0.08480543222278604,11.69054441260745,0.0041603478139108155,0.008286174453038697,0.15249620868834649,0.08022922636103152,0,0.1985215988347816,0.2697943745745736,7.200521103065694,0.7063149062568653,0.0,1.0,0.0,0.2,0.0,0.9999999999999998,0.2,0.08,0.10315186246418338,0.25083206956278215,0.25083206956278215
428,0.8842281673786005,0.49295832830491265,0.8826792550262293,0.49280823855376404,0.26235045025828074,0.48956857607840093,0.4584527220630373,0.33914060784045685,0.3560990163951138,0.0830945558739255,0.45714285714285713,0.33860024830986335,0.35585771101322794,0.08285714285714285,0.10315186246418338,0.12571428571428572,0.002857142857142857,69.36571428571429,0.2836676217765043,0.0,5.777386655924374e-18,0.08479225973057358,11.69054441260745,0.004035537379493491,0.008038591086568347,0.1524213224276961,0.08022922636103152,0,0.1986699233920463,0.26844540270170075,7.182224966718666,0.692188608131728,0.0,1.0,0.0,0.2,0.0,0.9999999999999998,0.2,0.08,0.10315186246418338,0.2508071074758987,0.2508071074758987
429,0.8843535646229909,0.4933065823914743,0.8828042939927786,0.4931422984499697,0.26235045025828074,0.4895807521203595,0.47564469914040114,0.3390259946599411,0.356013056509727,0.0830945558739255,0.4742857142857143,0.3384859625955776,0.35577199672751364,0.08285714285714285,0.1346704871060172,0.15428571428571428,0.002857142857142857,69.54,0.2808022922636103,0.0,5.7789753244520004e-18,0.0847794824131275,11.69054441260745,0.003914471258108686,0.007798376165171983,0.1523486827548652,0.08022922636103152,0,0.19876157377508605,0.26710317568819225,7.1928661816700075,0.7133537802458639,0.0,0.9814814814814815,0.0,0.2,0.0,0.9999999999999998,0.2,0.08,0.1346704871060172,0.25078289425162176,0.25078289425162176
430,0.8832477100288098,0.49257725945753,0.8817015989831524,0.4924480425115184,0.26235045025828074,0.4893919364232302,0.44126074498567336,0.3390259946599411,0.356013056509727,0.0830945558739255,0.44,0.3384859625955776,0.35577199672751364,0.08285714285714285,0.1346704871060172,0.1457142857142857,0.002857142857142857,69.68857142857142,0.27507163323782235,0.0,5.78051790721368e-18,0.08476708841520478,11.69054441260745,0.0037970371203654256,0.007565312112242317,0.15227822227221924,0.08022922636103152,0,0.19828190876335353,0.2657676598097513,7.194723143750893,0.6990867046409466,0.0,1.0,0.0,0.2,0.0,0.9999999999999998,0.2,0.08,0.1346704871060172,0.2507594074240731,0.2507594074240731
431,0.8828867423328649,0.492727717611941,0.8813416626234815,0.49262060601291,0.26235045025828074,0.48942379619778464,0.42120343839541546,0.3389113814794253,0.35592709662434013,0.0830945558739255,0.42,0.33837167688129194,0.3556862824417994,0.08285714285714285,0.12607449856733524,0.13714285714285715,0.002857142857142857,69.85428571428571,0.27507163323782235,0.0,5.782015694942526e-18,0.08475506623721975,11.69054441260745,0.0036831260067544625,0.007339187674166858,0.15220987560405266,0.08022922636103152,0,0.198232928505251,0.27950773897720826,7.187971538018731,0.7051947475786267,0.0,0.9791666666666666,0.0,0.2,0.0,0.9999999999999998,0.2,0.08,0.12607449856733524,0.25073662520135087,0.25073662520135087
432,0.8829452282262331,0.49309203083061354,0.8813999814142971,0.4930243629477863,0.26235045025828074,0.48961918721595465,0.4670487106017192,0.3386821551183938,0.3557551768535665,0.0830945558739255,0.4657142857142857,0.33814310545272047,0.3555148538703708,0.08285714285714285,0.12893982808022922,0.15142857142857144,0.002857142857142857,69.99714285714286,0.27793696275071633,0.0,5.783469944973095e-18,0.08474340472457431,11.69054441260745,0.0035726322265518286,0.007119797742611067,0.1521435793359311,0.08022922636103152,0,0.19875505100558188,0.2849573518316203,7.195640678686928,0.8197631610485976,0.0,0.9622641509433962,0.0,0.2,0.0,0.9999999999999998,0.2,0.08,0.12893982808022922,0.2507145264453104,0.2507145264453104
433,0.883975368424499,0.49333002916912283,0.8824271783548537,0.49326904598245,0.26235045025828074,0.4898957419843433,0.4785100286532951,0.338567541937878,0.3556692169681797,0.0830945558739255,0.47714285714285715,0.3380288197384348,0.3554291395846565,0.08285714285714285,0.1318051575931232,0.15142857142857144,0.002857142857142857,70.15714285714286,0.27793696275071633,0.0,5.784881881937781e-18,0.08473209305730817,11.69054441260745,0.0034654532597552736,0.006906943181432812,0.15207927195585316,0.08022922636103152,0,0.1987892764648397,0.2955108234106645,7.203156436541761,0.8277619155882946,0.0,0.9811320754716981,0.0,0.2,0.0,0.9999999999999998,0.2,0.08,0.1318051575931232,0.25069309065195106,0.25069309065195106
434,0.8846211595095651,0.4942978377092165,0.8830711243225341,0.4942077749571162,0.26235045025828074,0.4901442429409719,0.5157593123209169,0.338567541937878,0.3556692169681797,0.0830945558739255,0.5142857142857142,0.3380288197384348,0.3554291395846565,0.08285714285714285,0.13753581661891118,0.14857142857142858,0.002857142857142857,70.33714285714285,0.27793696275071633,0.0,5.786252698459569e-18,0.08472112074006001,11.69054441260745,0.0033614896619626154,0.006700430658132306,0.15201689379717756,0.08022922636103152,0,0.19913185996277194,0.2940332692936112,7.207664736382355,0.8112066772765286,0.0,1.0,0.0,0.2,0.0,0.9999999999999998,0.2,0.08,0.13753581661891118,0.25067229793239254,0.25067229793239254
435,0.8842895154833775,0.49467181435072166,0.8827404278507068,0.4945524415379237,0.26235045025828074,0.49046895488689685,0.46418338108882523,0.33833831557684657,0.355497297197406,0.0830945558739255,0.46285714285714286,0.3378002483098634,0.35525771101322795,0.08285714285714285,0.1318051575931232,0.1657142857142857,0.002857142857142857,70.49142857142857,0.27507163323782235,0.0,5.7875835558403584e-18,0.08471047759232934,11.69054441260745,0.003260644972103737,0.006500072479738717,0.15195638698326225,0.08022922636103152,0,0.1996497728058152,0.2925631029471431,7.229225727368991,0.838561408072126,0.0,0.9655172413793104,0.0,0.2,0.0,0.9999999999999998,0.2,0.08,0.1318051575931232,0.25065212899442074,0.25065212899442074
436,0.8841661666750102,0.49527064470937215,0.8826174314675064,0.49516139962211647,0.26235045025828074,0.49079944881980814,0.5157593123209169,0.33833831557684657,0.355497297197406,0.0830945558739255,0.5142857142857142,0.3378002483098634,0.35525771101322795,0.08285714285714285,0.12607449856733524,0.15714285714285714,0.002857142857142857,70.65714285714286,0.27507163323782235,0.0,5.78887558474405e-18,0.08470015373903059,11.69054441260745,0.0031628256229406246,0.006305686433034863,0.15189769537376438,0.08022922636103152,0,0.19925123822750046,0.2911002874324074,7.24178406996447,0.8217901799106834,0.0,1.0,0.0,0.2,0.0,0.9999999999999998,0.2,0.08,0.12607449856733524,0.25063256512458815,0.25063256512458815
437,0.8856930452626091,0.4942984436226255,0.8841399475448551,0.49415213699188487,0.26235045025828074,0.49120570917776446,0.4785100286532951,0.3382237023963307,0.35541133731201924,0.0830945558739255,0.47714285714285715,0.33768596259557765,0.35517199672751365,0.08285714285714285,0.1489971346704871,0.1657142857142857,0.002857142857142857,70.82857142857142,0.27507163323782235,0.0,5.7901298858736876e-18,0.08469013960133077,11.69054441260745,0.0030679408542524057,0.0061170956290268474,0.15184076451255143,0.08022922636103152,0,0.19993096197635543,0.29420044721215616,7.262662674279466,0.8053543763124696,0.0,0.9827586206896551,0.0,0.2,0.0,0.9999999999999998,0.2,0.08,0.1489971346704871,0.2506135881708505,0.2506135881708505
438,0.8855164880029256,0.4948934903308452,0.8839638947344849,0.49470350439576044,0.26235045025828074,0.4916841677441395,0.4469914040114613,0.3382237023963307,0.35541133731201924,0.0830945558739255,0.44571428571428573,0.33768596259557765,0.35517199672751365,0.08285714285714285,0.12893982808022922,0.15714285714285714,0.002857142857142857,71.05428571428571,0.27507163323782235,0.0,5.79134753064206e-18,0.08468042588776199,11.69054441260745,0.0029759026286248335,0.005934128351560153,0.1517855415771749,0.08022922636103152,0,0.19947416430933085,0.2927294449760954,7.274552277936734,0.7892472887862203,0.0,1.0,0.0,0.2,0.0,0.9999999999999998,0.2,0.08,0.12893982808022922,0.250595180525725,0.250595180525725
439,0.8858635086685835,0.49516085412397287,0.8843099239125266,0.4949674112189444,0.26235045025828074,0.4921213446682512,0.4469914040114613,0.33799447603529925,0.35523941754124555,0.0830945558739255,0.44571428571428573,0.33745739116700624,0.35500056815608505,0.08285714285714285,0.1318051575931232,0.16,0.002857142857142857,71.22571428571429,0.27507163323782235,0.0,5.792529561835175e-18,0.08467100358560022,11.69054441260745,0.0028866255497660884,0.005756617909990158,0.15173197532985966,0.08022922636103152,0,0.20001865205921274,0.2991750696662526,7.289061232377999,0.8261639772822451,0.0,0.9642857142857143,0.0,0.2,0.0,0.9999999999999998,0.2,0.08,0.1318051575931232,0.25057732510995323,0.25057732510995323
440,0.8865501180298605,0.49481795491747044,0.8849945715327715,0.4945984973587049,0.26235045025828074,0.49276726348101796,0.5157593123209169,0.33776524967426774,0.3550674977704719,0.0830945558739255,0.5142857142857142,0.33722881973843477,0.3548291395846565,0.08285714285714285,0.11461318051575932,0.13142857142857142,0.002857142857142857,71.43142857142857,0.27507163323782235,0.0,5.7936769942680765e-18,0.08466186395250332,11.69054441260745,0.002800026783273106,0.0055844024958126015,0.15168001606996387,0.08022922636103152,0,0.20041813022748808,0.29767919431792134,7.27470857915901,0.904668604074829,0.0,0.9565217391304348,0.0,0.2,0.0,0.9999999999999998,0.2,0.08,0.11461318051575932,0.2505600053566546,0.2505600053566546
441,0.886622148980925,0.49491663547648806,0.8850663966811186,0.4946909471581376,0.26235045025828074,0.4934011295224633,0.4584527220630373,0.337650636493752,0.35498153788508513,0.0830945558739255,0.45714285714285713,0.33711453402414904,0.35474342529894226,0.08285714285714285,0.12034383954154727,0.13714285714285715,0.002857142857142857,71.66,0.2693409742120344,0.0,5.794790815432593e-18,0.08465299850839936,11.69054441260745,0.0027160259797749126,0.00541732504316228,0.15162961558786495,0.08022922636103152,0,0.20044403957635065,0.2961907983463317,7.266357264718686,0.8999132399766477,0.0,0.9791666666666666,0.0,0.2,0.0,0.9999999999999998,0.2,0.08,0.12034383954154727,0.25054320519595497,0.25054320519595497
442,0.8855551073660305,0.4938967540791994,0.8840024037565523,0.4936431687990354,0.26235045025828074,0.49380754049436615,0.47564469914040114,0.33753602331323623,0.3548955779996983,0.0830945558739255,0.4742857142857143,0.33700024830986336,0.35465771101322796,0.08285714285714285,0.1318051575931232,0.1457142857142857,0.002857142857142857,71.81142857142858,0.2664756446991404,0.0,5.795871986136561e-18,0.08464439902761847,11.69054441260745,0.002634545200381665,0.005255233093089617,0.151580727120229,0.08022922636103152,0,0.2004412486641832,0.29470984435460007,7.266744405138598,0.9442436295575424,0.0,0.9803921568627451,0.0,0.2,0.0,0.9999999999999998,0.2,0.08,0.1318051575931232,0.25052690904007635,0.25052690904007635
443,0.8855955783454141,0.494702748096611,0.8840427591045662,0.49442703286794376,0.26235045025828074,0.4941478722770685,0.4469914040114613,0.33753602331323623,0.3548955779996983,0.0830945558739255,0.44571428571428573,0.33700024830986336,0.35465771101322796,0.08285714285714285,0.1346704871060172,0.15428571428571428,0.002857142857142857,72.01142857142857,0.2664756446991404,0.0,5.796921441134206e-18,0.08463605753126104,11.69054441260745,0.002555508844370215,0.005097978661524283,0.15153330530662212,0.08022922636103152,0,0.20006690027800517,0.29323629513282706,7.275695231321541,0.9253587569663915,0.0,1.0,0.0,0.2,0.0,0.9999999999999998,0.2,0.08,0.1346704871060172,0.25051110176887403,0.25051110176887403
444,0.8866115035037777,0.4949641482171194,0.8850557816196205,0.49466901978428757,0.26235045025828074,0.4944473409956601,0.46418338108882523,0.3374214101327204,0.35480961811431144,0.0830945558739255,0.46285714285714286,0.3368859625955776,0.3545719967275137,0.08285714285714285,0.12607449856733524,0.14857142857142858,0.002857142857142857,72.20571428571428,0.2693409742120344,0.0,5.797940089747343e-18,0.08462796627979431,11.69054441260745,0.0024788435790391084,0.004945418110839261,0.15148730614742345,0.08022922636103152,0,0.2000662800623294,0.29177011365716293,7.278752755266539,0.9329945129803588,0.0,0.9807692307692307,0.0,0.2,0.0,0.9999999999999998,0.2,0.08,0.12607449856733524,0.2504957687158078,0.2504957687158078
445,0.8874183814781864,0.4942790035205113,0.8858603542283877,0.4939883156228196,0.26235045025828074,0.494845710872268,0.4383954154727794,0.3374214101327204,0.35480961811431144,0.0830945558739255,0.43714285714285717,0.3368859625955776,0.3545719967275137,0.08285714285714285,0.13753581661891118,0.1657142857142857,0.002857142857142857,72.41428571428571,0.2693409742120344,0.0,5.798928816477132e-18,0.08462011776587162,11.69054441260745,0.002404478271667935,0.004797412024927561,0.15144268696300076,0.08022922636103152,0,0.1996942343763035,0.2903112630888771,7.298891985875493,0.9143346227207517,0.0,1.0,0.0,0.2,0.0,0.9999999999999998,0.2,0.08,0.13753581661891118,0.25048089565433357,0.25048089565433357
446,0.8871589233941913,0.4943724186597164,0.8856016374532042,0.49408821464132563,0.26235045025828074,0.4951950970343801,0.47277936962750716,0.3374214101327204,0.35480961811431144,0.0830945558739255,0.4714285714285714,0.3368859625955776,0.3545719967275137,0.08285714285714285,0.12034383954154727,0.13714285714285715,0.002857142857142857,72.61142857142858,0.2693409742120344,0.0,5.799888481606162e-18,0.08461250470736657,11.69054441260745,0.002332343923517897,0.004653825087704844,0.15139940635411073,0.08022922636103152,0,0.19918147749013623,0.2888597067734327,7.2900570033008405,0.8960479302663367,0.0,1.0,0.0,0.2,0.0,0.9999999999999998,0.2,0.08,0.12034383954154727,0.2504664687847036,0.2504664687847036
447,0.8879086793191806,0.4942673271530493,0.8863492512184077,0.4939234667064016,0.26235045025828074,0.49560194808240293,0.4269340974212034,0.3374214101327204,0.35480961811431144,0.0830945558739255,0.4257142857142857,0.3368859625955776,0.3545719967275137,0.08285714285714285,0.10028653295128939,0.11714285714285715,0.002857142857142857,72.84,0.2664756446991404,0.0,5.800819921790634e-18,0.0846051200406167,11.69054441260745,0.0022623736058123597,0.00451452596495705,0.1513574241634874,0.08022922636103152,0,0.19864242724554268,0.2874154082395655,7.261398720377679,0.8781269716610098,0.0,1.0,0.0,0.2,0.0,0.9999999999999998,0.2,0.08,0.10028653295128939,0.2504524747211625,0.2504524747211625
448,0.8878014573937297,0.49378674295697517,0.886242335641315,0.4934357208978739,0.26235045025828074,0.49601942006297994,0.45558739255014324,0.3374214101327204,0.35480961811431144,0.0830945558739255,0.4542857142857143,0.3368859625955776,0.3545719967275137,0.08285714285714285,0.12320916905444126,0.13428571428571429,0.002857142857142857,73.02571428571429,0.2693409742120344,0.0,5.8017239506425266e-18,0.0845979569138693,11.69054441260745,0.002194502397637989,0.0043793871894469705,0.15131670143858278,0.08022922636103152,0,0.1982200722521721,0.2859783311983677,7.250456460255842,0.8605644322277897,0.0,1.0,0.0,0.2,0.0,0.9999999999999998,0.2,0.08,0.12320916905444126,0.2504389004795276,0.2504389004795276
449,0.8872749909299131,0.4938774796574768,0.8857173733673954,0.4935466060912572,0.26235045025828074,0.4963840667120356,0.4670487106017192,0.3374214101327204,0.35480961811431144,0.0830945558739255,0.4657142857142857,0.3368859625955776,0.3545719967275137,0.08285714285714285,0.12607449856733524,0.14,0.002857142857142857,73.22285714285714,0.2693409742120344,0.0,5.802601359301556e-18,0.08459100868092433,11.69054441260745,0.002128667325708849,0.004248285049200606,0.1512772003954253,0.08022922636103152,0,0.19791311831591124,0.28454843954237585,7.245447331050723,0.8433531435832339,0.0,1.0,0.0,0.2,0.0,0.9999999999999998,0.2,0.08,0.12607449856733524,0.25042573346514174,0.25042573346514174
