agent_id,punish_issued,punished_received,final_r,final_b,final_x,y,L,cap,service,is_enforcer,cadre_fallback,exited,exit_time,exit_intent,disengaged,exit_cost_eff_last,degree,degree_at_end,betweenness
0,0,36,0.35821930405207086,0.613287481173586,0.4177863990830309,0.5759784315925485,0.22825611945373916,0.0,0.0,False,False,True,49,25,False,3.31,5,5,
1,0,1,0.26188752450533664,0.09891186101424838,1.0,0.5523108976808413,0.5305106498107224,0.0,0.0,False,False,False,-1,0,False,0.0,1,1,
2,1,14,0.3258432663732757,0.2368005204308521,0.9967583445895948,0.4915734664911771,0.3740379646714272,0.0830261284548433,0.0921885388650119,False,False,False,-1,0,False,0.0,12,12,
3,0,52,0.1702092590963369,0.3742681779438406,0.9428291662158641,0.39868966708663456,0.2253764093954732,0.0,0.0,False,False,True,106,45,False,1.63,1,1,
4,0,121,0.24023724162009286,0.15035421268293991,1.0,0.6931658938008242,0.6177588798318037,0.0,0.0,False,False,True,98,76,False,2.6799999999999997,4,4,
5,0,3,0.07190734747164897,0.43975345573622515,1.0,0.4239127396039144,0.33228029872523035,0.0,0.0,False,False,False,-1,0,False,0.0,23,23,
6,0,370,0.40906573983495076,0.5962348674222574,0.7489307051162611,0.452292454658543,0.37307234714092363,0.0,0.0,False,False,True,154,131,False,1.81,3,3,
7,0,608,0.25575885187585967,0.09280131250513896,0.37699794814047854,0.4873373850903882,0.05536130233524605,0.0,0.0,False,False,True,277,250,False,2.8,6,6,
8,1,23,0.6031359282634657,0.45311713532099984,0.748295577546683,0.4292961243489829,0.2752563591409979,0.022105895054524767,0.00044500092582595494,False,False,True,88,19,False,2.62,4,4,
9,0,29,0.4193398971460307,0.15149746608425305,1.0,0.3173502835057028,0.11944804623186273,0.0,0.0,False,False,True,122,12,False,1.96,3,3,
10,0,46,0.2880600605280523,0.2507833567315205,0.7970408184614252,0.24762432899430004,0.14609805303248657,0.0,0.0,False,False,True,124,67,False,2.2,3,3,
11,1,161,0.46914788633168447,0.7114277856458311,0.9833063523526888,0.43387833105319334,0.18265854031098483,0.01644636285809582,0.00013511369793920008,False,False,True,163,132,False,1.72,1,1,
12,0,53,0.02577411343552068,0.29921181541013536,0.6037506338788757,0.5199583205068622,0.6167285512438198,0.0,0.0,False,False,True,107,48,False,2.3499999999999996,4,4,
13,0,33,0.47937968483213433,0.3045021301605469,0.3617501027207295,0.5923863182298386,0.5149443622160693,0.0,0.0,False,False,True,48,25,False,2.1399999999999997,3,3,
14,0,45,0.5705236765708545,0.4975724077865618,0.4838423613521805,0.553751694805588,0.2594710693451447,0.0,0.0,False,False,True,64,34,False,2.29,1,1,
15,0,50,0.1413460745584546,0.2699098524186897,0.47056982651005713,0.14461545379289772,0.21033050569092782,0.0,0.0,False,False,True,60,35,False,2.2,2,2,
16,1,25,0.3885456274141346,0.08881312944045552,1.0,0.48161273648923125,0.03515596275490591,0.030467087244146235,0.0016214070992173113,False,False,False,-1,0,False,0.0,17,17,
17,3,2,0.7093502773922861,0.42978180807020017,1.0,0.509061720046674,0.4172727367200222,0.17277595312941754,0.11972195678611877,False,False,False,-1,0,False,0.0,8,8,
18,1,53,0.5859077052955931,0.5389244009198463,0.9552250575472325,0.0889312907079375,0.18013258344559707,0.028119023074461003,0.0011735707625659807,False,False,True,140,31,False,1.78,3,3,
19,1,3,0.5094698579964516,0.20754441209958263,1.0,0.4469459162203531,0.11547182728744917,0.08386265847311261,0.0959897322626113,False,False,False,-1,0,False,0.0,7,7,
20,389,77,1.0,1.0,0.8915233603212118,0.5090096729789332,0.551747247223176,0.8834707129415926,2.0387534735387964,False,False,True,361,81,False,1.5699999999999998,2,2,
21,1,4,0.27031587432321347,0.6586977271156222,1.0,0.49569012387356204,0.18579283102017904,0.026082333237356557,0.0008667631049992387,False,False,False,-1,0,False,0.0,12,12,
22,0,49,0.31233615199371295,0.08779580964805181,0.9685440375038771,0.7054969917427816,0.15034783961685283,0.0,0.0,False,False,True,126,73,False,1.45,1,1,
23,1,214,0.3367163637728412,0.19235676965480725,0.9523878005287927,0.5530290588683364,0.0667971274884348,0.019600269452867882,0.00027402281985195793,False,False,True,272,179,False,1.42,1,1,
24,1,30,0.3572210619760436,0.7441768637955141,1.0,0.43332674591965903,0.27130113323070176,0.01989723822046307,0.00029114444220940886,False,False,True,140,29,False,1.6,2,2,
25,1,0,0.34209175859584356,0.38378313420745014,1.0,0.4978620067472229,0.023983163582148914,0.03187301957669187,0.0019447213808103825,False,False,False,-1,0,False,0.0,9,9,
26,0,188,0.4779304843585542,0.25347755097208047,0.8597048893952631,0.4509928189489847,0.17982402520103646,0.0,0.0,False,False,True,186,142,False,1.66,2,2,
27,0,22,0.3380487305573751,0.14274474675253748,0.9522169377667655,0.6215419491429081,0.17916966082256983,0.0,0.0,False,False,True,81,19,False,1.51,2,2,
28,0,28,0.15472824839553215,0.3717117985417826,0.6617902197971912,0.19874916469401335,0.07885829395618991,0.0,0.0,False,False,True,53,23,False,1.75,2,2,
29,3,0,0.5215799878082934,0.23819136427930354,1.0,0.4541690852805719,0.09956158643123034,0.09750813914285195,0.00689058220008857,False,False,False,-1,0,False,0.0,7,7,
30,5,2,0.24729531562937648,0.216679299171126,0.96684285576782,0.4542890639946121,0.4788814272516713,0.09918530539978283,0.002062766767098479,False,False,False,-1,0,False,0.0,9,9,
31,0,19,0.12666210266860883,0.40547775023056765,0.9882712932390219,0.36584353875716713,0.576433622553003,0.0,0.0,False,False,True,77,14,False,1.5699999999999998,1,1,
32,4,1,0.5556844430368656,0.5732345681296576,0.9415271203361971,0.41790824159111467,0.15732399728678317,0.17117341615929665,0.04710975246172984,False,False,False,-1,0,False,0.0,10,10,
33,0,37,0.1744560874953153,0.14804503527394727,0.9853164525269341,0.8081664258233385,0.0953747467827732,0.0,0.0,False,False,True,155,39,False,1.48,1,1,
34,0,122,0.33686757419966484,0.5292280202140784,0.9783445390363725,0.46171394232189433,0.3013361130632501,0.0,0.0,False,False,True,269,103,False,1.45,0,0,
35,0,26,0.2852354097920221,0.2393547204661459,0.9020841960263383,0.18934214981054084,0.3671672311994438,0.0,0.0,False,False,True,132,24,False,1.42,1,1,
36,0,42,0.22319896840418957,0.5067117750249274,0.4059721412126504,0.3486680087235114,0.3415595679491949,0.0,0.0,False,False,True,126,41,False,1.6,2,2,
37,0,45,0.4275526927583262,0.17236677459907154,1.0,0.6210699275964727,0.03884369761011902,0.0,0.0,False,False,True,141,44,False,1.45,0,0,
38,0,113,0.21389673237396137,0.31650467499771406,0.3731376292676637,0.11695643241333595,0.3998316328374234,0.0,0.0,False,False,True,96,62,False,1.48,2,2,
39,1,0,0.32483156118290385,0.06817631222046029,0.9995970667306784,0.5352402403264027,0.5759890032783644,0.0403402341260354,0.005026108174106716,False,False,False,-1,0,False,0.0,8,8,
40,3,2,0.33655991380919276,0.15093794913688174,1.0,0.4166472994879083,0.12459140281730337,0.09020065048783159,0.012615377000331668,False,False,False,-1,0,False,0.0,11,11,
41,1,30,0.4037881429332246,0.5264272693848043,0.841313590608081,0.5527803780505283,0.24069198867887667,0.01694850451710154,0.00015252566467571568,False,False,True,101,29,False,1.48,2,2,
42,35,59,1.0,1.0,0.18501857377019781,0.581321065281979,0.716568098518862,0.2535941687071785,0.006587772791260785,False,False,True,110,79,False,1.48,1,1,
43,215,0,1.0,1.0,1.0,0.4363850816704453,0.6065939171302139,0.4558676935072535,0.22121280558890136,True,False,False,-1,0,False,0.0,1,1,
44,1,18,0.28441515355591357,0.3014622953229023,1.0,0.51356737078365,0.4584132653202644,0.07001636055238562,0.0463834988022456,False,False,False,-1,0,False,0.0,11,11,
45,0,62,0.20430721795353565,0.35467422399779736,0.932500482574218,0.8906038994305546,0.14802691355482253,0.0,0.0,False,False,True,111,47,False,1.51,1,1,
46,2,1,0.47076504842963973,0.2531788811282293,0.9402809197397117,0.5478700453988131,0.3539429380220167,0.06528729289799964,0.004613168135923219,False,False,False,-1,0,False,0.0,3,3,
47,0,15,0.09681768351512376,0.22139615929394868,0.5892678497107656,0.8902762478381662,0.10072144117546253,0.0,0.0,False,False,True,44,15,False,1.3900000000000001,0,0,
48,5,0,0.4451445793801192,0.14983345032069106,1.0,0.4917352308180847,0.14967907842078323,0.16657991238698236,0.029420660418078944,False,False,False,-1,0,False,0.0,5,5,
49,0,20,0.18954017680911464,0.17286602773038226,0.9314758048138977,0.4246007267007281,0.28814394540570776,0.0,0.0,False,False,True,57,20,False,1.45,1,1,
50,0,29,0.10229164881610547,0.3380767765260345,0.5019809524197136,0.19778398283288934,0.45384874935795433,0.0,0.0,False,False,True,79,31,False,1.33,1,1,
51,0,61,0.1494998579511278,0.2876994791226811,0.7402597306805547,0.4302798710921559,0.20402703477234693,0.0,0.0,False,False,True,128,80,False,1.45,1,1,
52,393,1,1.0,1.0,1.0,0.5069282364163403,0.5809859565896806,0.8360765553233238,1.4007829939992642,True,False,False,-1,0,False,0.0,0,0,
53,0,1,0.28985086337900084,0.21543798698594388,0.9816149515656218,0.4899733824379004,0.33731140132097803,0.0,0.0,False,False,False,-1,0,False,0.0,4,4,
54,0,30,0.07207530485153314,0.21743327808506702,1.0,0.3479000151096272,0.4391187027783195,0.0,0.0,False,False,True,99,30,False,1.3900000000000001,1,1,
55,0,19,0.20430821775561334,0.3767993091661342,1.0,0.7659777930174657,0.10537993789519995,0.0,0.0,False,False,True,77,13,False,1.24,1,1,
56,1,21,0.3000592420572213,0.08120422124788004,0.9754990811287287,0.5569124237426256,0.0853661539571219,0.03894932894581573,0.00436329283880209,False,False,False,-1,0,False,0.0,10,10,
57,0,0,0.21398373030212714,0.13574257275654625,1.0,0.4945147066153009,0.16696814857033146,0.0,0.0,False,False,False,-1,0,False,0.0,7,7,
58,1,15,0.46804230070240527,0.7095246786862037,0.8551267777644069,0.7216398070361685,0.04384269399148514,0.017730609163270728,0.0001829398189759772,False,False,True,70,14,False,1.45,1,1,
59,0,54,0.4886807199648221,0.31485575640272684,0.38116952778068347,0.6653066647027827,0.018720751368714095,0.0,0.0,False,False,True,89,45,False,1.8399999999999999,2,2,
60,1,1,0.40980595028020955,0.043083567901633216,1.0,0.48425918421978137,0.03173691937723834,0.050294774074225675,0.012226003082864055,False,False,False,-1,0,False,0.0,7,7,
61,1,1,0.5052944092348016,0.49560309185650464,1.0,0.4757967807736541,0.014955078283048361,0.017819707701779628,0.0001866732846693645,False,False,False,-1,0,False,0.0,6,6,
62,0,44,0.2449951554606051,0.368387566518658,0.9405801004606139,0.670623843501704,0.006717465602446468,0.0,0.0,False,False,True,173,16,False,1.3900000000000001,1,1,
63,450,1,1.0,1.0,0.9975241447772103,0.4751392503288403,0.5615792822779979,0.8445004472849916,2.444623167159893,True,False,False,-1,0,False,0.0,0,0,
64,1,42,0.25423428533561315,0.01957956176885179,0.9580490513242522,0.3059038430945778,0.07846924314111858,0.021343698091347334,0.0003863166660279412,False,False,True,126,43,False,1.3599999999999999,0,0,
65,1,0,0.4283313667886494,0.18225676031279736,1.0,0.5160636300017694,0.38777008296763493,0.0399378402906282,0.004827074290412089,False,False,False,-1,0,False,0.0,6,6,
66,2,19,0.31471159315316305,0.5190497281234977,1.0,0.47653584874884986,0.13950550405518544,0.07265666445525538,0.008809273169069444,False,False,False,-1,0,False,0.0,11,11,
67,2,15,0.25389009184181976,0.5780565228033447,0.9887191448190078,0.5091476131399039,0.40219369644069913,0.044117882686360015,0.0008865014734524144,False,False,False,-1,0,False,1.33,6,6,
68,0,3,0.12044818175894796,0.35580106757744323,0.9374089119942289,0.4740224969941651,0.35299812924742147,0.0,0.0,False,False,False,-1,0,False,0.0,12,12,
69,2,4,0.4182017463453184,0.7406731099515604,1.0,0.41664806612330624,0.09715648540646891,0.17577902995521863,0.24405363417782483,False,False,False,-1,0,False,0.0,13,13,
70,0,155,0.20284397286303127,0.10413227241026522,0.6343667324704716,0.4904834626854134,0.3807333050188408,0.0,0.0,False,False,True,123,88,False,1.33,0,0,
71,2,0,0.5398203699156848,0.5862996458904196,1.0,0.4712574254547926,0.4164898764297429,0.19564676304615278,0.47980454197712463,False,False,False,-1,0,False,0.0,4,4,
72,0,3,0.409739458925161,0.5457610336158414,1.0,0.3963493325527168,0.16423081387580804,0.0,0.0,False,False,False,-1,0,False,0.0,9,9,
73,0,9,0.26165618849244093,0.33719630479195617,0.958444648932338,0.48959113971667473,0.07294687144084401,0.0,0.0,False,False,False,-1,0,False,0.0,3,3,
74,0,17,0.22528710738807214,0.15533222363688726,0.9032006560472591,0.5583715473966281,0.16793762273019722,0.0,0.0,False,False,True,56,20,False,1.27,0,0,
75,0,56,0.36351661027783017,0.24793557400445748,0.7824389692857602,0.25260193167020123,0.17727410647155273,0.0,0.0,False,False,True,121,57,False,1.15,1,1,
76,0,28,0.21830746686644886,0.22688993286647993,0.9279678560746443,0.37062414412904066,0.2863718016083783,0.0,0.0,False,False,True,123,16,False,1.27,1,1,
77,0,12,0.27690156429454765,0.7886417627765792,0.7342025180644352,0.8715454441133058,0.04882057103578322,0.0,0.0,False,False,True,54,15,False,1.27,0,0,
78,0,3,0.36030793082539636,0.10427316682256167,0.991673415711364,0.4788418335175828,0.5560448262799658,0.0,0.0,False,False,False,-1,0,False,0.0,8,8,
79,0,38,0.3944654924750167,0.5127226884651255,0.6495855101758192,0.11390085524857241,0.45233758150041975,0.0,0.0,False,False,True,78,43,False,1.3599999999999999,0,0,
80,1,1,0.3175524172220076,0.2748838497095815,0.9683928363581725,0.38748623706540347,0.2813395502569228,0.02530957915340001,0.0007678154925775988,False,False,False,-1,0,False,0.0,6,6,
81,0,70,0.2680520294599235,0.47058278594161096,0.4165386808889491,1.0,0.13657198994903466,0.0,0.0,False,False,True,138,60,False,1.18,1,1,
82,0,1,0.2572156607763938,0.2965724716026131,0.9869613358442094,0.5288480396920967,0.18723762139730002,0.0,0.0,False,False,False,-1,0,False,0.0,4,4,
83,1,1,0.07121830371800451,0.6144009481065328,0.9673192436762902,0.5030493365816076,0.10669258045711882,0.04880466612591281,0.010830311679374895,False,False,False,-1,0,False,0.0,2,2,
84,2,34,0.5713362047054087,0.13095515659497203,0.9493622940103567,0.5484991279969298,0.3693698888184155,0.049180339723675734,0.0015538473787133412,False,False,True,206,33,False,1.18,1,1,
85,0,1,0.43803911911051063,0.4059354534801722,0.977906352496979,0.5381568692926139,0.23241044874058514,0.0,0.0,False,False,False,-1,0,False,0.0,4,4,
86,1,3,0.14218546083028122,0.2507812060756993,0.9764623993993329,0.45734861478577876,0.0984883722574699,0.03219415628564114,0.002024907726791319,False,False,False,-1,0,False,0.0,8,8,
87,2,1,0.2337145396426624,0.06104936083522572,1.0,0.4776826986012291,0.14502996230877696,0.12920130451321027,0.18135657593129256,False,False,False,-1,0,False,0.0,7,7,
88,467,2,1.0,1.0,0.9778086700121913,0.37556257148357663,0.5106858205895201,0.8113057050030363,1.7054205205594641,True,False,False,-1,0,False,0.0,0,0,
89,1,36,0.505108412153932,0.5343793790496777,0.9442936863030733,0.7055403255080503,0.11805017931316351,0.020097712906707477,0.0003031491484895969,False,False,True,104,23,False,1.24,1,1,
90,0,0,0.09829299006157244,0.2713377023133838,0.9511483226104183,0.5415247846132124,0.08024260423973732,0.0,0.0,False,False,False,-1,0,False,0.0,11,11,
91,3,36,0.48202163694949995,0.24807584647652153,1.0,0.3869362564697939,0.1062981186065277,0.07717543680510464,0.003576721968230766,False,False,True,183,16,False,1.18,1,1,
92,399,0,1.0,1.0,0.974030341477041,0.4760937660551958,0.3838813826007933,0.8113057050030363,1.684367555186856,True,False,False,-1,0,False,0.0,2,2,
93,0,82,0.3315445075264968,0.16410041728387098,0.9453526518048919,0.35491891002057907,0.02819434607141749,0.0,0.0,False,False,True,218,84,False,1.12,0,0,
94,3,0,0.44651691862042775,0.26653974474226166,0.992498076845533,0.4348407015210795,0.34735669002456715,0.15293427907556312,0.10706679589183474,False,False,False,-1,0,False,0.0,5,5,
95,1,20,0.25102637970529906,0.6239091272874817,1.0,0.49218989342206604,0.028100864772936898,0.0313973107753823,0.0018303562058476855,False,False,False,-1,0,False,0.0,9,9,
96,0,43,0.2737128886675483,0.5438298605093468,0.8966686334477916,0.655855732411713,0.07430592343145845,0.0,0.0,False,False,True,114,39,False,1.33,0,0,
97,1,0,0.3886026245404892,0.3404518947702429,0.9743472134005823,0.45179942793381167,0.33535147924884157,0.025822161963313925,0.0008324392860412688,False,False,False,-1,0,False,0.0,7,7,
98,0,27,0.2661773517450052,0.698138259613181,0.9403174907531829,0.6862397086125394,0.14460922636326268,0.0,0.0,False,False,True,114,20,False,1.33,0,0,
99,2,1,0.6534868502110643,0.24470077650262728,0.9997238856168686,0.5527813298303006,0.33127926483820025,0.06185740397479174,0.003445433236188389,False,False,False,-1,0,False,0.0,10,10,
100,0,0,0.3409442778708263,0.6270991090786306,0.9944223315391472,0.4638106723794718,0.4194122027599685,0.0,0.0,False,False,False,-1,0,False,0.0,7,7,
101,0,15,0.747621996231421,0.20426851124000264,0.9717744372967126,0.9565057538319551,0.1412394202699423,0.0,0.0,False,False,True,37,16,False,1.45,1,1,
102,272,0,1.0,1.0,1.0,0.4756132156634396,0.40778652734552273,0.5351804394054035,0.3233111591085387,True,False,False,-1,0,False,0.0,1,1,
103,0,44,0.06991121066998081,0.3342621323781807,0.48818645502347807,0.49662874039511334,0.15175529894691875,0.0,0.0,False,False,True,74,40,False,1.3900000000000001,1,1,
104,1,50,0.25819986212898594,0.10289507660086308,0.589746253572347,0.49121602015521476,0.20387932360070765,0.01790925397163782,0.00019048294354016786,False,False,True,82,48,False,1.33,1,1,
105,0,30,0.17222342014898656,0.32325069341154566,0.9455508482685029,0.29707714789999873,0.29976471855402326,0.0,0.0,False,False,True,123,27,False,1.12,0,0,
106,0,117,0.1018539961454605,0.13474435543787053,0.9721977255792443,0.2991362382197968,0.4341215587918058,0.0,0.0,False,False,True,270,102,False,1.42,1,1,
107,0,2,0.12358666497151029,0.4265972757787995,1.0,0.5013234788611294,0.11833472548979392,0.0,0.0,False,False,False,-1,0,False,0.0,4,4,
108,3,28,0.5596889597700309,0.4950940379624904,0.9918320813169164,0.3322572657504516,0.42314290514896036,0.06291050269499276,0.0011285362918566145,False,False,True,116,29,False,1.18,1,1,
109,2,17,0.602770405889629,0.20314855448340158,0.9960485528774159,0.44370254966014844,0.3914255065738423,0.23676572411780797,0.7833709634051595,False,False,False,-1,0,False,0.0,4,4,
110,2,12,0.24386996676797448,0.0010090920581046561,0.9832376379141947,0.5557853031220884,0.08125730847974784,0.07846539658553732,0.028134361506284372,False,False,False,-1,0,False,0.0,8,8,
111,0,99,0.4792193827604661,0.26362647703705216,0.8709713699249618,0.41903803537685164,0.27171690750902244,0.0,0.0,False,False,True,203,99,False,1.15,1,1,
112,0,2,0.305136730562472,0.5528626656887705,1.0,0.48908802099022575,0.26130396663724204,0.0,0.0,False,False,False,-1,0,False,0.0,2,2,
113,0,3,0.037421620736904374,0.08496304725217833,0.9968703868600665,0.4225831036832316,0.06974486921103727,0.0,0.0,False,False,False,-1,0,False,0.0,6,6,
114,0,0,0.2560137208988985,0.09073750382950754,0.9503383201486362,0.45814700902887584,0.33010042282684016,0.0,0.0,False,False,False,-1,0,False,0.0,3,3,
115,0,18,0.3728903576333039,0.22228831924697962,0.9912794124667731,0.4248390946495547,0.2872741262310538,0.0,0.0,False,False,True,75,14,False,1.3900000000000001,1,1,
116,0,1,0.11428178063150779,0.17229824452972156,1.0,0.5704121560237262,0.10101788333282027,0.0,0.0,False,False,False,-1,0,False,0.0,10,10,
117,1,0,0.35542618722865144,0.16281604374705766,1.0,0.4985308223105179,0.5636815638829413,0.04954411828432109,0.011507016293566985,False,False,False,-1,0,False,0.0,7,7,
118,1,28,0.1157948596525999,0.17154978221179568,0.9001477034002574,0.44241907265027286,0.38908304509044345,0.023594351996527728,0.0005786579585206898,False,False,True,148,19,False,1.27,0,0,
119,1,48,0.37225053217608217,0.31194356878082286,0.9756739509132122,0.35229081547699753,0.3584960793227023,0.01989723822046307,0.00029114444220940886,False,False,True,115,49,False,1.48,2,2,
120,0,101,0.0570323140067394,0.4898818993024048,0.40076782600144933,0.40855055897651865,0.18345715726860223,0.0,0.0,False,False,True,101,72,False,1.27,1,1,
121,1,0,0.18102838675293517,0.26164517500051016,1.0,0.4031963961667846,0.4346892042557865,0.046418612366355375,0.008849153163333826,False,False,False,-1,0,False,0.0,3,3,
122,459,2,1.0,1.0,1.0,0.43222093187412636,0.31164455461145346,1.1237877182326657,6.688832968842302,True,False,False,-1,0,False,0.0,3,3,
123,0,19,0.2791679490851629,0.5574376401861335,0.8129974079019224,0.35580763196359605,0.032118710192123374,0.0,0.0,False,False,True,43,21,False,1.33,1,1,
124,1,0,0.36997196015507205,0.45780476847175766,0.9972102820930118,0.4380692650761058,0.17634284264043587,0.05004330020385454,0.011981483021206774,False,False,False,-1,0,False,0.0,5,5,
125,0,0,0.14352955029996464,0.3729416067760021,1.0,0.46640856439741674,0.1969477442912883,0.0,0.0,False,False,False,-1,0,False,0.0,6,6,
126,0,0,0.4098650846616893,0.32507038216495426,1.0,0.46025997207568614,0.16108553994922598,0.0,0.0,False,False,False,-1,0,False,0.0,3,3,
127,0,44,0.2809325392969202,0.43254678640077665,0.8241740543547075,0.40477553834831853,0.3884845958928244,0.0,0.0,False,False,True,89,46,False,1.51,2,2,
128,0,48,0.326904918834201,0.17578839159673418,0.3968459532110608,0.5441934976388908,0.5183573059123633,0.0,0.0,False,False,True,103,49,False,1.24,0,0,
129,1,0,0.3338196183909847,0.2055759626432903,0.9649675668159198,0.43947526043855434,0.21297487206236557,0.14850375,0.9603999999999999,False,False,False,-1,0,False,0.0,7,7,
130,0,67,0.23629051192022163,0.3258401156500495,0.8381229957133401,0.3763290640119782,0.49910776583309663,0.0,0.0,False,False,True,192,52,False,1.18,1,1,
131,1,11,0.358010596746557,0.6350211245144736,0.9822354000791462,0.4550267013415256,0.1484621939608829,0.12336484236522718,0.45479633056219465,False,False,False,-1,0,False,0.0,5,5,
132,0,1,0.04980615185030853,0.3118580189686357,1.0,0.5240161182295215,0.2240759169010497,0.0,0.0,False,False,False,-1,0,False,0.0,5,5,
133,0,15,0.19189638463602499,0.5502157634054448,0.6870277437149238,0.7215215666217195,0.019128157740856157,0.0,0.0,False,False,True,51,12,False,1.27,1,1,
134,0,0,0.16945580423119422,0.1568601074569797,0.9526770197873673,0.47903858268286853,0.18209173565053713,0.0,0.0,False,False,False,-1,0,False,0.0,7,7,
135,0,0,0.029537993792157727,0.6388084490331598,1.0,0.41631686072398527,0.5273473049143205,0.0,0.0,False,False,False,-1,0,False,0.0,5,5,
136,1,0,0.35129615757593,0.04008359158240499,0.9780471280375805,0.3884716955505115,0.07501475628843499,0.0313973107753823,0.0018303562058476855,False,False,False,-1,0,False,0.0,4,4,
137,0,0,0.12567713457766605,0.15890599774546557,0.9842120349301622,0.5375265735192922,0.13326367284640472,0.0,0.0,False,False,False,-1,0,False,0.0,6,6,
138,0,41,0.2014660246344985,0.4462681698862424,0.9525520371677013,0.12640642535052088,0.38500821878031116,0.0,0.0,False,False,True,97,45,False,1.3599999999999999,1,1,
139,0,29,0.28591370687442746,0.12681136744271682,0.986410827025739,0.41576897488127657,0.32332950290726836,0.0,0.0,False,False,True,115,26,False,1.33,1,1,
140,1,1,0.21201532018189745,0.17848649998633653,0.8870196708348252,0.47941779951822977,0.4093631325694548,0.016200898836643378,0.0001271679315907916,False,False,False,-1,0,False,0.0,2,2,
141,1,1,0.31985104990894403,0.37014685815878917,0.9538581057815737,0.4264734545085025,0.4955543931816181,0.06429717694949263,0.032900825292046715,False,False,False,-1,0,False,0.0,5,5,
142,0,0,0.04653456705566005,0.399690416237776,0.9985857281979421,0.43828204801736165,0.05407821049364995,0.0,0.0,False,False,False,-1,0,False,0.0,2,2,
143,0,2,0.15193576519358137,0.3157223411740354,1.0,0.453112766990939,0.0707822609224156,0.0,0.0,False,False,False,-1,0,False,0.0,7,7,
144,480,0,1.0,1.0,1.0,0.4794031618468881,0.5791808846420031,0.8194800181844261,1.7358049466290233,True,False,False,-1,0,False,0.0,1,1,
145,1,16,0.44142450081530327,0.32954612466282945,0.8238657630953209,0.6380991114633927,0.17986186968417844,0.019115138344762177,0.00024769492566196463,False,False,True,55,16,False,1.27,1,1,
146,141,0,1.0,1.0,0.953805413324192,0.5151202330378684,0.6175066185289895,0.34776444316475436,0.06141708945052124,False,False,False,-1,0,False,0.0,0,0,
147,2,1,0.35915193274516677,0.030823515167445886,0.9854879667103861,0.5315217254346148,0.32478799481561044,0.07885715320777348,0.014565123439334918,False,False,False,-1,0,False,0.0,4,4,
148,3,3,0.6121500672274998,0.21802413938606052,1.0,0.5122659540970278,0.07475995478165424,0.07162467377247217,0.001891913721632513,False,False,False,-1,0,False,0.0,8,8,
149,495,0,1.0,1.0,0.9466677899156978,0.5245123811241461,0.6684952472592144,0.9058926864694868,3.7531105759102243,True,False,False,-1,0,False,1.21,1,1,
150,0,1,0.15852135761503278,0.14585284714595478,0.9588627068810842,0.38498677393025954,0.0661053351345017,0.0,0.0,False,False,False,-1,0,False,0.0,4,4,
151,2,0,0.53731023191688,0.2969897111691733,0.9965611892533576,0.47057204325201624,0.43912130544134653,0.1163166133899334,0.1659386830482879,False,False,False,-1,0,False,0.0,5,5,
152,0,27,0.2505483884014959,0.10461751285494056,0.9352037204657375,0.5206386002724773,0.23004557675121703,0.0,0.0,False,False,True,131,13,False,1.09,0,0,
153,0,22,0.14826843532833364,0.26175574565136195,0.9033119349630063,0.5112461603397412,0.4513697600504114,0.0,0.0,False,False,True,64,15,False,1.3900000000000001,0,0,
154,0,1,0.1692191065271489,0.565385469331975,1.0,0.39702567050253873,0.3216729293814906,0.0,0.0,False,False,False,-1,0,False,0.0,5,5,
155,0,19,0.17741310282476846,0.392223557497567,0.9613402111314373,0.5415850442030856,0.06845604803050558,0.0,0.0,False,False,True,56,18,False,1.24,0,0,
156,0,1,0.04851937446506681,0.5158276673722433,0.9880994932952343,0.560827574432263,0.5007603327003048,0.0,0.0,False,False,False,-1,0,False,0.0,5,5,
157,0,14,0.41869385440294044,0.16185161415495708,0.9291740378542213,0.5335669046723214,0.2418074107561119,0.0,0.0,False,False,False,-1,0,False,0.0,4,4,
158,1,2,0.15019132738307323,0.581568892749406,1.0,0.5111204465196303,0.015431129300886262,0.03092870198739587,0.0017227166180941945,False,False,False,-1,0,False,0.0,5,5,
159,0,0,0.26500550860267175,0.14933702511832547,1.0,0.5084796404959093,0.0639797444303332,0.0,0.0,False,False,False,-1,0,False,0.0,6,6,
160,0,18,0.297112059562277,0.5626016723250581,0.7564224560505342,0.12019088789110235,0.2603233032849325,0.0,0.0,False,False,True,39,14,False,1.42,1,1,
161,0,18,0.4831677085839479,0.04807754691994272,0.6005162450866925,0.3025397341936422,0.15408826634091322,0.0,0.0,False,False,True,36,16,False,1.33,1,1,
162,1,1,0.11699078621050597,0.3206087759687437,1.0,0.4877037902357303,0.5512162924247054,0.11970985165228565,0.4028778642734252,False,False,False,-1,0,False,0.0,7,7,
163,0,0,0.36286873535743097,0.4805858420398716,0.9896281631066762,0.4493017095335921,0.024730685000418154,0.0,0.0,False,False,False,-1,0,False,0.0,5,5,
164,3,1,0.49540076976390734,0.2188908573836339,0.9671849940576208,0.3998079214830854,0.16160335778135995,0.08930956464821481,0.006524224060528311,False,False,False,-1,0,False,0.0,6,6,
165,1,0,0.32965392898341317,0.17443748032150208,1.0,0.4781615536131838,0.008838318679202265,0.0851332833690562,0.10198740773679685,False,False,False,-1,0,False,0.0,6,6,
166,0,0,0.2735173830063257,0.42858571333939866,1.0,0.48187320375991394,0.3307275249343962,0.0,0.0,False,False,False,-1,0,False,0.0,5,5,
167,1,1,0.4466571932468538,0.5417514408799997,1.0,0.5055143265525002,0.04438807969082357,0.03219415628564114,0.002024907726791319,False,False,False,-1,0,False,0.0,2,2,
168,2,0,0.41447000899770026,0.16862314016747498,0.9903165459986399,0.4935800581190234,0.1828113962826652,0.06901129158131308,0.008322340257366497,False,False,False,-1,0,False,0.0,2,2,
169,0,62,0.4194810247057918,0.33075818042065647,0.8578779261082923,0.6301558894202441,0.25829290398184745,0.0,0.0,False,False,True,225,42,False,1.18,1,1,
170,0,22,0.32118951541471646,0.46039756876450594,0.93522843261881,0.538861732716082,0.09021690373792002,0.0,0.0,False,False,True,159,15,False,1.24,1,1,
171,0,37,0.21137374797900033,0.19384926972402441,0.923584886345887,0.6255303098582398,0.23679550970785848,0.0,0.0,False,False,True,273,14,False,1.24,1,1,
172,188,0,1.0,1.0,0.8586445500989073,0.45213953624386904,0.6226426860975359,0.39617318461478707,0.11176297751208455,True,False,False,-1,0,False,0.0,1,1,
173,1,1,0.11074380845191843,0.3599398575391619,0.9739954991365926,0.4980216077296981,0.06908760433759324,0.1185157458820541,0.38692390084819756,False,False,False,-1,0,False,0.0,5,5,
174,1,24,0.3390333580161986,0.4246264714892985,0.9931930266631352,0.4296314889223917,0.4690206011328421,0.024193162945350816,0.0006401644486654318,False,False,True,160,12,False,1.12,0,0,
175,0,0,0.12232697646384709,0.26074330094604353,0.9167115727035602,0.46474892347560753,0.23780186010197613,0.0,0.0,False,False,False,-1,0,False,0.0,4,4,
176,0,1,0.01580770616398462,0.2102397878556193,1.0,0.49764624506466765,0.6676625806646597,0.0,0.0,False,False,False,-1,0,False,0.0,7,7,
177,0,2,0.24525173338067288,0.7462774469624177,1.0,0.4719221312408485,0.304668960498315,0.0,0.0,False,False,False,-1,0,False,0.0,9,9,
178,242,0,1.0,1.0,0.960715916835279,0.4464811229258732,0.4193044810599494,0.5598768430188013,0.32104684788356525,True,False,False,-1,0,False,0.0,0,0,
179,1,23,0.23101318649980554,0.31310813383092473,0.9612800572714907,0.324595840962602,0.1739850646962922,0.02674428770492065,0.0009588927570509446,False,False,True,150,15,False,1.09,0,0,
180,1,1,0.35401943871663294,0.06554840424316867,1.0,0.5161893345113803,0.10571514126893342,0.023712916579424852,0.0005904673046129488,False,False,False,-1,0,False,0.0,4,4,
181,2,0,0.2562735697856477,0.5941463193212114,0.9970251072242252,0.44090744731707776,0.09900921514838558,0.16061644808579179,0.5260784760095231,False,False,False,-1,0,False,0.0,4,4,
182,2,4,0.4021740359489176,0.08594747903013229,1.0,0.5528554726174849,0.13462652721174714,0.16587930290441213,1.0001172956510724,False,False,False,-1,0,False,0.0,6,6,
183,2,1,0.4880824479550836,0.3732207165088332,0.9993402185997984,0.3854870176989925,0.3601464277438497,0.16552979415844693,0.30408318547779045,False,False,False,-1,0,False,0.0,5,5,
184,1,0,0.2034455556994958,0.1163973976240852,1.0,0.46055668849107967,0.57303512962073,0.10614116020908985,0.24808426683434853,False,False,False,-1,0,False,0.0,5,5,
185,1,1,0.32114063613367255,0.14448875863305283,0.9658951566160721,0.4626318899409703,0.2617799375873029,0.02480717136823393,0.0007082085631082935,False,False,False,-1,0,False,0.0,7,7,
186,0,23,0.4115008781293093,0.3197069771777113,1.0,0.5988482589551326,0.07649453740623359,0.0,0.0,False,False,True,73,21,False,1.24,0,0,
187,2,0,0.11918437251318757,0.11968333242380687,0.998914343057354,0.44314563722303996,0.1282907313052929,0.044548960760832895,0.0009185556852648609,False,False,False,-1,0,False,0.0,4,4,
188,0,22,0.035506171292068976,0.1798332929352384,0.9966123845855821,0.20975166934894066,0.1594188886797701,0.0,0.0,False,False,True,69,18,False,1.3,1,1,
189,0,0,0.3706010790231858,0.010646989041116085,1.0,0.48755998428336556,0.06106862977514212,0.0,0.0,False,False,False,-1,0,False,0.0,4,4,
190,0,0,0.12620184146526195,0.2535894715706592,1.0,0.4619400558833221,0.1138285236546554,0.0,0.0,False,False,False,-1,0,False,0.0,4,4,
191,0,17,0.1664495407343108,0.2945799394243357,0.9461501652738903,0.5362018711368217,0.1722758050282819,0.0,0.0,False,False,True,97,17,False,1.21,1,1,
192,0,0,0.0964440661577995,0.258552694082355,0.9887323960676699,0.5006043858798507,0.02536544431062441,0.0,0.0,False,False,False,-1,0,False,0.0,4,4,
193,0,2,0.14389793264602901,0.33728201962317356,0.9798097714271184,0.4986481255922688,0.04859509533459723,0.0,0.0,False,False,False,-1,0,False,0.0,7,7,
194,2,1,0.4454590781674832,0.09738696838714814,1.0,0.5424441669539505,0.18052783342602893,0.22726507951343275,0.6573717526161212,False,False,False,-1,0,False,0.0,2,2,
195,329,0,1.0,1.0,0.9760544655861713,0.6068747714615037,0.5936038961551472,0.6346225304776792,0.4971586123859795,True,False,False,-1,0,False,0.0,1,1,
196,1,0,0.2836540652785839,0.2787744274987602,0.9651159467843115,0.561048695846446,0.10619838986959902,0.02232862306964447,0.0004633495687483912,False,False,False,-1,0,False,0.0,3,3,
197,1,1,0.634276566926147,0.19764981374956647,0.9924064393281963,0.5394912146731919,0.029817412926602803,0.055043673258924994,0.017587946605721515,False,False,False,-1,0,False,0.0,7,7,
198,149,46,1.0,1.0,0.8706911615249279,0.4485795258134218,0.5489675525506692,0.3324244069445086,0.05904807044375036,False,False,True,127,42,False,1.21,1,1,
199,0,0,0.5676808068401179,0.17455741781994336,1.0,0.4205024698478868,0.18574254704944504,0.0,0.0,False,False,False,-1,0,False,0.0,3,3,
200,0,0,0.03573732333543851,0.40390809737057753,0.9706619693520554,0.42097412088616465,0.25557313402663623,0.0,0.0,False,False,False,-1,0,False,0.0,3,3,
201,1,0,0.3281153826420492,0.35024763141788795,1.0,0.3857568209110758,0.04414596216798068,0.04284118208460475,0.006404996888794895,False,False,False,-1,0,False,0.0,6,6,
202,203,0,1.0,1.0,0.9983015382509045,0.48816525021304064,0.4653310312930419,0.3711804775905771,0.09921146706246545,False,False,False,-1,0,False,0.0,0,0,
203,0,0,0.24772776749053915,0.027251689459961016,1.0,0.44331804550573894,0.010396417403149104,0.0,0.0,False,False,False,-1,0,False,0.0,5,5,
204,0,8,0.22524130329012526,0.47658274033059006,1.0,0.47254874081431325,0.28391965969058874,0.0,0.0,False,False,False,-1,0,False,0.0,4,4,
205,0,37,0.17776984234631832,0.36460487786094037,0.8773621631637177,0.5377209917795116,0.24555403667375547,0.0,0.0,False,False,True,100,35,False,1.18,1,1,
206,2,0,0.23527243695035902,0.34383591004894903,0.8943013932478997,0.4288488522407968,0.11889062243641159,0.08685724920669534,0.015763873836119616,False,False,False,-1,0,False,0.0,2,2,
207,3,77,0.5569156024508352,0.1278759907397103,0.9427905130268427,0.35587459345729433,0.050476158970191365,0.10263635237989588,0.009462326676940795,False,False,True,334,60,False,1.15,1,1,
208,0,32,0.07175534835642826,0.28810868940215945,0.9673178042799424,0.3369735358102005,0.062023970063617345,0.0,0.0,False,False,True,225,26,False,1.12,0,0,
209,0,38,0.03875661246546475,0.24691353866831364,0.8631083226948635,0.4820685498594057,0.19051719427925584,0.0,0.0,False,False,True,215,21,False,1.09,0,0,
210,3,1,0.4835691177610799,0.636381904340829,0.9678646540846841,0.499634038014549,0.08692507644150801,0.06572146143480913,0.001700957778988216,False,False,False,-1,0,False,0.0,5,5,
211,0,90,0.24772589322401853,0.8419639806885476,0.5911154171474311,0.49358648106236064,0.2167843849427215,0.0,0.0,False,False,True,125,77,False,1.15,0,0,
212,0,1,0.06940335362561831,0.3950212411953637,1.0,0.454021680442334,0.10614791393477187,0.0,0.0,False,False,False,-1,0,False,0.0,5,5,
213,0,12,0.3337410285568503,0.5607497045739234,0.8820357431169804,0.9675710793642929,0.30589435252537606,0.0,0.0,False,False,True,52,12,False,1.18,0,0,
214,0,33,0.5732287724144864,0.2590418501513019,0.9102758061225029,0.6585705060783515,0.2978910235509105,0.0,0.0,False,False,True,93,32,False,1.18,1,1,
215,0,2,0.06972641662627403,0.13227254629691013,0.9179286005594904,0.4674353704874781,0.3402771171165652,0.0,0.0,False,False,False,-1,0,False,0.0,2,2,
216,0,88,0.10908527327244137,0.22842110916528388,0.9334341054147048,0.4364194529868269,0.1558272060658787,0.0,0.0,False,False,True,195,89,False,1.15,1,1,
217,0,21,0.2707889611061303,0.08948051152489407,0.9123213448830815,0.6837796141480451,0.3883649303312345,0.0,0.0,False,False,True,76,17,False,1.24,0,0,
218,1,0,0.10866892794335632,0.1828960768192282,0.9970141688769212,0.4559075788508655,0.042025828442794615,0.06592900195326631,0.03639790721545518,False,False,False,-1,0,False,0.0,4,4,
219,0,20,0.6677627050127445,0.4415465347488162,0.9162503053136404,0.17324251088733666,0.15167654932695263,0.0,0.0,False,False,True,108,17,False,1.21,1,1,
220,0,0,0.12440982755554122,0.29756239025554504,0.9840638851256929,0.47581835939196343,0.05895429128247545,0.0,0.0,False,False,False,-1,0,False,0.0,1,1,
221,2,0,0.34033216664969695,0.1144870602907387,1.0,0.48898129615316704,0.04078707498491934,0.03618348813657482,0.00039740296830370636,False,False,False,-1,0,False,0.0,2,2,
222,1,4,0.26044520535611937,0.22080848173649864,0.9931048197517554,0.4159166168675695,0.4066051456677852,0.0686265008310007,0.04278266244458947,False,False,False,-1,0,False,0.0,8,8,
223,0,1,0.06562981516800069,0.18182941443290582,1.0,0.42061370333370873,0.21999200863324758,0.0,0.0,False,False,False,-1,0,False,0.0,7,7,
224,0,25,0.3145830807528984,0.27431379991086136,0.9469344627951797,0.43854942564817967,0.22456999304875822,0.0,0.0,False,False,True,214,13,False,1.15,0,0,
225,0,40,0.465179322333477,0.32458667504024785,0.9213383823781047,0.30561510994918584,0.27184538376774914,0.0,0.0,False,False,True,168,39,False,1.15,0,0,
226,1,0,0.504711172741866,0.43251138987855986,1.0,0.3982690976143198,0.14564076099198142,0.0751063059368779,0.061545803450736285,False,False,False,-1,0,False,0.0,6,6,
227,0,54,0.24899103410552495,0.17737149368699182,0.9526121860481177,0.5575856320035418,0.07966529986784664,0.0,0.0,False,False,True,103,56,False,1.18,1,1,
228,5,0,0.6022799053445193,0.30774489703529373,1.0,0.4168194542689735,0.36031542488781143,0.2386005661805099,0.09264165718384929,False,False,False,-1,0,False,0.0,6,6,
229,0,28,0.13844323655698013,0.4500298489098994,0.9779792638857207,0.6513006275255204,0.14252738863163747,0.0,0.0,False,False,True,171,34,False,1.21,1,1,
230,0,10,0.2946747709108721,0.5030673671013177,0.9944175083930666,0.5042490107577833,0.2748590987663395,0.0,0.0,False,False,False,-1,0,False,0.0,4,4,
231,1,2,0.24851763057916196,0.25244090287122106,0.8844681395529318,0.44762760008912283,0.06452675576220067,0.017205295706178212,0.0001620558447965088,False,False,False,-1,0,False,0.0,4,4,
232,2,1,0.5513374386674308,0.18443988079768536,0.9000257152078786,0.3977246726110425,0.030203386108935158,0.047903821839844714,0.001342060152522928,False,False,False,-1,0,False,0.0,3,3,
233,0,235,0.38047613526800855,0.20800282310916543,0.87686992463235,0.18969634804243207,0.20010618195531177,0.0,0.0,False,False,True,220,184,False,1.18,1,1,
234,5,0,0.29979141566415546,0.6680715463961523,0.9698855647390086,0.4486425190420177,0.3049577818142237,0.32046778068162957,0.4064632005803605,False,False,False,-1,0,False,0.0,4,4,
235,2,0,0.3597888096906486,0.5234951737670239,1.0,0.44798279723993084,0.17128397192166694,0.11573429320719812,0.11856248744783202,False,False,False,-1,0,False,0.0,3,3,
236,0,1,0.02417784526506894,0.6406632386073208,0.9885185071174466,0.3691983150070537,0.4071750976928576,0.0,0.0,False,False,False,-1,0,False,0.0,4,4,
237,0,14,0.14987594773364754,0.449367704787716,0.7163226737366283,0.2426585033353425,0.05699662834270445,0.0,0.0,False,False,True,55,12,False,1.24,1,1,
238,0,94,0.07497615505004737,0.39911315068412684,0.9960927295586809,0.37729821384664447,0.3443269970853691,0.0,0.0,False,False,True,291,75,False,1.09,0,0,
239,1,0,0.5508771815396757,0.29840162960281946,0.9846578205854863,0.46996085243839325,0.16735803570620017,0.022895310553505625,0.0005125997436818695,False,False,False,-1,0,False,0.0,5,5,
240,4,1,0.47283646608989494,0.5394554958001093,0.9200343125667088,0.5718868637141724,0.24880173713589515,0.2057883524810834,0.5265203006601635,False,False,False,-1,0,False,0.0,3,3,
241,0,16,0.32285216730288663,0.2800706080112953,1.0,0.4078207303784947,0.16192571561148783,0.0,0.0,False,False,False,-1,0,False,0.0,3,3,
242,0,16,0.028051093432804066,0.4986750473834387,0.5864476908175856,0.7242583205444619,0.20258682548812376,0.0,0.0,False,False,True,31,13,False,1.3599999999999999,0,0,
243,1,0,0.4363789350465064,0.26607667906600097,1.0,0.45167839604949306,0.5291586760159334,0.025822161963313925,0.0008324392860412688,False,False,False,-1,0,False,0.0,4,4,
244,0,2,0.44161338083583324,0.21656828796491795,0.9660257053113748,0.4324917781781482,0.27291770577349495,0.0,0.0,False,False,False,-1,0,False,0.0,3,3,
245,0,0,0.14717086733912685,0.2460718587201322,0.9916099134621167,0.4650561531787613,0.22091463196588026,0.0,0.0,False,False,False,-1,0,False,0.0,0,0,
246,0,0,0.046000582383113456,0.4415007384707307,1.0,0.4582933517198454,0.239061325901381,0.0,0.0,False,False,False,-1,0,False,0.0,2,2,
247,1,74,0.4344451578421657,0.351687967680517,0.8573562153571721,0.4965613070356566,0.20612608849165356,0.019211194316343896,0.00025274992414486185,False,False,True,297,47,False,1.15,1,1,
248,0,1,0.37600811884406765,0.048920687492380426,1.0,0.4215932626260217,0.43238626590147144,0.0,0.0,False,False,False,-1,0,False,0.0,5,5,
249,4,13,0.540364562940358,0.3932095370834018,1.0,0.47230168519071464,0.22460446351718905,0.23428508982829907,0.11229396670563845,False,False,False,-1,0,False,0.0,5,5,
250,162,0,1.0,1.0,0.9754581946981283,0.4199246425161792,0.5706602954689067,0.3902602503127633,0.0698710327070913,True,False,False,-1,0,False,0.0,0,0,
251,1,3,0.4497362483878103,0.447926550634779,0.9714237371344658,0.4562880357310485,0.23466596843308882,0.020300207476283406,0.00031564884265888887,False,False,False,-1,0,False,0.0,4,4,
252,212,0,1.0,1.0,1.0,0.4593103105295673,0.6852825316238604,0.42284872638411264,0.15707429971591189,True,False,False,-1,0,False,0.0,2,2,
253,1,14,0.19022197049661224,0.5806597245726722,0.6232162951588724,0.7228706470972627,0.3822117709560523,0.01711926922764732,0.0001588147279005786,False,False,True,54,12,False,1.24,1,1,
254,0,60,0.23684579944430653,0.13051570166105878,0.6499813828236929,0.5920535260141925,0.42422086571988504,0.0,0.0,False,False,True,118,75,False,1.21,1,1,
255,0,32,0.3127552827252302,0.6674049256823553,0.8811576045428741,0.2799861030671336,0.004334985646669528,0.0,0.0,False,False,True,259,18,False,1.15,1,1,
256,0,2,0.6133684295112274,0.0605015803202848,0.9958173401554871,0.4351089382388698,0.12103343622028705,0.0,0.0,False,False,False,-1,0,False,0.0,5,5,
257,1,0,0.42907480037559637,0.20348709310370106,0.9951582253114276,0.5480663503466038,0.16608697188534344,0.026082333237356557,0.0008667631049992387,False,False,False,-1,0,False,0.0,4,4,
258,1,0,0.09175431891915958,0.3786133208518875,1.0,0.39213954541890683,0.2273235194378081,0.018642014836481455,0.00022389659456767983,False,False,False,-1,0,False,0.0,3,3,
259,2,0,0.32225945256005156,0.46509899748449757,0.9860557225682102,0.43360597528559697,0.4176354201618996,0.08598045120409278,0.026601313027853662,False,False,False,-1,0,False,0.0,5,5,
260,365,14,1.0,1.0,1.0,0.4098058767887832,0.6255371698378958,0.8402779450485667,1.5476047841888427,True,False,False,-1,0,False,1.18,1,1,
261,1,0,0.0920179303159713,0.18724236825538,0.9277132150951196,0.5210400009478178,0.15160131431650772,0.022105895054524767,0.00044500092582595494,False,False,False,-1,0,False,0.0,5,5,
262,0,1,0.12233180289900336,0.3650623483052143,1.0,0.46541388376481235,0.37953327988223395,0.0,0.0,False,False,False,-1,0,False,0.0,4,4,
263,0,0,0.08390196732696209,0.44148448502334525,1.0,0.5069920918814667,0.483406506742373,0.0,0.0,False,False,False,-1,0,False,0.0,1,1,
264,1,0,0.5137022880260887,0.05769320809622025,1.0,0.3929222155772329,0.37478765721440777,0.024559719833835796,0.000680163504009205,False,False,False,-1,0,False,0.0,3,3,
265,0,42,0.2084911036936229,0.39152124908077834,0.4553655549852754,0.6967243141485484,0.2140917481333627,0.0,0.0,False,False,True,95,37,False,1.21,0,0,
266,0,0,0.3275744876315044,0.34987967341350795,0.9905259698801738,0.46727309992928345,0.12261080437165853,0.0,0.0,False,False,False,-1,0,False,0.0,3,3,
267,139,1,1.0,1.0,1.0,0.3872955869611081,0.6053077956815168,0.3291084734852371,0.043715368745417114,False,False,False,-1,0,False,0.0,0,0,
268,0,1,0.358642435645466,0.14619005342654193,1.0,0.5282584527780453,0.11094493676345124,0.0,0.0,False,False,False,-1,0,False,0.0,3,3,
269,242,0,1.0,1.0,1.0,0.44142244775986367,0.2552097622709858,0.4558676935072535,0.17409196639415972,False,False,False,-1,0,False,0.0,0,0,
270,0,39,0.1744703243203442,0.32148027517955047,1.0,0.38389599544443426,0.31436798634177815,0.0,0.0,False,False,True,203,42,False,1.24,1,1,
271,1,1,0.2450557879040632,0.42956047932763614,0.9958050685790338,0.5028151474091176,0.23852032328505418,0.11616314914249473,0.35688628648537435,False,False,False,-1,0,False,0.0,5,5,
272,2,0,0.18747056405787846,0.4692102224909144,0.9348598840080854,0.3878682839265821,0.0246727981762158,0.041348191076088614,0.0006853451218297557,False,False,False,-1,0,False,0.0,7,7,
273,1,33,0.08238886918888781,0.3920927415383719,0.9649388303927611,0.4233568978882987,0.546697792545996,0.018271961532621138,0.00020651508996165683,False,False,True,139,34,False,1.12,0,0,
274,0,19,0.8472795951358502,0.17428064039024435,0.8701523891187299,0.5447675480655658,0.32001017501804757,0.0,0.0,False,False,True,60,14,False,1.18,1,1,
275,0,47,0.193084995229018,0.5459631690006187,0.676916859698671,0.3889765759584812,0.3428999471978106,0.0,0.0,False,False,True,76,49,False,1.21,0,0,
276,0,125,0.3051836053037889,0.3790322344982981,0.907452253431411,0.2844048896966233,0.28391757644131493,0.0,0.0,False,False,True,271,116,False,1.09,0,0,
277,0,42,0.46017374781398823,0.09465233815104732,0.9119683014234956,0.6683651075476115,0.403158490005746,0.0,0.0,False,False,True,138,30,False,1.12,0,0,
278,1,12,0.5653231052777439,0.5380085283541098,0.8366555036652373,0.4355027327151899,0.4214680289916455,0.01854880476229905,0.00021941866267632623,False,False,True,69,14,False,1.15,1,1,
279,2,0,0.49688659645113087,0.6940654726127539,0.9275780465865331,0.4616669947521323,0.181215905400907,0.1708087465885683,0.9804022455914494,False,False,False,-1,0,False,0.0,3,3,
280,1,0,0.11997968038890501,0.39597418746191343,0.9937584566682542,0.4838121537780032,0.0821731956450864,0.01969876326921395,0.00027961512229791625,False,False,False,-1,0,False,0.0,3,3,
281,192,0,1.0,1.0,0.9771011465337279,0.48986683327523733,0.4994447396155168,0.38830894906119945,0.11113508428039301,False,False,False,-1,0,False,0.0,1,1,
282,0,0,0.06835303908566019,0.6526587338348513,0.9903548499750023,0.40456303628887585,0.11283421163784646,0.0,0.0,False,False,False,-1,0,False,0.0,3,3,
283,1,32,0.18156813151285012,0.26096397830345724,0.7380266942084673,0.542449030614041,0.022794852355697927,0.018271961532621138,0.00020651508996165683,False,False,True,321,14,False,1.12,0,0,
284,0,0,0.5177459048371991,0.12803178953380753,0.9543897737552706,0.4313597845972933,0.06974919953722342,0.0,0.0,False,False,False,-1,0,False,0.0,4,4,
285,0,33,0.1933265724930965,0.2793511488814983,0.7891305999943746,0.49764626901913495,0.46987038108212914,0.0,0.0,False,False,True,147,31,False,1.12,0,0,
286,0,0,0.2742489260670146,0.3740999997545135,1.0,0.433070858174747,0.07979318834126443,0.0,0.0,False,False,False,-1,0,False,0.0,2,2,
287,2,0,0.28783815055601797,0.20381315231322195,0.9767782043633814,0.41655855759006044,0.49857671250812763,0.10438489171505304,0.03590701502663522,False,False,False,-1,0,False,0.0,4,4,
288,0,2,0.21232760532710213,0.45037686495873597,1.0,0.44013196700356644,0.2470109000723191,0.0,0.0,False,False,False,-1,0,False,0.0,3,3,
289,0,0,0.6544770474709447,0.4651838012403068,1.0,0.49529623971705994,0.1762449284937946,0.0,0.0,False,False,False,-1,0,False,0.0,0,0,
290,0,31,0.3658871647072168,0.3246430248706772,0.9963336919052675,0.19146095734706445,0.17673744834260116,0.0,0.0,False,False,True,129,27,False,1.15,1,1,
291,119,22,1.0,1.0,1.0,0.44363533424259416,0.6580813058377111,1.2866520055430481,7.06513662450793,True,False,False,-1,0,False,1.06,0,0,
292,0,54,0.4003253719681637,0.40124472217188767,0.9642125213710271,0.28451703407912926,0.2161837916899082,0.0,0.0,False,False,True,122,59,False,1.18,1,1,
293,0,19,0.07209725728897848,0.1355629743181124,1.0,0.4379676598305733,0.19060492554470745,0.0,0.0,False,False,False,-1,0,False,0.0,1,1,
294,0,30,0.5182576955204964,0.6000780970393518,0.9230052285525232,0.47646874067316475,0.23092184620192965,0.0,0.0,False,False,True,130,29,False,1.09,0,0,
295,2,0,0.31770371848552914,0.5220071341845328,0.9752209464581293,0.5295574500139861,0.29157984159237127,0.10631347930408314,0.11307055525362285,False,False,False,-1,0,False,0.0,6,6,
296,1,22,0.507005414870471,0.5157534106389399,0.9685276452632702,0.3952757298176306,0.03647224372475742,0.03685987582853301,0.0034938253685309092,False,False,True,190,14,False,1.15,1,1,
297,245,0,1.0,1.0,0.9698859238410507,0.4803016415714301,0.5033352005137282,0.4558676935072535,0.1579696616712437,True,False,False,-1,0,False,0.0,1,1,
298,1,3,0.3083823702518713,0.23705045832453953,0.9658955030602889,0.48498229792760666,0.2702039622704422,0.025951921571169774,0.0008494278428992539,False,False,False,-1,0,False,0.0,6,6,
299,0,58,0.45118185942593364,0.36642929569235555,0.9685298764147049,0.6390531326233023,0.12243202466731051,0.0,0.0,False,False,True,274,50,False,1.12,0,0,
300,1,2,0.1346392464090918,0.6248218648971657,0.9580201450897277,0.5353977377858121,0.06047444168597418,0.03171365447880841,0.0019058269531941749,False,False,False,-1,0,False,0.0,4,4,
301,1,0,0.5108971360748462,0.25310543640626054,1.0,0.4598640326487304,0.15973949332458562,0.0415719053632266,0.005673817693396582,False,False,False,-1,0,False,0.0,4,4,
302,0,0,0.2595537723003103,0.2474519647554248,0.9742430248419722,0.5512590222813727,0.4493773421223787,0.0,0.0,False,False,False,-1,0,False,0.0,3,3,
303,1,0,0.3753247488848461,0.20642015567510646,1.0,0.4443489323339513,0.3547437521507835,0.09553632388408166,0.16231057352151648,False,False,False,-1,0,False,0.0,4,4,
304,1,2,0.1818393069093754,0.09615965383131134,0.9980523536216598,0.5022478552830644,0.3402627581848791,0.04241384129331082,0.006151359011998617,False,False,False,-1,0,False,0.0,4,4,
305,0,78,0.14443436290053024,0.46339892501970764,0.9170823152207054,0.5254414402671155,0.012578926575035832,0.0,0.0,False,False,True,262,72,False,1.15,1,1,
306,0,1,0.12306575730694573,0.46159015749549526,0.9752850776949433,0.4372040256490594,0.03325358348098727,0.0,0.0,False,False,False,-1,0,False,0.0,3,3,
307,4,0,0.7343187056405648,0.2444880450191862,1.0,0.3940798255743975,0.3104628268405214,0.16401188184148693,0.12291005830130326,False,False,False,-1,0,False,0.0,5,5,
308,0,0,0.2826401194967075,0.5047855457534363,1.0,0.341915794464655,0.06770549921911705,0.0,0.0,False,False,False,-1,0,False,0.0,2,2,
309,1,0,0.17772302186284916,0.15246127572482104,0.9763585159682429,0.5146121576961693,0.34046659359355697,0.04688630324118621,0.009214028699847799,False,False,False,-1,0,False,0.0,5,5,
310,0,2,0.19685672455853984,0.36526027920455795,0.9781874843640099,0.5060925475740337,0.17902822805467658,0.0,0.0,False,False,False,-1,0,False,0.0,3,3,
311,2,0,0.21535517937124132,0.714354934673771,1.0,0.3904636733843221,0.6525300137139944,0.03512337159784237,0.0003539755257417416,False,False,False,-1,0,False,0.0,3,3,
312,0,1,0.2732277665021197,0.14625902264741364,0.9871617601169012,0.4470869994796378,0.3839947069558125,0.0,0.0,False,False,False,-1,0,False,0.0,4,4,
313,1,19,0.06842328226381794,0.8017143197044418,0.6967643204753621,0.3494258182400773,0.4120395779366908,0.017291754478571068,0.00016536310693521307,False,False,True,54,19,False,1.18,0,0,
314,0,0,0.21246080035538603,0.3226352136457888,0.9873618830650206,0.41861631875423316,0.17683613233953624,0.0,0.0,False,False,False,-1,0,False,0.0,5,5,
315,0,0,0.5403569530514416,0.47697104078972,0.9900100672480366,0.47664540491240454,0.19921715882693322,0.0,0.0,False,False,False,-1,0,False,0.0,2,2,
316,1,0,0.21946636545843223,0.578981035701406,1.0,0.3709809053308115,0.10651294590444872,0.12152360667232087,0.42805066795449304,False,False,False,-1,0,False,0.0,2,2,
317,1,1,0.6328744024833213,0.08051598659621165,1.0,0.5128617205108689,0.2933299185826517,0.046418612366355375,0.008849153163333826,False,False,False,-1,0,False,0.0,6,6,
318,0,42,0.13014939761944727,0.2614747676471528,0.9715790704608684,0.1532689520770926,0.4531637510831144,0.0,0.0,False,False,True,174,18,False,1.21,1,1,
319,2,0,0.5884250646231699,0.5152019231273965,0.9832878420400454,0.43126115668260806,0.05411983558265437,0.15793345698893788,0.5254403397129808,False,False,False,-1,0,False,0.0,4,4,
320,297,0,1.0,1.0,1.0,0.5024106410649404,0.5423899754072314,0.4769041360305864,0.2080399425858792,True,False,False,-1,0,False,0.0,0,0,
321,2,10,0.43446670232009255,0.23244639628595015,0.9894582067872931,0.43930839413947653,0.42442440197906983,0.06875896716119954,0.007053861203792908,False,False,False,-1,0,False,0.0,4,4,
322,1,2,0.3560878671560085,0.10927569722326685,1.0,0.503897047407857,0.5028436881775676,0.03171365447880841,0.0019058269531941749,False,False,False,-1,0,False,0.0,5,5,
323,6,0,0.35197520886031,0.4217991190568734,1.0,0.43402103570773604,0.23725223737850124,0.3206406182619315,0.3254756756872377,False,False,False,-1,0,False,0.0,2,2,
324,0,0,0.18863416364023267,0.33958633345327666,1.0,0.4691182129570803,0.03131546378452602,0.0,0.0,False,False,False,-1,0,False,0.0,2,2,
325,0,0,0.3279963529745489,0.18443752254591905,0.9673057310180225,0.4477272056762261,0.012258787336352793,0.0,0.0,False,False,False,-1,0,False,0.0,2,2,
326,1,0,0.013195181290107053,0.3396618851843702,0.9864644041528902,0.43660001703642193,0.009153608812678233,0.07215410564220713,0.052360893770972874,False,False,False,-1,0,False,0.0,1,1,
327,1,0,0.3902163556268332,0.49206394710332413,0.9970373010166121,0.41205296136533337,0.24292539878554428,0.019019562653038367,0.00024274102714872534,False,False,False,-1,0,False,0.0,3,3,
328,0,0,0.19079230930663826,0.29144662666800947,1.0,0.5479165785535418,0.2304149843407355,0.0,0.0,False,False,False,-1,0,False,0.0,4,4,
329,0,20,0.24845436683146063,0.2576880124437,0.37000805722437413,0.2312820628421602,0.4000380713604874,0.0,0.0,False,False,True,49,16,False,1.21,1,1,
330,1,2,0.2504980782338116,0.5054474847825424,0.9689877086374462,0.44371993507371627,0.050924020065223154,0.06794195148521147,0.04108846901178373,False,False,False,-1,0,False,0.0,4,4,
331,2,2,0.3508271500339986,0.19596399939855597,0.9916591583825515,0.40885235167558615,0.06192168790791421,0.07514241055683002,0.00973633706672253,False,False,False,-1,0,False,0.0,4,4,
332,1,0,0.27853477042299674,0.7059730727145961,1.0,0.47866865550541343,0.38948567217316327,0.020198706438901988,0.0003093358658057111,False,False,False,-1,0,False,0.0,0,0,
333,1,0,0.5448178106444972,0.4168667314063754,1.0,0.49565814677133213,0.01597761382501548,0.09994493720523165,0.19467587308039985,False,False,False,-1,0,False,0.0,3,3,
334,1,1,0.39035944613587414,0.5425327575658746,0.977383117852593,0.48100743650989136,0.2564523883038461,0.03894932894581573,0.00436329283880209,False,False,False,-1,0,False,0.0,5,5,
335,0,15,0.04578032342163341,0.4339678967816097,0.6103774613269073,0.547620996131105,0.2992602057659128,0.0,0.0,False,False,True,46,13,False,1.21,1,1,
336,1,1,0.46769506427778257,0.2982305210408299,0.9573939700421372,0.458223291975807,0.14038749787629146,0.02395183614497094,0.0006148139364982807,False,False,False,-1,0,False,0.0,3,3,
337,0,17,0.2899984021121656,0.11133182567067265,1.0,0.3933067721877506,0.20677709818406395,0.0,0.0,False,False,False,-1,0,False,0.0,2,2,
338,0,29,0.16471705481971533,0.2861929431554567,0.9150387263514118,0.059842623077364925,0.3288039386285785,0.0,0.0,False,False,True,140,18,False,1.15,1,1,
339,0,1,0.18081764167208098,0.30052366754688564,1.0,0.489013284057122,0.3249556944674636,0.0,0.0,False,False,False,-1,0,False,0.0,4,4,
340,2,11,0.5238696535659008,0.2550893023269593,1.0,0.510659761818831,0.33155666495768393,0.05841049448802636,0.005132101100586225,False,False,False,-1,0,False,0.0,3,3,
341,0,0,0.2872748645116314,0.2807515488550825,1.0,0.5123973941398611,0.09984228381556551,0.0,0.0,False,False,False,-1,0,False,0.0,3,3,
342,1,0,0.3968269394578993,0.8039205408438974,1.0,0.5490192253456085,0.4209492943705889,0.05183037811694673,0.013801555837664382,False,False,False,-1,0,False,0.0,3,3,
343,0,0,0.32512452895421234,0.13182091739257082,0.9884975651170445,0.4532195714145617,0.39489511982473774,0.0,0.0,False,False,False,-1,0,False,0.0,3,3,
344,0,0,0.19752558297001893,0.187853408580345,1.0,0.5069188093090536,0.20171153416397325,0.0,0.0,False,False,False,-1,0,False,0.0,4,4,
345,0,0,0.12235491307668797,0.33668168314842084,1.0,0.4454056586834674,0.2928963456604392,0.0,0.0,False,False,False,-1,0,False,0.0,1,1,
346,2,1,0.602093883158476,0.5710679161723996,0.9999952044419771,0.4620679858297618,0.34449765685568884,0.18158365516319175,0.7897428319089066,False,False,False,-1,0,False,0.0,4,4,
347,1,0,0.18770377346710676,0.16053352270019505,0.9754861373691738,0.532399087586903,0.10750108336123453,0.0480762503834003,0.010193402710134216,False,False,False,-1,0,False,0.0,1,1,
348,2,31,0.4978613378747855,0.31303417575255515,1.0,0.3760349629725311,0.2611259129114325,0.07547772941135783,0.010767519846122604,False,False,False,-1,0,False,1.15,3,3,
349,0,2,0.19424537171469472,0.3173949486397378,0.9527684788441686,0.3207253015079272,0.045876618841893986,0.0,0.0,False,False,False,-1,0,False,0.0,4,4,
