agent_id,punish_issued,punished_received,final_r,final_b,final_x,y,L,cap,service,is_enforcer,cadre_fallback,exited,exit_time,exit_intent,disengaged,exit_cost_eff_last,degree,degree_at_end,betweenness
0,0,77,0.21808591089718904,0.3535015453187414,1.0,0.3047690331354002,0.3297560680516534,0.0,0.0,False,False,True,106,54,False,2.95,4,4,
1,0,60,0.23269254480119525,0.2287867786648437,0.9526513089428857,0.33232420557596876,0.14738629269261933,0.0,0.0,False,False,True,110,52,False,2.4699999999999998,4,4,
2,0,136,0.3656901112569395,0.3319455259380064,0.9556119195864528,0.1636219033023604,0.3377580374279847,0.0,0.0,False,False,True,94,72,False,2.86,5,5,
3,0,657,0.4650538832059517,0.6220262227167703,0.44120410455549686,0.2005957392830562,0.13406275937543588,0.0,0.0,False,False,True,260,234,False,1.78,3,3,
4,0,2,0.35757386902915034,0.4316619774741413,1.0,0.4699774438063894,0.03723954044100337,0.0,0.0,False,False,False,-1,0,False,0.0,5,5,
5,2,46,0.6249671601058617,0.22927323636202082,0.9732352464073762,0.34126380380951277,0.49769362271910705,0.08270997705753189,0.03377060779856926,False,False,True,412,14,False,1.3900000000000001,1,1,
6,1,29,0.33111312490177175,0.45129740889058456,0.9910210129636877,0.5741175702785867,0.38463116238031964,0.02407219713062406,0.0006273611596921231,False,False,False,-1,0,False,0.0,17,17,
7,0,84,0.31930855015422555,0.5201734402452697,0.976929555177925,0.37528223363462515,0.2703684338440195,0.0,0.0,False,False,True,129,61,False,1.99,3,3,
8,0,292,0.6856877898556093,0.3509531484171262,0.9286933321136144,0.07536314937152873,0.14393117121037796,0.0,0.0,False,False,True,132,110,False,2.6799999999999997,5,5,
9,0,82,0.46242981937572775,0.20992357859509767,0.9220606083680369,0.7424082409744286,0.07533526046595186,0.0,0.0,False,False,True,126,92,False,2.32,2,2,
10,723,170,1.0,1.0,1.0,0.5681549944197739,0.5389767126932933,2.0,85.22599019739913,True,False,False,-1,0,False,0.0,19,19,
11,0,103,0.514780838244271,0.43709934425417124,0.3692628216546693,0.567535661128136,0.029130724847044296,0.0,0.0,False,False,True,118,82,False,2.05,0,0,
12,0,288,0.5390073381373063,0.415337078134255,0.0,0.7036162417340425,0.034644587577291434,0.0,0.0,False,False,True,204,182,False,2.29,4,4,
13,744,231,1.0,1.0,0.9956461112815538,0.5503898356892912,0.7293059507571423,2.0,85.37196040555449,True,False,False,-1,0,False,0.0,20,20,
14,0,66,0.2978656374944491,0.22974974725292993,0.754085978318466,0.6687226857396044,0.384633614798708,0.0,0.0,False,False,True,78,53,False,2.05,3,3,
15,0,174,0.49914592827528215,0.14208832219280404,0.9515234932451343,0.4013780486707808,0.1988956198370971,0.0,0.0,False,False,True,167,102,False,1.33,1,1,
16,0,148,0.2024316912979283,0.3067181784927071,0.5455626191474502,0.794495510935385,0.263424634160341,0.0,0.0,False,False,True,120,98,False,2.26,3,3,
17,0,208,0.38986323396910866,0.34078278508537296,0.7286331469162373,0.6506026639360272,0.1188940908135525,0.0,0.0,False,False,True,336,227,False,1.45,1,1,
18,0,90,0.23759591115067566,0.3490828600757988,0.6295239697312154,0.6411759666644985,0.40876909002195705,0.0,0.0,False,False,True,60,46,False,2.41,4,4,
19,0,0,0.10706983190409483,0.035260010784558114,1.0,0.5662126439667877,0.05512049865955267,0.0,0.0,False,False,False,-1,0,False,0.0,5,5,
20,2,23,0.19823691241365157,0.14212556291012893,1.0,0.5070837610390871,0.3703450809372384,0.19928713461107725,0.7918929153349605,False,False,False,-1,0,False,0.0,12,12,
21,1,80,0.4689338656227665,0.4197879615902421,0.9497432543204087,0.4138844611101613,0.30693418080318624,0.018456060738487552,0.0002150302894227997,False,False,False,-1,7,True,1.33,11,11,
22,0,36,0.11435611032839448,0.5967693378636204,0.6496293934792395,0.8221741740279319,0.2821686298963817,0.0,0.0,False,False,True,63,44,False,1.6,1,1,
23,715,253,1.0,1.0,0.9940790532685796,0.4620688444357995,0.5468969127389041,2.0,79.32100078786836,True,False,False,-1,0,False,0.0,12,12,
24,1,62,0.17001477213273453,0.2866421327350762,0.9559597144155091,0.7348938749674387,0.30690886110836446,0.02674428770492065,0.0009588927570509446,False,False,True,359,17,False,1.48,2,2,
25,0,46,0.6825675235709531,0.719663531874969,0.8886713460597815,0.5671683049212389,0.18653769030374914,0.0,0.0,False,False,True,139,40,False,1.42,0,0,
26,0,57,0.2334073598360048,0.2809494084041729,0.8725323343221983,0.5649054966645325,0.17836695831671187,0.0,0.0,False,False,False,-1,20,True,1.3599999999999999,12,12,
27,0,51,0.1829666807298588,0.09547043579017093,0.7975148817896486,0.5295952775896908,0.4977693758969816,0.0,0.0,False,False,True,96,44,False,1.96,3,3,
28,0,65,0.6147800940321514,0.149943053313255,0.6785562122368326,0.8639624436954206,0.16493233868553886,0.0,0.0,False,False,True,87,63,False,2.26,2,2,
29,1,57,0.22555257136797813,0.11695748330233477,0.9810943009875909,0.1382265087523542,0.03299117223258035,0.021667081998561107,0.0004104546851523825,False,False,True,136,66,False,1.18,1,1,
30,0,25,0.16925796747419522,0.386582261501871,1.0,0.4801500266493077,0.113961566524122,0.0,0.0,False,False,False,-1,0,False,0.0,8,8,
31,0,23,0.17236596795817957,0.2847113153672641,1.0,0.6172532383102185,0.13002410541162523,0.0,0.0,False,False,False,-1,0,False,0.0,10,10,
32,0,83,0.1891377377730578,0.3726416026341825,0.8691169652315274,0.7315349969399191,0.10373497127017196,0.0,0.0,False,False,True,230,74,False,1.3,1,1,
33,0,73,0.12249174136208384,0.5346200772454752,0.9792150303461251,0.2786642829018509,0.2386321879581299,0.0,0.0,False,False,True,134,85,False,1.69,1,1,
34,1,69,0.6755116220444768,0.36526744505414377,0.9221640389592202,0.4506253123121517,0.30493370835479544,0.04481812863596217,0.007682175808701076,False,False,True,306,48,False,1.48,2,2,
35,0,50,0.30191141091581425,0.7772431442866796,0.7603615421326058,0.9088639794792094,0.06952829282665,0.0,0.0,False,False,True,88,33,False,1.6,1,1,
36,0,26,0.45227489563980383,0.03859016723868303,0.8793618569325404,0.5140947333540367,0.03678930507945962,0.0,0.0,False,False,True,85,30,False,1.45,1,1,
37,2,132,0.38461980739783164,0.3077073286280637,0.9299409031903896,0.6570878977940537,0.24240591573255185,0.04565824352107292,0.00131377064503773,False,False,True,254,141,False,1.3900000000000001,1,1,
38,0,50,0.2614636288970792,0.12381247148299782,0.8116062542965511,0.5232604759187772,0.07676873424966334,0.0,0.0,False,False,True,119,52,False,1.6,2,2,
39,1,41,0.40278880849892096,0.4300215042115907,0.8536876880261661,0.4215781396934433,0.17920271790565365,0.01969876326921395,0.00027961512229791625,False,False,True,123,37,False,1.3599999999999999,0,0,
40,0,116,0.24116059383093702,0.35030220818708485,0.9656495537695496,0.39938194347051453,0.3733855456794595,0.0,0.0,False,False,True,284,84,False,1.3599999999999999,1,1,
41,0,77,0.1885654099178091,0.28179460737789225,0.9038700846703451,0.5068519026593834,0.060462963402600337,0.0,0.0,False,False,False,-1,13,True,1.18,6,6,
42,1,0,0.11165209563127251,0.3609472754086096,0.9812904954409387,0.5724663034782101,0.3058128392527283,0.021885388751355882,0.0004273788891632471,False,False,False,-1,0,False,0.0,5,5,
43,1,31,0.4636932573992937,0.3869722468776725,0.8704819326846692,0.22378400764145154,0.27899233453160543,0.017819707701779628,0.0001866732846693645,False,False,True,118,12,False,1.69,2,2,
44,1,53,0.1920384148610872,0.3883828235976843,0.910646901010785,0.605947721698579,0.230151834278737,0.01999722434217394,0.00029708616551980496,False,False,True,437,25,False,1.3,1,1,
45,0,47,0.3224592770116032,0.13230092709577143,0.9388104575832812,0.41185559295074864,0.2348323564290572,0.0,0.0,False,False,True,147,43,False,1.3,0,0,
46,0,42,0.4517109793625623,0.23697996776055932,0.8886742677460483,0.44293917501168895,0.4549018133645456,0.0,0.0,False,False,True,109,38,False,1.51,1,1,
47,0,0,0.14478432334184907,0.04374115614578016,0.9717961742477387,0.4931555755451822,0.034823920587247016,0.0,0.0,False,False,False,-1,0,False,0.0,5,5,
48,0,24,0.2109177357500214,0.36431051563498407,0.8469789920567964,0.4805485977938853,0.2709594387334058,0.0,0.0,False,False,True,144,16,False,1.3,0,0,
49,0,45,0.08852341163542289,0.33840580858409347,0.8481675418840383,0.571205015521389,0.49461928691683066,0.0,0.0,False,False,True,92,51,False,1.75,1,1,
50,0,23,0.13745691461993467,0.21933778578568278,1.0,0.48495216575901856,0.46324943981474637,0.0,0.0,False,False,False,-1,0,False,0.0,8,8,
51,1,36,0.26959371865450327,0.16796429532540927,0.9888716005522034,0.44302071946205457,0.30924049309930235,0.018363780434795113,0.0002107296836343437,False,False,True,172,22,False,1.51,2,2,
52,0,53,0.18562602750610757,0.3414557554738443,0.7882852489150395,0.2958980944453108,0.2300333687211463,0.0,0.0,False,False,True,352,17,False,1.27,1,1,
53,0,23,0.4237787547875176,0.1419328037604367,0.36285396695967603,0.35468030097954106,0.17860431991831233,0.0,0.0,False,False,True,75,13,False,1.3599999999999999,1,1,
54,1,33,0.6638527963333881,0.3160633332367566,0.813687855978862,0.5177592805315211,0.07466399300886782,0.018456060738487552,0.0002150302894227997,False,False,True,67,29,False,1.42,1,1,
55,1,74,0.3008591995452312,0.24166697442918436,0.9595843204146348,0.4093787604576373,0.2001884205319451,0.027560846424495803,0.0010824643048977804,False,False,True,417,16,False,1.15,1,1,
56,1,44,0.15279987643499646,0.38279256122970895,0.9973221126899646,0.5200303691580814,0.5142108591440071,0.027423042192373324,0.0010608150187998249,False,False,False,-1,6,True,1.21,5,5,
57,0,40,0.454390616989284,0.37542323092728935,0.4815205857123992,0.1821289433769902,0.2694807846956572,0.0,0.0,False,False,True,93,55,False,1.66,2,2,
58,0,39,0.4867518848763363,0.40961111695362057,0.9997704029470139,0.38204138477946376,0.4131093932272928,0.0,0.0,False,False,True,133,43,False,1.42,0,0,
59,0,36,0.15694957550974648,0.39222484204711794,0.9713624085523804,0.7483052915572947,0.5609647126187953,0.0,0.0,False,False,True,145,15,False,1.3,1,1,
60,2,2,0.47040137202564625,0.7011667355316551,1.0,0.6246815754294053,0.42413190043747495,0.04208409519025785,0.0007367147549689565,False,False,False,-1,0,False,0.0,11,11,
61,2,33,0.49464775449957105,0.16315536700303906,0.9286862481918535,0.5680430226846449,0.1578069625477675,0.14769964362368587,0.5457082159770045,False,False,False,-1,0,False,0.0,11,11,
62,350,0,1.0,1.0,0.9544103389590015,0.5350901618246942,0.5462570921623718,0.6127411561066805,0.45207856579515976,False,False,False,-1,0,False,0.0,1,1,
63,0,73,0.3158585447553042,0.19939522676546012,0.8780146480511957,0.5543415182018203,0.39547032956434486,0.0,0.0,False,False,True,176,84,False,1.3599999999999999,1,1,
64,0,38,0.16624911679093848,0.2591289405049248,0.9621809423465889,0.26169202674645214,0.2506230148175068,0.0,0.0,False,False,True,123,38,False,1.3900000000000001,1,1,
65,0,17,0.13985204955330738,0.3188615427085193,1.0,0.5361613625641322,0.14279506985858825,0.0,0.0,False,False,False,-1,0,False,0.0,4,4,
66,0,30,0.21136011956794257,0.23090009512536833,1.0,0.4959421404272578,0.31052085043853983,0.0,0.0,False,False,False,-1,0,False,0.0,8,8,
67,5,113,1.0,0.8444925156776344,0.8248913152859291,0.45236405830404425,0.11425208594087446,0.3011252195845551,0.1540237798428871,False,False,True,444,112,False,1.15,1,1,
68,0,20,0.2815146859979546,0.11911524046042289,0.940413718296907,0.2718736196957848,0.4483281106246534,0.0,0.0,False,False,True,113,15,False,1.69,1,1,
69,0,127,0.13990731046338373,0.35663534719016454,0.5335374808050272,0.6942582184951305,0.3026218099315072,0.0,0.0,False,False,True,215,117,False,1.21,0,0,
70,0,0,0.41903912301633867,0.24669630128233544,0.9968123911598945,0.5267619788877641,0.5460650189454214,0.0,0.0,False,False,False,-1,0,False,0.0,2,2,
71,0,6,0.17285795522646338,0.2930678762833501,0.9852448564791845,0.5013638432468048,0.33727430704025696,0.0,0.0,False,False,False,-1,0,False,0.0,17,17,
72,1,55,0.4807932292857449,0.16817875068205376,1.0,0.5381169976842992,0.30333437247487627,0.04481812863596217,0.007682175808701076,False,False,True,410,21,False,1.27,1,1,
73,2,0,0.3604990400612708,0.19824428864278687,1.0,0.5295407262871149,0.14149611780491514,0.0759261540092328,0.009245672060806794,False,False,False,-1,0,False,0.0,8,8,
74,0,0,0.2715882374844592,0.2727212729185095,1.0,0.46061706429714416,0.023737920961200122,0.0,0.0,False,False,False,-1,0,False,0.0,3,3,
75,0,1,0.34239317518027923,0.10077043984469335,0.9698590459033465,0.5725829235581934,0.1939528650865138,0.0,0.0,False,False,False,-1,0,False,0.0,6,6,
76,0,66,0.2982703481283298,0.26270771002476856,0.8159014811160613,0.4499237004455577,0.03298885211941579,0.0,0.0,False,False,True,104,65,False,1.51,2,2,
77,3,32,0.7263089806213961,0.36222932017075293,1.0,0.5289406781051088,0.2857138585352919,0.05827987426731558,0.0008661091236517553,False,False,True,113,25,False,1.3599999999999999,1,1,
78,0,62,0.23061178600181353,0.12648239300704583,0.9024406035806773,0.288442515624535,0.5520080755504106,0.0,0.0,False,False,True,189,55,False,1.21,1,1,
79,2,44,0.40973439609704304,0.2304207192691892,0.9977655628769696,0.54691198033353,0.3500712617435844,0.05857495571467308,0.004024202305897689,False,False,True,275,33,False,1.21,1,1,
80,0,216,0.11992631379581863,0.050111422344003814,0.8780036260312389,0.4606042594967889,0.19462652110986298,0.0,0.0,False,False,True,213,154,False,1.51,1,1,
81,475,1,1.0,1.0,1.0,0.533206326997677,0.35598040364040134,0.771641074933063,2.247756244528417,True,False,False,-1,0,False,0.0,1,1,
82,1,0,0.2854208443764009,0.10830874814115313,1.0,0.4650775187580154,0.21181031303851025,0.06084792787522769,0.026344722276883607,False,False,False,-1,0,False,0.0,4,4,
83,0,0,0.25262568495680915,0.2551395749306274,1.0,0.4677711333166094,0.1797966982879574,0.0,0.0,False,False,False,-1,0,False,0.0,9,9,
84,1,21,0.6434204861048692,0.3632131924670099,1.0,0.5796846801481805,0.21683342360557423,0.041780809410277994,0.005789609891221002,False,False,False,-1,0,False,0.0,4,4,
85,516,154,1.0,1.0,0.9896720170613528,0.5107365973725042,0.5174333812234503,2.0,23.77074093757542,True,False,False,-1,0,False,0.0,2,2,
86,1,3,0.34064356641621224,0.22770988278956256,1.0,0.49522505957419816,0.30208412845639276,0.017999250222751575,0.0001943703505511917,False,False,False,-1,0,False,0.0,8,8,
87,0,1,0.2734214792138836,0.35783560671874837,1.0,0.4671825227390139,0.23506999938259762,0.0,0.0,False,False,False,-1,0,False,0.0,3,3,
88,0,20,0.5433757607924914,0.08519524702117569,0.9662277575162893,0.456760791932346,0.31781278378905486,0.0,0.0,False,False,False,-1,0,False,0.0,6,6,
89,1,29,0.514742750386165,0.4578109213917878,0.8919847675471952,0.5633605198898394,0.4372860177648909,0.025693051153497355,0.0008157905003204434,False,False,True,144,26,False,1.33,1,1,
90,0,42,0.14559734838873442,0.5087907211861019,1.0,0.5282235621496832,0.05922527862100546,0.0,0.0,False,False,False,-1,0,False,0.0,3,3,
91,2,1,0.32450032324759676,0.14206387497501122,0.9798631707716751,0.47617531528289747,0.3066754836844995,0.03943913508822301,0.0006030742913077742,False,False,False,-1,0,False,0.0,3,3,
92,1,0,0.22341190424853344,0.4762268401042342,0.9542602780894003,0.5754470727945208,0.693076036033832,0.13366635836703128,0.6283472821521205,False,False,False,-1,0,False,0.0,6,6,
93,1,31,0.22223301882819269,0.48748928105771416,0.959797775440938,0.5502543098445872,0.3092477229409132,0.041990763226410044,0.005907765195123471,False,False,False,-1,0,False,0.0,7,7,
94,0,0,0.11484015902252315,0.07926593933648007,1.0,0.4741503084436785,0.2683611494739399,0.0,0.0,False,False,False,-1,0,False,0.0,10,10,
95,0,67,0.40690609387126886,0.46666745054210584,0.9384162436702345,0.45839549448747946,0.13290025100897288,0.0,0.0,False,False,True,254,34,False,1.3,1,1,
96,0,76,0.19107408761958247,0.3145953134081323,0.7998582523943367,0.7950130560270626,0.3681992304021731,0.0,0.0,False,False,True,254,58,False,1.27,0,0,
97,358,0,1.0,1.0,1.0,0.5092181430044772,0.4994998244453995,0.771641074933063,1.0281586452669764,True,False,False,-1,0,False,0.0,1,1,
98,594,171,1.0,1.0,0.9088920156112336,0.6002249413084626,0.6851650713903947,1.9602990012500001,26.794617007311746,True,False,False,-1,0,False,0.0,4,4,
99,3,2,0.5823535316159093,0.6410023632654394,0.9283625504386186,0.48165416452829685,0.2952024785856871,0.18356845733884292,0.37617952908933316,False,False,False,-1,0,False,0.0,5,5,
100,1,25,0.4329007809853518,0.2840467882625517,1.0,0.408295606940384,0.49433519797849673,0.03171365447880841,0.0019058269531941749,False,False,True,253,13,False,1.12,0,0,
101,0,21,0.4121848967642024,0.2503287500087442,0.9514269328685886,0.44163929220434567,0.30403890767272745,0.0,0.0,False,False,False,-1,0,False,0.0,7,7,
102,0,44,0.2744847853778223,0.2776481576621172,0.7489441540191911,0.4622424962138968,0.056166295174498206,0.0,0.0,False,False,True,99,47,False,1.24,0,0,
103,3,1,0.2280394452482081,0.2920187761223143,0.9969191478066216,0.4850414811528437,0.4180680264304725,0.13223250808194695,0.13873896532288058,False,False,False,-1,0,False,0.0,8,8,
104,260,32,1.0,1.0,1.0,0.5160101193692,0.17596102967626712,2.0,51.872994362725244,True,False,False,-1,0,False,0.0,7,7,
105,0,1,0.1803486393528997,0.36810964242548516,1.0,0.5999296331771311,0.39068458148932494,0.0,0.0,False,False,False,-1,0,False,0.0,4,4,
106,0,2,0.27059539506757424,0.22753025862818974,1.0,0.5832689804225266,0.16801433075898828,0.0,0.0,False,False,False,-1,0,False,0.0,5,5,
107,2,0,0.6031797795641886,0.08619084833750207,0.9896533008475397,0.5181424069630384,0.22414461345941003,0.12212596632238752,0.1036597877860095,False,False,False,-1,0,False,0.0,5,5,
108,490,24,1.0,1.0,0.9355857615152094,0.5111844002526382,0.5520661039690272,2.0,28.669826774789453,True,False,False,-1,0,False,0.0,1,1,
109,0,53,0.08848203400548674,0.15257886999687167,0.8026788677377326,0.6878690607730371,0.5419630263992614,0.0,0.0,False,False,True,138,66,False,1.21,0,0,
110,0,47,0.28713472677594337,0.5390733100677905,0.736973209361208,0.4265194076991716,0.32314058700588427,0.0,0.0,False,False,True,87,60,False,1.54,2,2,
111,408,0,1.0,1.0,0.9849792898249824,0.48040814771586937,0.5664192872706851,1.13511044492075,4.51145200160109,True,False,False,-1,0,False,0.0,1,1,
112,7,0,0.932282448678859,0.5361042198219067,1.0,0.4806079846451172,0.19575827465823045,0.24941305387429089,0.06127578802081562,False,False,False,-1,0,False,0.0,1,1,
113,0,49,0.004907386952552292,0.16741709844273958,0.922694160559889,0.5302779549936647,0.2893818552982346,0.0,0.0,False,False,True,237,32,False,1.42,1,1,
114,5,0,0.8826582281233107,0.46858482085160125,0.9445005815868834,0.5354322090614755,0.09238552925166324,0.3841385032839142,1.045576093548486,False,False,False,-1,0,False,0.0,3,3,
115,0,1,0.4358677216609443,0.10582813499931368,0.9837522515204601,0.6153176338628631,0.14276946174480531,0.0,0.0,False,False,False,-1,0,False,0.0,2,2,
116,1,4,0.2860276996273738,0.11808751593303476,1.0,0.5063309308187525,0.10315028652961772,0.03612818888643613,0.0032225932765331767,False,False,False,-1,0,False,0.0,9,9,
117,184,0,1.0,1.0,0.989409892655911,0.5599411007972236,0.6521276972590687,0.42073448275219205,0.15364269829382526,False,False,False,-1,0,False,0.0,2,2,
118,1,0,0.7970941238909595,0.05786727426336966,0.9460468351922421,0.6181099529238867,0.33776166025615023,0.041780809410277994,0.005789609891221002,False,False,False,-1,0,False,0.0,2,2,
119,0,32,0.06743421312641532,0.37380608155718403,0.9543299588482191,0.6099113342517952,0.33364630902762715,0.0,0.0,False,False,True,350,15,False,1.15,1,1,
120,1,0,0.5668564971722782,0.40453453097705405,1.0,0.5750810927371613,0.2925973877803723,0.029416601782369066,0.0014075849026180458,False,False,False,-1,0,False,0.0,3,3,
121,0,5,0.357830817862118,0.15117971566485477,1.0,0.5018132105908658,0.18163445145038448,0.0,0.0,False,False,False,-1,0,False,0.0,7,7,
122,0,0,0.4303470592494969,0.26150291044101664,0.9591307826186093,0.4673777549979917,0.29889685861726867,0.0,0.0,False,False,False,-1,0,False,0.0,4,4,
123,0,0,0.49942095332419556,0.5747403453385591,0.9805308008520139,0.4799854705986778,0.30830467854877414,0.0,0.0,False,False,False,-1,0,False,0.0,2,2,
124,2,0,0.27784179689952154,0.17781821770519093,0.979754128778423,0.4478760269118518,0.055070943863623864,0.04442479081718458,0.0012852130452538602,False,False,False,-1,0,False,0.0,3,3,
125,0,54,0.6777910467922457,0.44662957100798983,0.9130700198021524,0.42402988404058134,0.43244384751236276,0.0,0.0,False,False,True,148,59,False,1.3599999999999999,1,1,
126,0,3,0.03790185568888227,0.4571508656643017,0.9653952881145405,0.47296265307305807,0.14763030286176912,0.0,0.0,False,False,False,-1,0,False,0.0,8,8,
127,3,0,0.4977387082509195,0.24383996889220902,0.9902713506565977,0.4998273780786423,0.125297480447431,0.18911315378421592,0.6706734111393693,False,False,False,-1,0,False,0.0,5,5,
128,1,0,0.5004729584620614,0.3232337709857257,0.9759686739960264,0.5199449362516692,0.06846642579255827,0.027285926981411458,0.0010395987184238283,False,False,False,-1,0,False,0.0,4,4,
129,0,1,0.26228064212900126,0.621401687217446,0.9930003959508238,0.4170650494761842,0.46499149798907263,0.0,0.0,False,False,False,-1,0,False,0.0,4,4,
130,3,0,0.6011071996833817,0.4046557549844688,1.0,0.5310621979175567,0.23817002972211532,0.0761513467804243,0.003606153543875957,False,False,False,-1,0,False,0.0,0,0,
131,0,0,0.31509928125683534,0.38112332972389795,0.9893333644590251,0.5460823684627686,0.2908153939882791,0.0,0.0,False,False,False,-1,0,False,0.0,2,2,
132,271,0,1.0,1.0,0.9604954637114063,0.5016645819648166,0.3595344439031843,0.4357591773334818,0.21175326080918833,False,False,False,-1,0,False,0.0,0,0,
133,0,0,0.06917764289341073,0.24339318892242295,0.9870474742264947,0.5176115240367987,0.2615901814964824,0.0,0.0,False,False,False,-1,0,False,0.0,4,4,
134,1,33,0.2485674399589191,0.4911670079866597,1.0,0.5084127345201371,0.1785220324854199,0.07072181061325282,0.04829602124348771,False,False,False,-1,0,False,0.0,4,4,
135,0,17,0.1735217627030019,0.5078430160113862,0.36517499935906317,0.5679354428323908,0.06876160864690702,0.0,0.0,False,False,True,46,19,False,1.33,1,1,
136,2,30,0.48663189841639176,0.20276258023434704,0.9876017503230949,0.4439324636480294,0.11764300388213295,0.044818026540352995,0.0010952290178234008,False,False,False,-1,1,False,0.0,5,5,
137,1,0,0.6906170995163073,0.5956657971348924,1.0,0.4739894082257779,0.04475574507488752,0.023594351996527728,0.0005786579585206898,False,False,False,-1,0,False,0.0,2,2,
138,0,3,0.05911395733296708,0.32614798699931863,1.0,0.4001725049175827,0.19606985653873907,0.0,0.0,False,False,False,-1,0,False,0.0,6,6,
139,0,15,0.03614362311025596,0.3596764302274101,0.6536119458150532,0.39890595727319256,0.4386520970156156,0.0,0.0,False,False,True,44,14,False,1.3,1,1,
140,0,76,0.06667996801807745,0.6271237738576542,0.9105852465146069,0.5110809669562999,0.26262826037556164,0.0,0.0,False,False,True,200,65,False,1.12,0,0,
141,0,64,0.08027414667814232,0.07658279759725461,0.29417662187486393,0.436424597766634,0.057048181178399805,0.0,0.0,False,False,True,113,81,False,1.3,1,1,
142,1,27,0.20700205009899927,0.574458158431617,0.925019304311814,0.43739481628105564,0.08384015801467017,0.03251852860851103,0.002108400381915159,False,False,False,-1,0,False,0.0,7,7,
143,0,12,0.23970646755956573,0.28785274691320456,0.96687605912239,0.45743824248590476,0.07906958036644253,0.0,0.0,False,False,True,70,14,False,1.18,0,0,
144,0,1,0.08188098127964001,0.2016038849513594,0.9688784404717772,0.5770736065663027,0.37570139455820484,0.0,0.0,False,False,False,-1,0,False,0.0,6,6,
145,0,0,0.20989649237881441,0.5883423989060752,0.9448839411618921,0.5934700535217277,0.03610127064577961,0.0,0.0,False,False,False,-1,0,False,0.0,5,5,
146,0,0,0.09780409365834013,0.2761937144294981,1.0,0.585214438575785,0.04165236154184605,0.0,0.0,False,False,False,-1,0,False,0.0,6,6,
147,4,4,0.5077417538648505,0.617979764756076,0.9570694189147587,0.45992100379621653,0.1375763595310598,0.21725025454767816,0.2323927760469131,False,False,False,-1,0,False,0.0,7,7,
148,2,81,0.5478847076351997,0.7580133118914566,0.9356778984929878,0.40308081832088916,0.15266935605177184,0.052482169514952326,0.001907587643837639,False,False,True,186,65,False,1.21,1,1,
149,273,0,1.0,1.0,0.991210000812764,0.4371403305140617,0.15843904577021525,1.9504975062437502,36.97158891546983,True,False,False,-1,0,False,0.0,3,3,
150,0,32,0.4257744328199966,0.5845302503147419,0.9476208551474011,0.4528120872650647,0.27586635041480834,0.0,0.0,False,False,True,201,16,False,1.18,1,1,
151,1,31,0.6781062368543548,0.2635969382916036,1.0,0.5495246610536344,0.501486197265983,0.01854880476229905,0.00021941866267632623,False,False,True,124,32,False,1.18,0,0,
152,0,1,0.2574982383620791,0.3724203914274767,1.0,0.5496597445085563,0.43288113136194967,0.0,0.0,False,False,False,-1,0,False,0.0,3,3,
153,1,82,0.21536672855276687,0.5137320742656206,0.8923036850081462,0.5235823683733425,0.2561759606342052,0.018924464839773173,0.00023788620660575082,False,False,True,437,15,False,1.24,1,1,
154,0,21,0.37382996149843445,0.6418112194958131,0.8508423477818803,0.39926711940337434,0.038462857054751894,0.0,0.0,False,False,True,71,18,False,1.45,0,0,
155,0,0,0.0618599502357757,0.35294781515904283,1.0,0.543788836421348,0.2555682911955934,0.0,0.0,False,False,False,-1,0,False,0.0,2,2,
156,0,35,0.27297346324030486,0.25749775874345987,0.973323189151038,0.42403988629956335,0.42066422384054064,0.0,0.0,False,False,False,-1,0,False,1.06,2,2,
157,0,0,0.40774773273509307,0.061401106487844206,1.0,0.5296499187139077,0.398380307538279,0.0,0.0,False,False,False,-1,0,False,0.0,1,1,
158,1,0,0.31941973893570746,0.19401657356681964,1.0,0.41741145748517244,0.35988114518488884,0.0555982659618949,0.01831314723627813,False,False,False,-1,0,False,0.0,2,2,
159,1,40,0.20008593063721125,0.49358001670150764,0.9805874485512048,0.6026597751831415,0.09281556860616752,0.023125992326967125,0.0005337356764700849,False,False,True,154,13,False,1.18,0,0,
160,0,1,0.10224217919983826,0.3732124613731174,0.9340402730902969,0.5268290310268496,0.13148685030677854,0.0,0.0,False,False,False,-1,0,False,0.0,4,4,
161,0,21,0.3871689866459682,0.3745126947271296,0.8837900546621505,0.5189715321810658,0.17300418902345918,0.0,0.0,False,False,True,112,20,False,1.15,1,1,
162,1,34,0.11565030309894195,0.34136386038347266,1.0,0.5246094212759151,0.3747452710013762,0.1271314275453517,0.5134054775281945,False,False,False,-1,0,False,0.0,7,7,
163,0,62,0.4510530512183977,0.5026176639550456,0.924765118302482,0.3559587567160074,0.39954892014790155,0.0,0.0,False,False,True,170,57,False,1.18,1,1,
164,2,21,0.22741603309516825,0.23383557108809075,0.9739472754808473,0.5260236933373024,0.314810172868897,0.05135543404007262,0.0017646460605702198,False,False,False,-1,0,False,0.0,2,2,
165,0,100,0.14610273579338504,0.19917392782035592,0.9977746443699577,0.5372181997801143,0.1728540256266303,0.0,0.0,False,False,True,208,113,False,1.18,1,1,
166,0,0,0.06241821713864225,0.41052960363241414,0.9119870593099186,0.5087400746824536,0.11505020760325413,0.0,0.0,False,False,False,-1,0,False,0.0,2,2,
167,13,0,0.5293410368469829,0.7115316501045013,1.0,0.5265890628707832,0.5399768073290884,0.3071333599472097,0.022668866306759763,False,False,False,-1,0,False,0.0,5,5,
168,0,43,0.05870211275592916,0.2520791061523549,1.0,0.5358033332123221,0.1878606583238482,0.0,0.0,False,False,False,-1,5,False,0.0,7,7,
169,0,25,0.07583166520201215,0.5218232771558944,1.0,0.5603034310839775,0.14381219381833313,0.0,0.0,False,False,False,-1,2,False,0.0,6,6,
170,6,26,0.710326455367269,0.3662701493099728,0.9714645296111618,0.5981283449522026,0.4522875438223485,0.46153522381949424,0.9867563409206142,False,False,False,-1,9,True,0.0,3,3,
171,0,72,0.20848891163481892,0.029107367313529038,0.7102765634005772,0.47120729766552133,0.09790619402608709,0.0,0.0,False,False,True,235,83,False,1.18,1,1,
172,1,3,0.3851018822537154,0.40245680284400365,1.0,0.5090209176968626,0.10599734436911847,0.021885388751355882,0.0004273788891632471,False,False,False,-1,0,False,0.0,4,4,
173,0,24,0.11420940838817081,0.59456411426275,0.758967843659564,0.18997423967238994,0.5261927286653012,0.0,0.0,False,False,True,45,18,False,1.42,0,0,
174,0,31,0.41804456257385936,0.19774439194826435,1.0,0.5254586970588985,0.21501142575465632,0.0,0.0,False,False,False,-1,3,False,0.0,3,3,
175,1,0,0.29100271347004253,0.5644433323493733,0.9493927134142122,0.4542651334684714,0.07619824976310795,0.0526156736227251,0.014663911122984877,False,False,False,-1,0,False,0.0,3,3,
176,2,16,0.39559279580106504,0.4139073280196449,1.0,0.502499483206937,0.3085370026530412,0.09398796362000689,0.05076985715559772,False,False,False,-1,0,False,0.0,3,3,
177,1,0,0.38057403391710526,0.7086945665435916,0.979782370435762,0.4134267189538433,0.2957275037154988,0.026345125867888747,0.0009025021917942927,False,False,False,-1,0,False,0.0,1,1,
178,1,19,0.46623840003735817,0.48955913793847516,0.9404965359001398,0.6232169295731131,0.3350019333891328,0.017553746336867102,0.0001756954021445285,False,False,True,78,13,False,1.3599999999999999,1,1,
179,1,1,0.24484109560811654,0.36838962182994883,1.0,0.46323028384773723,0.21162162050358413,0.03798528448934054,0.003944071139521719,False,False,False,-1,0,False,0.0,4,4,
180,0,1,0.15580473942056244,0.3193519621740409,0.9971797052083472,0.5538721027690178,0.19515780006703634,0.0,0.0,False,False,False,-1,0,False,0.0,5,5,
181,212,0,1.0,1.0,0.9939803983043036,0.44963035847424715,0.5695422539519612,0.4989113249356882,0.29080691431284306,False,False,False,-1,0,False,0.0,0,0,
182,353,0,1.0,1.0,0.805547452013693,0.5107016186530895,0.5742279621591806,0.5542920715096887,0.5110316892407691,False,False,False,-1,0,False,0.0,1,1,
183,2,54,0.5266204771293722,0.06912147822688053,0.7061059683413543,0.40677836369043435,0.22311098535276222,0.039362097686145806,0.0006692528142549789,False,False,True,258,41,False,1.18,1,1,
184,1,28,0.42675964833030244,0.17000273276947606,0.9797569446587339,0.4740890414025408,0.23739397327358575,0.06365581260942144,0.031597952610481664,False,False,False,-1,3,False,0.0,4,4,
185,0,60,0.5344512905404525,0.48408838770697404,0.8600501365681625,0.39827265972335824,0.18356756620217296,0.0,0.0,False,False,True,102,62,False,1.21,1,1,
186,0,31,0.46666160397417683,0.2922690783633441,0.9052049172040567,0.41532856059331114,0.12104226737145107,0.0,0.0,False,False,True,195,18,False,1.15,0,0,
187,4,0,0.45796773950826103,0.4327471900067388,0.9978948144303093,0.5487723128659937,0.1303084430618602,0.15355929066286828,0.06177422884843473,False,False,False,-1,0,False,0.0,3,3,
188,0,1,0.29014439632893574,0.06500393693765906,1.0,0.5054707012216104,0.20942301255205956,0.0,0.0,False,False,False,-1,0,False,0.0,5,5,
189,1,28,0.6928522071763938,0.6303849127515784,1.0,0.42186913697874123,0.21539940887389544,0.09845324652432641,0.18322737433628772,False,False,False,-1,0,False,0.0,5,5,
190,5,0,0.6788790083218149,0.3979522332917824,1.0,0.46390833379607155,0.10120176475237969,0.22523606384212003,0.21585755695919903,False,False,False,-1,0,False,0.0,4,4,
191,0,0,0.20112897262583077,0.3407013728855488,1.0,0.4553054303641568,0.18514616847683815,0.0,0.0,False,False,False,-1,0,False,0.0,3,3,
192,2,0,0.22913833802601943,0.25599603776605473,0.9911669562316768,0.46902807486187004,0.11908713985625477,0.10463877002917905,0.08901067840835364,False,False,False,-1,0,False,0.0,2,2,
193,3,1,0.7048989776313226,0.24615342127226247,1.0,0.5638162889405767,0.20185189241116352,0.10048331051382682,0.023597047159790517,False,False,False,-1,0,False,0.0,4,4,
194,0,13,0.09769940554182745,0.3604360384101381,0.5389682583472397,0.32482597181028683,0.0744256501691739,0.0,0.0,False,False,True,49,12,False,1.24,0,0,
195,1,47,0.34295804154322235,0.5888333783124691,1.0,0.5313755519498602,0.1580646281195755,0.032681938300011086,0.0021514289611379175,False,False,False,-1,2,False,1.15,5,5,
196,4,0,0.8609048869477672,0.6739872496531963,0.9909663703514197,0.47196643702641927,0.19124610247933094,0.34372349505338795,1.2361415814457986,False,False,False,-1,0,False,0.0,4,4,
197,1,1,0.41510712457415827,0.16551708361248302,1.0,0.5270491864679315,0.09483072060467108,0.12213427806263404,0.4367863958719317,False,False,False,-1,0,False,0.0,6,6,
198,169,0,1.0,1.0,1.0,0.4309143088173961,0.6081553446044625,0.3583824148063073,0.06534465067428812,False,False,False,-1,0,False,0.0,2,2,
199,0,33,0.22432985339980524,0.08694748356171132,0.8393805177397463,0.649637586699531,0.43199899086103116,0.0,0.0,False,False,True,130,24,False,1.21,1,1,
200,0,26,0.25825294513848057,0.13851236226145833,1.0,0.6447652130346722,0.14268089087973934,0.0,0.0,False,False,True,170,14,False,1.21,1,1,
201,4,0,0.7788348759544861,0.37548229228553587,1.0,0.5404890070039576,0.12167406049440482,0.2541815541478734,0.4574931485845574,False,False,False,-1,0,False,0.0,2,2,
202,0,14,0.38539306773869103,0.233395511300096,0.7526851175818083,0.6475541289784714,0.3701742600313372,0.0,0.0,False,False,True,37,12,False,1.3599999999999999,0,0,
203,0,34,0.4398512834723737,0.25130299638701264,0.9838812684036886,0.4886480771572893,0.06307047770767654,0.0,0.0,False,False,False,-1,0,False,0.0,3,3,
204,0,1,0.20406939161271392,0.050380464146476685,1.0,0.605043269327849,0.23004811059809924,0.0,0.0,False,False,False,-1,0,False,0.0,4,4,
205,1,0,0.41978859722036577,0.6009288824291998,0.9993092993452808,0.5384764267049245,0.31786856827932475,0.021343698091347334,0.0003863166660279412,False,False,False,-1,0,False,0.0,2,2,
206,0,0,0.0980145346642249,0.09900846160025231,0.9922390929703001,0.43659308271658565,0.13282690700970012,0.0,0.0,False,False,False,-1,0,False,0.0,3,3,
207,1,28,0.39259134070755225,0.30189147301784225,0.8349552808581125,0.39922997212094086,0.20930039429805664,0.02674428770492065,0.0009588927570509446,False,False,True,167,24,False,1.09,0,0,
208,0,36,0.20507648622885194,0.616647971582123,0.8712271033882296,0.48229541677347504,0.3351908872691424,0.0,0.0,False,False,True,115,47,False,1.3,0,0,
209,1,42,0.4189384310272707,0.3082786879467797,0.8530711958555744,0.4153504175851286,0.1292980738567781,0.021885388751355882,0.0004273788891632471,False,False,True,210,24,False,1.15,1,1,
210,1,2,0.3575482161032695,0.18186617289617887,0.9368096985748,0.6160488647626605,0.04413718784145885,0.06270574164924925,0.029739740213364455,False,False,False,-1,0,False,0.0,7,7,
211,0,26,0.17446813078698878,0.19388111867606816,1.0,0.27675563228885003,0.035775931035207355,0.0,0.0,False,False,True,105,19,False,1.18,0,0,
212,3,2,0.6495346429683411,0.735872709705194,1.0,0.5662677072329287,0.0608638799164432,0.16360774418466537,0.06968997060502366,False,False,False,-1,0,False,0.0,3,3,
213,474,35,1.0,1.0,0.9560307125259166,0.46673098243138395,0.6093328401326653,1.97014975,24.677620616270342,True,False,False,-1,0,False,0.0,1,1,
214,0,19,0.1208380348150934,0.10131725678105818,1.0,0.6176219564064521,0.3300761699979478,0.0,0.0,False,False,False,-1,0,False,0.0,6,6,
215,0,1,0.23258901447981942,0.2822431309067292,1.0,0.5357988758188305,0.1582078381504968,0.0,0.0,False,False,False,-1,0,False,0.0,5,5,
216,1,1,0.6802353241704947,0.37041198545290266,1.0,0.48616887917934404,0.16342674926746592,0.021667081998561107,0.0004104546851523825,False,False,False,-1,0,False,0.0,4,4,
217,1,28,0.7423243067520965,0.29937142982395337,0.9565760825609103,0.592562287515022,0.44903071174017506,0.021343698091347334,0.0003863166660279412,False,False,True,176,12,False,1.21,0,0,
218,0,30,0.321265500214685,0.33214294958558216,0.9377846278484679,0.3484968764446563,0.014944073589225206,0.0,0.0,False,False,True,164,15,False,1.18,1,1,
219,0,53,0.21096660003541415,0.06918734217703994,0.894701018008346,0.4072995554311768,0.2753024011924069,0.0,0.0,False,False,True,300,44,False,1.12,0,0,
220,0,21,0.2969931146233592,0.017743667834511846,0.9921757493114853,0.4831679038858562,0.26119848268890916,0.0,0.0,False,False,True,80,15,False,1.24,1,1,
221,1,38,0.4485077263473479,0.3134214025708152,1.0,0.5261984394479304,0.0009053084188584076,0.027838535819293252,0.0011270973603683678,False,False,False,-1,0,False,0.0,4,4,
222,0,81,0.07009383288798166,0.6464622180414261,0.8608822943168837,0.5697776889344084,0.2247418594242001,0.0,0.0,False,False,True,185,84,False,1.09,0,0,
223,4,1,0.5727425050939229,0.8501422324465943,0.9399010207828469,0.45722256659137933,0.05572499089479515,0.30147181007963714,0.5664511869217582,False,False,False,-1,0,False,0.0,6,6,
224,0,47,0.29117276579184254,0.3446969381766076,0.4678215804708973,0.7199237100514216,0.3623190630993933,0.0,0.0,False,False,True,82,46,False,1.3900000000000001,1,1,
225,0,0,0.2630392589079743,0.40608915173787385,1.0,0.493200669344911,0.10490363316923458,0.0,0.0,False,False,False,-1,0,False,0.0,5,5,
226,1,19,0.23678731204127973,0.20548101552233464,0.9324720969252289,0.755122585993647,0.3565631614940112,0.01611989434246016,0.00012462457295897575,False,False,True,170,16,False,1.12,0,0,
227,2,0,0.5040178474521217,0.2178984146724654,1.0,0.5613467777296791,0.5389484346653131,0.1011763164180084,0.025277616568772254,False,False,False,-1,0,False,0.0,4,4,
228,2,0,0.48528974271635594,0.5464902418786809,0.9773409164526831,0.6023860117829755,0.2313923844093428,0.13554721965303704,0.22623293772270373,False,False,False,-1,0,False,0.0,4,4,
229,3,1,0.5073359388400728,0.6437033906705955,0.9911741627229684,0.5294599247398932,0.3068535313119594,0.32217948715380895,1.0711023926550736,False,False,False,-1,0,False,0.0,3,3,
230,0,70,0.09124518802237885,0.2940439889065643,0.8682319401257569,0.40006753146177904,0.23159796218282172,0.0,0.0,False,False,True,147,73,False,1.18,0,0,
231,0,2,0.2978586938543235,0.5147593898288235,0.9404350107651984,0.5022952019910699,0.12840421182827658,0.0,0.0,False,False,False,-1,0,False,0.0,2,2,
232,0,24,0.05028899406036809,0.23508242420545994,1.0,0.5094341608057293,0.48916608611272466,0.0,0.0,False,False,False,-1,1,False,0.0,6,6,
233,2,0,0.4771254110150451,0.5142284799319224,1.0,0.5898302488949985,0.2667014298156567,0.07125674560132542,0.008723407054796227,False,False,False,-1,0,False,0.0,2,2,
234,5,0,0.6004323599354088,0.699142812997412,0.9835015625346946,0.48731340697861963,0.1719023350089464,0.22630404260481116,0.07551471765034602,False,False,False,-1,0,False,0.0,4,4,
235,1,42,0.2938246889704842,0.4021242219498541,0.9398099080286013,0.7748699043121988,0.357288889863219,0.020300207476283406,0.00031564884265888887,False,False,True,201,46,False,1.18,1,1,
236,0,62,0.202432119430477,0.23151757682794252,0.9522418087071386,0.5701179553666464,0.2016044301684906,0.0,0.0,False,False,True,92,69,False,1.27,1,1,
237,6,2,0.6234652512975258,0.7570008192100042,1.0,0.5481912202016671,0.20199627626551164,0.19561019767799329,0.016916236449970184,False,False,False,-1,0,False,0.0,4,4,
238,0,2,0.2733314106036234,0.5794165259794295,1.0,0.5141883817598824,0.3403297336788299,0.0,0.0,False,False,False,-1,0,False,0.0,4,4,
239,0,26,0.2626437374316612,0.20695215257221566,0.9440614690528866,0.4509143563923834,0.0787546251007107,0.0,0.0,False,False,True,153,16,False,1.18,1,1,
240,0,0,0.16222021202273024,0.6407027139395025,1.0,0.49160726061597676,0.10596878165089302,0.0,0.0,False,False,False,-1,0,False,0.0,6,6,
241,1,52,0.2704990420923294,0.38131572196083163,0.9334347214522892,0.6447286405530995,0.4253602118013329,0.02071133787584325,0.0003422156752016341,False,False,True,101,51,False,1.18,1,1,
242,340,0,1.0,1.0,1.0,0.5144541712038584,0.3953778939077066,0.7677828695583977,1.056864688750507,True,False,False,-1,0,False,0.0,1,1,
243,2,1,0.5737166124400143,0.29309542538406885,1.0,0.49554858618273046,0.27789361053810036,0.22503764082114494,0.6522991961049414,False,False,False,-1,0,False,0.0,5,5,
244,0,1,0.255334200876773,0.3868037393312094,0.997578014819508,0.4835710144974698,0.2955053576056886,0.0,0.0,False,False,False,-1,0,False,0.0,6,6,
245,4,2,0.7370218759715411,0.6129228203392423,0.9691823183555828,0.48184962182790925,0.05497846504435682,0.4405805789016314,1.6157753474977345,False,False,False,-1,0,False,0.0,6,6,
246,1,1,0.25942939227091955,0.09003429296413916,1.0,0.4717257317983029,0.25196732503539426,0.13705873290188894,0.6951353308570327,False,False,False,-1,0,False,0.0,2,2,
247,0,0,0.29122766571657743,0.11305553011292259,0.9835852692882626,0.48641363106936597,0.25567416420426525,0.0,0.0,False,False,False,-1,0,False,0.0,3,3,
248,0,1,0.1566141605419091,0.1936797739355996,1.0,0.5149310122531594,0.08570715176904439,0.0,0.0,False,False,False,-1,0,False,0.0,4,4,
249,1,19,0.608574281229677,0.3923795657094765,1.0,0.6099662021965195,0.09918530174482577,0.022666929830734407,0.0004923007938320674,False,False,True,146,13,False,1.12,0,0,
250,0,0,0.18959793200117536,0.2994684770316651,0.9811336241601377,0.496325337134575,0.4685085756525117,0.0,0.0,False,False,False,-1,0,False,0.0,2,2,
251,0,22,0.16579430142186763,0.1028618656014564,1.0,0.4287194262549833,0.04279469465558309,0.0,0.0,False,False,False,-1,0,False,0.0,2,2,
252,0,0,0.1860717193281756,0.38748219309214543,0.9599820549759269,0.49552275512849936,0.5021000432181002,0.0,0.0,False,False,False,-1,0,False,0.0,3,3,
253,0,0,0.2470287692808722,0.4700718246318398,0.981380949215314,0.504219830547235,0.34745463215113187,0.0,0.0,False,False,False,-1,0,False,0.0,3,3,
254,1,0,0.2886059838000829,0.42456830897916986,1.0,0.4510157742714982,0.5080086642882705,0.09944521251920549,0.19078235561879187,False,False,False,-1,0,False,0.0,4,4,
255,3,1,0.9421806494315239,0.2908691366985149,1.0,0.6094885563579655,0.14245671430653933,0.21007392534953076,0.239041865084569,False,False,False,-1,0,False,0.0,3,3,
256,1,0,0.5433349975442963,0.18632821243321082,0.998030991707552,0.5160514196653818,0.2849761557419682,0.019115138344762177,0.00024769492566196463,False,False,False,-1,0,False,0.0,3,3,
257,4,0,0.33956623211614767,0.7402928131109284,1.0,0.5366465195704868,0.15770614339889444,0.1548926658661101,0.04124613084532193,False,False,False,-1,0,False,0.0,5,5,
258,0,20,0.11031065785302423,0.4347597408772379,0.7428744836269818,0.3199032148380429,0.05007377392470402,0.0,0.0,False,False,True,65,20,False,1.27,0,0,
259,1,1,0.33755153549936767,0.4180078225873558,1.0,0.4963731285901638,0.1884098120143259,0.04115722560722842,0.005449134512738076,False,False,False,-1,0,False,0.0,7,7,
260,0,12,0.4623455752841485,0.27170941683641775,0.8144639704161633,0.3994675037276338,0.1825398384887569,0.0,0.0,False,False,True,51,13,False,1.27,1,1,
261,0,15,0.26769535186149357,0.4782476970912007,0.9623457866096798,0.6440397836287095,0.18547841289431982,0.0,0.0,False,False,True,121,14,False,1.09,0,0,
262,0,0,0.5702209102099747,0.14784532331977787,0.9640688783731038,0.44516136149422886,0.34408478442334073,0.0,0.0,False,False,False,-1,0,False,0.0,2,2,
263,2,1,0.5472712435974115,0.2356204675362246,0.986501172048762,0.5437233810166046,0.21371146112127365,0.07832996097328047,0.009250925108291811,False,False,False,-1,0,False,0.0,4,4,
264,1,0,0.44507206217091017,0.17025359413491623,1.0,0.5386310313214584,0.2571991015406657,0.018456060738487552,0.0002150302894227997,False,False,False,-1,0,False,0.0,3,3,
265,406,0,1.0,1.0,0.9956232173251952,0.5347692112548482,0.578438638621496,0.6189148315514057,0.6943070492708782,True,False,False,-1,0,False,0.0,0,0,
266,0,16,0.3214552114519708,0.4142970805295562,0.996762904613064,0.2749074354410216,0.43215746550684553,0.0,0.0,False,False,True,71,19,False,1.24,1,1,
267,0,24,0.20614667486652466,0.39341502419341096,0.9300298670596383,0.6604130564428072,0.48944052385238,0.0,0.0,False,False,True,69,20,False,1.21,0,0,
268,0,0,0.4452239792237418,0.39090731244389076,0.9921337328800383,0.5355886801674554,0.2655097726363649,0.0,0.0,False,False,False,-1,0,False,0.0,0,0,
269,225,0,1.0,1.0,1.0,0.5663452563320966,0.5627832622303106,0.4865626475619125,0.2535732513435654,False,False,False,-1,0,False,0.0,0,0,
270,5,27,0.6392959979539656,0.6426928802891552,0.9487123439662268,0.47811892000432515,0.3490936683216257,0.3304761717434362,0.7502386942868041,False,False,False,-1,6,True,0.0,3,3,
271,1,0,0.4506527399747581,0.19839201556555808,1.0,0.4587112458487954,0.11146750349658201,0.04437106780281845,0.007377961646676513,False,False,False,-1,0,False,0.0,5,5,
272,0,34,0.10351879880409362,0.2430360515634801,0.9435963268117519,0.5928979540765942,0.2916317227686332,0.0,0.0,False,False,True,94,32,False,1.24,1,1,
273,1,44,0.276916286587104,0.20637829876256789,0.9271150102932154,0.6158495012476461,0.4141816370446449,0.025822161963313925,0.0008324392860412688,False,False,True,165,40,False,1.12,0,0,
274,0,23,0.16819344743039777,0.7072368383627239,0.997648481200034,0.7775739370155568,0.10389642233999007,0.0,0.0,False,False,True,132,18,False,1.09,0,0,
275,1,1,0.1740936478522958,0.30746482440511436,0.9818267274148527,0.5038346904263069,0.4795688289266696,0.05314580300772718,0.015268545525806828,False,False,False,-1,0,False,0.0,3,3,
276,3,1,0.7492847127501413,0.43237286088383686,1.0,0.43913325496558203,0.16631700498646118,0.16134450386316224,0.05234857134864701,False,False,False,-1,0,False,0.0,1,1,
277,0,62,0.3183025310344023,0.06661990051015515,0.9306557613188118,0.23655971545518892,0.12745024617754838,0.0,0.0,False,False,True,212,40,False,1.15,1,1,
278,0,3,0.18425581934254567,0.09978485386586394,1.0,0.5669783443514247,0.03340448805781837,0.0,0.0,False,False,False,-1,0,False,0.0,4,4,
279,0,0,0.15603726238062238,0.7797124140277567,1.0,0.5290689968800739,0.0834508574436,0.0,0.0,False,False,False,-1,0,False,0.0,4,4,
280,5,1,0.6486597426030909,0.3956535279470391,1.0,0.5919353188860321,0.19944289872910595,0.41571556025384565,1.643700620092996,False,False,False,-1,0,False,0.0,3,3,
281,0,60,0.5168801101246394,0.27802422029855745,0.6638305428449747,0.3411662983899836,0.15036608265014284,0.0,0.0,False,False,True,137,62,False,1.18,1,1,
282,0,28,0.38472425211880856,0.5291147788142215,0.7407628606286241,0.724470084845984,0.28551470988204014,0.0,0.0,False,False,True,76,26,False,1.21,1,1,
283,0,21,0.1856060234905607,0.37286715031004847,0.6457955265760846,0.3829581408644624,0.21740290366814188,0.0,0.0,False,False,True,76,14,False,1.21,1,1,
284,1,23,0.3940339521072989,0.3428440685625498,0.9770456516559868,0.5443384907309223,0.049582084338297944,0.023125992326967125,0.0005337356764700849,False,False,True,145,15,False,1.18,1,1,
285,276,0,1.0,1.0,0.9950869599276347,0.42438821326558557,0.6369883198684799,0.6127411561066805,0.4668872217590294,True,False,False,-1,0,False,0.0,1,1,
286,0,1,0.19164786627307687,0.5087576368286217,0.99441043766493,0.43302645487837665,0.4351890835682775,0.0,0.0,False,False,False,-1,0,False,0.0,3,3,
287,0,0,0.10576624303577001,0.09441279079533019,0.9768332743852245,0.5088033257545899,0.2094933587714145,0.0,0.0,False,False,False,-1,0,False,0.0,4,4,
288,0,80,0.6228610699254715,0.196478894918989,0.5936442461725813,0.42871497115168744,0.14428665754840453,0.0,0.0,False,False,True,193,80,False,1.18,1,1,
289,2,0,0.48839345365497666,0.39342549363424817,1.0,0.4987122852966785,0.09368146920063784,0.08389162607222049,0.018588032214081417,False,False,False,-1,0,False,0.0,4,4,
290,1,0,0.25081593341366176,0.6359028740110166,0.9646222624123117,0.5299110940738803,0.4301091887570458,0.0754837245596763,0.06280184025585335,False,False,False,-1,0,False,0.0,3,3,
291,1,33,0.4623651459236502,0.032845960112626464,0.9789199611035525,0.5531129426194409,0.09373702090038397,0.027699343140196786,0.0011045554131610005,False,False,True,200,17,False,1.12,0,0,
292,0,2,0.3820230376096429,0.7487547447149646,1.0,0.5272125273708611,0.35859947375621415,0.0,0.0,False,False,False,-1,0,False,0.0,4,4,
293,370,32,1.0,1.0,1.0,0.5039484589392739,0.6027719456452519,1.98005,26.203677407806317,True,False,False,-1,0,False,0.0,1,1,
294,1,3,0.34576075900550096,0.5553448398532457,0.9606251973415375,0.5848022115151221,0.23897589707888453,0.019019562653038367,0.00024274102714872534,False,False,False,-1,0,False,0.0,3,3,
295,1,0,0.5045970653514509,0.17109372465495096,1.0,0.5321032610444446,0.20002764703330878,0.02431473662849328,0.0006532290292504406,False,False,False,-1,0,False,0.0,2,2,
296,363,0,1.0,1.0,1.0,0.5185024285576031,0.5906702267350095,0.5945871732370989,0.7533035516878877,False,False,False,-1,0,False,0.0,1,1,
297,0,24,0.07392139947259088,0.040493937602521596,1.0,0.6300931563927795,0.09701924049773546,0.0,0.0,False,False,False,-1,3,False,0.0,5,5,
298,2,17,0.5115578150581483,0.33322066999127387,1.0,0.5436700900274118,0.07350832320145122,0.111318183218607,0.10088737448397071,False,False,False,-1,0,False,0.0,6,6,
299,0,2,0.13324656703624854,0.3690399655049793,1.0,0.4761612573122464,0.2670471048515019,0.0,0.0,False,False,False,-1,0,False,0.0,7,7,
300,0,0,0.32869680564356085,0.5767147221377409,0.9649603732103342,0.4084940000075819,0.07712833396057081,0.0,0.0,False,False,False,-1,0,False,0.0,4,4,
301,0,29,0.2242692637424363,0.023244002559741,0.9054256843793584,0.3087508950465768,0.1626926024373003,0.0,0.0,False,False,True,112,29,False,1.21,1,1,
302,1,1,0.18228746572955257,0.3023946629103128,0.9845909370160091,0.47821172686000535,0.19069446331504636,0.04549717973058867,0.0081621771208224,False,False,False,-1,0,False,0.0,2,2,
303,0,46,0.25286356754567973,0.3430166004121236,0.9049622388047561,0.19527124477974628,0.17849617575357363,0.0,0.0,False,False,True,111,51,False,1.21,1,1,
304,1,0,0.3732793243532599,0.41618271566873033,1.0,0.523312774802493,0.49551788759525983,0.05080151922853026,0.012730115663123756,False,False,False,-1,0,False,0.0,3,3,
305,1,0,0.5581118287306027,0.2344684700093628,0.9700089362546201,0.5507791703442946,0.24386723904555566,0.022216979954296247,0.0004540825773734234,False,False,False,-1,0,False,0.0,2,2,
306,1,0,0.5224603222577403,0.3347007569258801,0.9392632637294134,0.4524333284543042,0.008871624897194338,0.021885388751355882,0.0004273788891632471,False,False,False,-1,0,False,0.0,3,3,
307,0,40,0.32949624212501855,0.3796539595575581,0.5311699736872828,0.38372141469568544,0.2769468193456757,0.0,0.0,False,False,True,130,62,False,1.12,0,0,
308,0,61,0.14817395316804507,0.21962254236728276,0.5404948163188871,0.6643078902921183,0.5457036901809896,0.0,0.0,False,False,True,230,53,False,1.12,0,0,
309,198,0,1.0,1.0,0.9877833039113133,0.42949498861181284,0.6222873651801277,0.34951200318065767,0.07541432112794147,False,False,False,-1,0,False,0.0,1,1,
310,0,0,0.2635461732693357,0.07433078198119085,0.9928862081922731,0.5131537584635086,0.36532104610283506,0.0,0.0,False,False,False,-1,0,False,0.0,4,4,
311,1,0,0.3631852637032473,0.5664204856104098,0.9908450306129849,0.5544025811358435,0.21874615523630878,0.02431473662849328,0.0006532290292504406,False,False,False,-1,0,False,0.0,4,4,
312,0,39,0.4845863188935683,0.3537328515791889,0.8697625742061349,0.5074969859108122,0.4096741939626887,0.0,0.0,False,False,True,129,34,False,1.15,1,1,
313,1,0,0.1363178714147021,0.423829978820932,0.9876942495314797,0.45104368777308906,0.2390729207028095,0.026878681110473018,0.0009784619969907598,False,False,False,-1,0,False,0.0,4,4,
314,1,2,0.577496193154058,0.05419034763592566,1.0,0.5412973183313831,0.09409580147518436,0.027285926981411458,0.0010395987184238283,False,False,False,-1,0,False,0.0,3,3,
315,0,3,0.18095621390935207,0.1756288158341627,1.0,0.5000426206099385,0.0894333068147237,0.0,0.0,False,False,False,-1,0,False,0.0,3,3,
316,0,37,0.21641012854436367,0.29017237448787164,0.850612924567928,0.6503112266553702,0.47451570237884166,0.0,0.0,False,False,False,-1,2,False,1.03,1,1,
317,0,1,0.11463979293574837,0.3116195192211648,0.9466194889482581,0.5344610489717319,0.4439450641070098,0.0,0.0,False,False,False,-1,0,False,0.0,1,1,
318,1,13,0.34179397047481247,0.5247331818907173,0.8935058411886224,0.21741285516749384,0.2632501970247423,0.020607781186464034,0.00033537136169760145,False,False,True,62,12,False,1.18,0,0,
319,0,18,0.3529202717700934,0.43037088881187546,0.9408802424799457,0.33538309219268453,0.36723001136318517,0.0,0.0,False,False,True,67,17,False,1.24,1,1,
320,1,2,0.3661810472242988,0.3132363528119865,1.0,0.5752292336751935,0.37672067709018336,0.06760224172778541,0.04026669963154805,False,False,False,-1,0,False,0.0,4,4,
321,0,2,0.3599389620166905,0.27366613825328906,1.0,0.4460087087100281,0.44821921030467615,0.0,0.0,False,False,False,-1,0,False,0.0,4,4,
322,4,0,0.6334271728273606,0.15390403443501627,0.9745017631766804,0.549288196938449,0.21449205213553077,0.18243267666426055,0.049409394375802815,False,False,False,-1,0,False,0.0,3,3,
323,2,1,0.6445659893341467,0.2818109408408507,0.9880394420613767,0.49749148225048767,0.2853523861852946,0.15126892144052786,0.2469322999677754,False,False,False,-1,0,False,0.0,2,2,
324,0,0,0.16775932309018007,0.11654614336256915,1.0,0.6218216407721311,0.48357580272188133,0.0,0.0,False,False,False,-1,0,False,0.0,1,1,
325,0,0,0.12503273566499362,0.49742624499990606,0.9693957469794044,0.47962577063535694,0.27724121070244406,0.0,0.0,False,False,False,-1,0,False,0.0,3,3,
326,1,0,0.33127628487806954,0.27204531419006106,1.0,0.508914792615129,0.48051147055940024,0.020300207476283406,0.00031564884265888887,False,False,False,-1,0,False,0.0,0,0,
327,3,0,0.5027658497652344,0.6852290400527683,1.0,0.5329585180080005,0.10757552214372515,0.15740300715996317,0.09521824701208667,False,False,False,-1,0,False,0.0,2,2,
328,3,0,0.3663801612386312,0.4824363624804753,1.0,0.6278689509089254,0.34436736899153236,0.12694226786704826,0.059554620408330226,False,False,False,-1,0,False,0.0,3,3,
329,0,18,0.21719341398027298,0.039664339489665794,0.9964222234221625,0.4692989295541821,0.1446012048289485,0.0,0.0,False,False,False,-1,0,False,0.0,2,2,
330,0,0,0.4340229667119407,0.49703614055690953,0.9513326029153186,0.5297995292172021,0.4137573477587498,0.0,0.0,False,False,False,-1,0,False,0.0,4,4,
331,1,22,0.48745002651308195,0.4912097401707185,0.981688858149858,0.4731688979869875,0.1935316112592299,0.05235259525461148,0.01437063290052518,False,False,False,-1,0,False,0.0,3,3,
332,0,0,0.3874925563582786,0.16660854103981734,0.9933074459408001,0.4262410460239042,0.2879867212499546,0.0,0.0,False,False,False,-1,0,False,0.0,3,3,
333,0,0,0.28500822425018163,0.3398334704483254,1.0,0.5832311788608058,0.21437099689724204,0.0,0.0,False,False,False,-1,0,False,0.0,3,3,
334,0,52,0.27723576644815073,0.14157163827439492,0.7613711199433439,0.44905512977093864,0.20709230055763597,0.0,0.0,False,False,True,223,24,False,1.09,0,0,
335,4,0,0.46599784836763053,0.39342420397204425,1.0,0.4578374079443311,0.08573405988082679,0.34841206707598665,0.9361264360233764,False,False,False,-1,0,False,0.0,4,4,
336,0,42,0.02477475528995857,0.252484733661515,0.9284379039743964,0.41210504888722016,0.3024807031589315,0.0,0.0,False,False,True,121,44,False,1.12,0,0,
337,1,0,0.46937175327928704,0.5479290383733616,0.9757636191735006,0.48100986728980755,0.34393676139587614,0.03077405847745889,0.0016882622857323107,False,False,False,-1,0,False,0.0,5,5,
338,0,1,0.17957160166191236,0.16337574356170584,1.0,0.4614987276191522,0.0451726463290754,0.0,0.0,False,False,False,-1,0,False,0.0,3,3,
339,374,0,1.0,1.0,0.9989078666095504,0.5577085142754616,0.24482908033081363,0.7755186682744352,1.0288744079668988,True,False,False,-1,0,False,0.0,1,1,
340,141,0,1.0,1.0,0.964044708855595,0.4643124184649313,0.32152695455666624,0.34951200318065767,0.061845922400672,False,False,False,-1,0,False,0.0,1,1,
341,5,17,0.48653150483569274,0.5301455545730036,0.9995699584490814,0.442329238735421,0.14903705935057848,0.37913479367505604,0.5492670593987392,False,False,False,-1,0,False,0.0,5,5,
342,4,2,0.4495841179780704,0.25687796995594914,0.9967893184034399,0.46910890856404786,0.03646261062610985,0.20817981784473935,0.36951616475218224,False,False,False,-1,0,False,0.0,3,3,
343,0,55,0.2708438669857119,0.58022423517447,0.9282274702081139,0.846611390452743,0.300839017836899,0.0,0.0,False,False,True,135,77,False,1.15,0,0,
344,1,30,0.3295202956538139,0.7748485644440356,0.9581070434783028,0.44870559101168245,0.3542795693275416,0.12460780522231983,0.4735488656416021,False,False,False,-1,0,False,0.0,3,3,
345,2,0,0.5336281676677014,0.35573116810832817,1.0,0.4524084662037935,0.19936709425856375,0.06016072261860482,0.003258945187555889,False,False,False,-1,0,False,0.0,5,5,
346,0,0,0.2583032886857881,0.5264318200186879,0.9899713842862141,0.5128710412736901,0.14420945003885907,0.0,0.0,False,False,False,-1,0,False,0.0,2,2,
347,1,1,0.5286637019529657,0.31241985806544326,1.0,0.5154843533692357,0.07316775352809372,0.05314580300772718,0.015268545525806828,False,False,False,-1,0,False,0.0,4,4,
348,1,0,0.12403512643793857,0.673136395749563,1.0,0.47872851475695244,0.34327058223096873,0.022780834000738097,0.0005023477488082321,False,False,False,-1,0,False,0.0,5,5,
349,0,38,0.9364621940284936,0.22729044066875795,0.9901635660978555,0.3722518187119914,0.3008367517732895,0.0,0.0,False,False,True,147,36,False,1.12,0,0,
