t,mean_x,mean_y,mean_x_all,mean_y_all,mean_L,y0,mean_epc,mean_r,mean_b,fund_prevalence,mean_epc_all,mean_r_all,mean_b_all,fund_prevalence_all,punish_rate,mean_punished,exit_rate,mean_exit_intent,exit_attempt_rate,exit_success_rate,p_opp_mean,stay_value,mean_degree_active,threat,A,budget,enforcer_frac,n_cadre_fallback,cap_mean,cap_p90,service_mean,service_p90,monopoly_on,enforcer_punish_share_step,alpha_punish_revalue,delta_outside_degrade,mu_membership_reward,current_delta,eta_delta_drift,punish_floor,punish_intensity_step,pi_reward,lam_punish
0,0.3482423968208851,0.4929612412124489,0.3482423968208851,0.4929612412124489,0.26558979316785597,0.5,0.0,0.3408763525577528,0.32285789664924824,0.002857142857142857,0.0,0.3408763525577528,0.32285789664924824,0.002857142857142857,0.0,0.0,0.0,0.0,0.0,0.0,0.5,0.0,11.794285714285714,0.0,0.0,0.0,0.0,0,0.0,0.0,0.0,0.0,0.0,0.0,0.0,0.2,0.0,0.2,0.0,0.08,0.0,0.25,0.25
1,0.35814144409622556,0.4930614418621425,0.35814144409622556,0.4930614418621425,0.26558979316785597,0.5054126756307309,0.6,0.3421334954148956,0.32380075379210543,0.002857142857142857,0.6,0.3421334954148956,0.32380075379210543,0.002857142857142857,0.03142857142857143,0.03142857142857143,0.0,0.037142857142857144,0.0,0.0,0.026648113567276265,0.13196634914903713,11.794285714285714,0.0,0.0,0.15,0.08,28,0.004714285714285714,0.0,0.03142857142857143,0.0,0.0,0.9090909090909091,0.0,0.2,0.0,0.2,0.0,0.08,0.03142857142857143,0.25,0.25
2,0.3684263293297882,0.4936448647403844,0.3684263293297882,0.4936448647403844,0.26558979316785597,0.5095046982691641,0.8342857142857143,0.3423620668434671,0.32397218236353403,0.002857142857142857,0.8342857142857143,0.3423620668434671,0.32397218236353403,0.002857142857142857,0.005714285714285714,0.005714285714285714,0.0,0.03142857142857143,0.0,0.0,0.026648113567276265,0.13196634914903713,11.794285714285714,0.0,0.0,0.15,0.08,25,0.0055478571428571434,0.0,0.036514285714285714,0.0,0.0,1.0,0.0,0.2,0.0,0.2,0.0,0.08,0.005714285714285714,0.25,0.25
3,0.3798207909627765,0.4935100615742756,0.3798207909627765,0.4935100615742756,0.26558979316785597,0.513352901573829,0.9,0.34270492398632424,0.3242293252206768,0.002857142857142857,0.9,0.34270492398632424,0.3242293252206768,0.002857142857142857,0.008571428571428572,0.008571428571428572,0.0,0.037142857142857144,0.0,0.0,0.026648113567276265,0.13196634914903713,11.794285714285714,0.0,0.0,0.15,0.08,24,0.006805832142857141,0.0,0.04435542857142857,0.0,0.0,0.6666666666666666,0.0,0.2,0.0,0.2,0.0,0.08,0.008571428571428572,0.25,0.25
4,0.38841786130583306,0.49374933985223796,0.38841786130583306,0.49374933985223796,0.26558979316785597,0.5178426195900807,0.9228571428571428,0.34321920970060993,0.3246150395063911,0.002857142857142857,0.9228571428571428,0.34321920970060993,0.3246150395063911,0.002857142857142857,0.014285714285714285,0.014285714285714285,0.0,0.011428571428571429,0.0,0.0,0.026648113567276265,0.13196634914903713,11.794285714285714,0.0,0.0,0.15,0.08,24,0.008914660125,0.0,0.05775403428571429,0.0,0.0,1.0,0.0,0.2,0.0,0.2,0.0,0.08,0.014285714285714285,0.25,0.25
5,0.3971341348967488,0.49448478835257365,0.3971341348967488,0.49448478835257365,0.26558979316785597,0.522250807001345,0.9228571428571428,0.3441906382720385,0.32534361093496256,0.005714285714285714,0.9228571428571428,0.3441906382720385,0.32534361093496256,0.005714285714285714,0.02857142857142857,0.02857142857142857,0.0,0.02857142857142857,0.0,0.0,0.026648113567276265,0.13196634914903713,11.794285714285714,0.0,0.0,0.15,0.08,22,0.013155801110089287,0.0,0.08517038217142857,0.0,0.0,1.0,0.0,0.2,0.0,0.2,0.0,0.08,0.02857142857142857,0.25,0.25
6,0.40656433882069287,0.49526666120741236,0.40656433882069287,0.49526666120741236,0.26558979316785597,0.5142459886617298,0.9228571428571428,0.3445906382720385,0.3256436109349626,0.005714285714285714,0.9228571428571428,0.3445906382720385,0.3256436109349626,0.005714285714285714,0.011428571428571429,0.011428571428571429,0.0,0.017142857142857144,0.0,0.0,0.026648113567276265,0.13196634914903713,11.794285714285714,0.0,0.0,0.15,0.08,19,0.014804307818824552,0.0,0.09489554595657142,0.0,0.0,0.75,0.0,0.2,0.0,0.2,0.0,0.08,0.011428571428571429,0.25,0.25
7,0.4155143254677254,0.4963505623768473,0.4155143254677254,0.4963505623768473,0.26558979316785597,0.5066088085767075,0.92,0.3457334954148956,0.3265007537921054,0.005714285714285714,0.92,0.3457334954148956,0.3265007537921054,0.005714285714285714,0.02857142857142857,0.02857142857142857,0.0,0.025714285714285714,0.0,0.0,0.026648113567276265,0.13196634914903713,11.794285714285714,0.0,0.0,0.15,0.08,19,0.019016000565444717,0.0,0.12156906360886857,0.0,0.0,0.9,0.0,0.2,0.0,0.2,0.0,0.08,0.02857142857142857,0.25,0.25
8,0.42464545234890905,0.49740119550980594,0.42464545234890905,0.49740119550980594,0.26558979316785597,0.499881564298804,0.9057142857142857,0.34641920970060996,0.3270150395063911,0.008571428571428572,0.9057142857142857,0.34641920970060996,0.3270150395063911,0.008571428571428572,0.017142857142857144,0.017142857142857144,0.0,0.014285714285714285,0.0,0.0,0.026648113567276265,0.13196634914903713,11.794285714285714,0.0,0.0,0.15,0.08,18,0.021492349134046063,0.0,0.13628053947954832,0.0,0.0,0.8333333333333334,0.0,0.2,0.0,0.2,0.0,0.08,0.017142857142857144,0.25,0.25
9,0.4332968551198972,0.49785805743151346,0.4332968551198972,0.49785805743151346,0.26558979316785597,0.49554573259170115,0.8885714285714286,0.34699063827203847,0.32744361093496255,0.008571428571428572,0.8885714285714286,0.34699063827203847,0.32744361093496255,0.008571428571428572,0.017142857142857144,0.017142857142857144,0.0,0.011428571428571429,0.0,0.0,0.026648113567276265,0.13196634914903713,11.794285714285714,0.0,0.0,0.15,0.08,17,0.023956315959804405,0.0,0.1506977858328145,0.0,0.0,0.8333333333333334,0.0,0.2,0.0,0.2,0.0,0.08,0.017142857142857144,0.25,0.25
10,0.441764834510333,0.49755855393652737,0.441764834510333,0.49755855393652737,0.26558979316785597,0.49211098418313975,0.9057142857142857,0.3472763525577528,0.32765789664924827,0.008571428571428572,0.9057142857142857,0.3472763525577528,0.32765789664924827,0.008571428571428572,0.008571428571428572,0.008571428571428572,0.0,0.014285714285714285,0.0,0.0,0.026648113567276265,0.13196634914903713,11.794285714285714,0.0,0.0,0.15,0.08,17,0.025122248665719663,0.0,0.1562552586875868,0.0,0.0,0.6666666666666666,0.0,0.2,0.0,0.2,0.0,0.08,0.008571428571428572,0.25,0.25
11,0.4501601920107887,0.49695972851750264,0.4501601920107887,0.49695972851750264,0.26558979316785597,0.48931009937228315,0.8771428571428571,0.3483620668434671,0.328472182363534,0.008571428571428572,0.8771428571428571,0.3483620668434671,0.328472182363534,0.008571428571428572,0.022857142857142857,0.02857142857142857,0.0,0.002857142857142857,0.0,0.0,0.026648113567276265,0.13196634914903713,11.794285714285714,0.0,0.0,0.15,0.08,16,0.02928235170810536,0.0,0.1817015820852636,0.0,0.0,1.0,0.0,0.2,0.0,0.2,0.0,0.08,0.022857142857142857,0.25,0.25
12,0.4596050442072299,0.4974486374617722,0.4596050442072299,0.4974486374617722,0.26558979316785597,0.48720086062176576,0.9028571428571428,0.3483620668434671,0.328472182363534,0.008571428571428572,0.9028571428571428,0.3483620668434671,0.328472182363534,0.008571428571428572,0.0,0.0,0.0,0.002857142857142857,0.0,0.0,0.026648113567276265,0.13196634914903713,11.794285714285714,0.0,0.0,0.15,0.08,16,0.029135939949564833,0.0,0.17806755044355835,0.0,0.0,0.0,0.0,0.2,0.0,0.2,0.0,0.08,0.0,0.25,0.25
13,0.4648246746065467,0.4974454881637361,0.4648246746065467,0.4974454881637361,0.26558979316785597,0.4849353652940263,0.9228571428571428,0.3491620668434671,0.329072182363534,0.011428571428571429,0.9228571428571428,0.3491620668434671,0.329072182363534,0.011428571428571429,0.02,0.02,0.0,0.005714285714285714,0.0,0.0,0.026648113567276265,0.13196634914903713,11.794285714285714,0.0,0.0,0.15,0.08,16,0.03199026024981701,0.0,0.1945061994346872,0.0,0.0,0.8571428571428571,0.0,0.2,0.0,0.2,0.0,0.08,0.02,0.25,0.25
14,0.4747344731043138,0.4972520239313172,0.4747344731043138,0.4972520239313172,0.26558979316785597,0.4854797078778161,0.9085714285714286,0.35030492398632423,0.3299293252206769,0.017142857142857144,0.9085714285714286,0.35030492398632423,0.3299293252206769,0.017142857142857144,0.02857142857142857,0.02857142857142857,0.0,0.014285714285714285,0.0,0.0,0.026648113567276265,0.13196634914903713,11.794285714285714,0.0,0.0,0.15,0.08,14,0.0361160232342822,0.0,0.21918750401742199,0.0,0.0,0.9,0.0,0.2,0.0,0.2,0.0,0.08,0.02857142857142857,0.25,0.25
15,0.48526213330007856,0.4973326050621162,0.48526213330007856,0.4973326050621162,0.26558979316785597,0.4850674768747317,0.9142857142857143,0.35121920970060994,0.33061503950639115,0.017142857142857144,0.9142857142857143,0.35121920970060994,0.33061503950639115,0.017142857142857144,0.022857142857142857,0.022857142857142857,0.0,0.014285714285714285,0.0,0.0,0.026648113567276265,0.13196634914903713,11.794285714285714,0.0,0.0,0.15,0.08,12,0.03936401454668222,0.0,0.23766089679421645,0.0,0.0,0.875,0.0,0.2,0.0,0.2,0.0,0.08,0.022857142857142857,0.25,0.25
16,0.49362277351667516,0.4968963752199133,0.49362277351667516,0.4968963752199133,0.26558979316785597,0.4847851959997691,0.9114285714285715,0.35247635255775284,0.3315578966492483,0.017142857142857144,0.9114285714285715,0.35247635255775284,0.3315578966492483,0.017142857142857144,0.03428571428571429,0.03428571428571429,0.0,0.005714285714285714,0.0,0.0,0.026648113567276265,0.13196634914903713,11.794285714285714,0.0,0.0,0.15,0.08,11,0.04431005161680595,0.0,0.26719339314404633,0.0,0.0,0.9166666666666666,0.0,0.2,0.0,0.2,0.0,0.08,0.03428571428571429,0.25,0.25
17,0.5024984474367705,0.49603604974202165,0.5024984474367705,0.49603604974202165,0.26558979316785597,0.4844396033369904,0.9057142857142857,0.35310492398632426,0.33202932522067685,0.017142857142857144,0.9057142857142857,0.35310492398632426,0.33202932522067685,0.017142857142857144,0.017142857142857144,0.017142857142857144,0.0,0.005714285714285714,0.0,0.0,0.026648113567276265,0.13196634914903713,11.794285714285714,0.0,0.0,0.15,0.08,11,0.046659929930150494,0.0,0.2789923824240226,0.0,0.0,0.6666666666666666,0.0,0.2,0.0,0.2,0.0,0.08,0.017142857142857144,0.25,0.25
18,0.5141267596599979,0.49574136261487234,0.5141267596599979,0.49574136261487234,0.26558979316785597,0.48412408510510485,0.9342857142857143,0.3539049239863242,0.3326293252206769,0.017142857142857144,0.9342857142857143,0.3539049239863242,0.3326293252206769,0.017142857142857144,0.022857142857142857,0.022857142857142857,0.0,0.005714285714285714,0.0,0.0,0.026648113567276265,0.13196634914903713,11.794285714285714,0.0,0.0,0.15,0.08,10,0.049855201709071165,0.13788625776011418,0.29626967763268497,0.7122464998271222,0.0,0.75,0.0,0.2,0.0,0.2,0.0,0.08,0.022857142857142857,0.25,0.25
19,0.522460920859762,0.49495058809248876,0.522460920859762,0.49495058809248876,0.26558979316785597,0.4840663042606634,0.9285714285714286,0.35452579433082415,0.3331864680778197,0.017142857142857144,0.9285714285714286,0.35452579433082415,0.3331864680778197,0.017142857142857144,0.02,0.02,0.0,0.005714285714285714,0.0,0.0,0.026648113567276265,0.13196634914903713,11.794285714285714,0.0,0.0,0.15,0.08,10,0.05260592570052581,0.13864942212971895,0.3103442840800313,0.7283201874592574,0.0,1.0,0.0,0.2,0.0,0.2,0.0,0.08,0.02,0.25,0.25
20,0.5311629109574637,0.4947924330930195,0.5311629109574637,0.4947924330930195,0.26558979316785597,0.4839645704611567,0.9342857142857143,0.35515436575939563,0.3338543685980231,0.017142857142857144,0.9342857142857143,0.35515436575939563,0.3338543685980231,0.017142857142857144,0.025714285714285714,0.025714285714285714,0.0,0.002857142857142857,0.0,0.0,0.026648113567276265,0.13196634914903713,11.794285714285714,0.0,0.0,0.15,0.08,10,0.05610848262243589,0.13795617501907034,0.32985168411271637,0.7137537837100723,0.0,1.0,0.0,0.2,0.0,0.2,0.0,0.08,0.025714285714285714,0.25,0.25
21,0.5402345954254026,0.49475619824779055,0.5402345954254026,0.49475619824779055,0.26558979316785597,0.4839701070485087,0.92,0.3558972229022528,0.3344972257408802,0.017142857142857144,0.92,0.3558972229022528,0.3344972257408802,0.017142857142857144,0.025714285714285714,0.025714285714285714,0.0,0.011428571428571429,0.0,0.0,0.026648113567276265,0.13196634914903713,11.794285714285714,0.0,0.0,0.15,0.08,9,0.059276246181585564,0.137266394143975,0.3489689361447477,0.6994787080358708,0.0,1.0,0.0,0.2,0.0,0.2,0.0,0.08,0.025714285714285714,0.25,0.25
22,0.5495330624907573,0.4952927253408916,0.5495330624907573,0.4952927253408916,0.26558979316785597,0.48351105375322395,0.9171428571428571,0.35698059112057423,0.3353972257408802,0.017142857142857144,0.9171428571428571,0.35698059112057423,0.3353972257408802,0.017142857142857144,0.037142857142857144,0.037142857142857144,0.0,0.008571428571428572,0.0,0.0,0.026648113567276265,0.13196634914903713,11.794285714285714,0.0,0.0,0.15,0.08,8,0.0628614643566268,0.13850923626879677,0.3791324145647099,0.7252748587977867,0.0,1.0,0.0,0.2,0.0,0.2,0.0,0.08,0.037142857142857144,0.25,0.25
23,0.5582220079457965,0.4954794988282093,0.5582220079457965,0.4954794988282093,0.26558979316785597,0.4831407177941128,0.9257142857142857,0.35766630540628847,0.3360829400265945,0.02,0.9257142857142857,0.35766630540628847,0.3360829400265945,0.02,0.02,0.022857142857142857,0.0,0.014285714285714285,0.0,0.0,0.026648113567276265,0.13196634914903713,11.794285714285714,0.0,0.0,0.15,0.08,6,0.0647503401858251,0.1378166900874528,0.39440690913055865,0.710769361621831,0.0,1.0,0.0,0.2,0.0,0.2,0.0,0.08,0.02,0.25,0.25
24,0.5671361402683769,0.4952399469041128,0.5671361402683769,0.4952399469041128,0.26558979316785597,0.4838012702285051,0.92,0.3584091625491456,0.33694906225520005,0.02,0.92,0.3584091625491456,0.33694906225520005,0.02,0.03428571428571429,0.037142857142857144,0.0,0.011428571428571429,0.0,0.0,0.026648113567276265,0.13196634914903713,11.794285714285714,0.0,0.0,0.15,0.08,6,0.06799773134203882,0.13788625776011418,0.4236616280908046,0.7122464998271222,0.0,0.9230769230769231,0.0,0.2,0.0,0.2,0.0,0.08,0.03428571428571429,0.25,0.25
25,0.5775451193771418,0.4945982475819114,0.5775451193771418,0.4945982475819114,0.26558979316785597,0.48441712589369323,0.9171428571428571,0.3597234482634313,0.3380099186465798,0.02,0.9171428571428571,0.3597234482634313,0.3380099186465798,0.02,0.04,0.04,0.0,0.014285714285714285,0.0,0.0,0.026648113567276265,0.13196634914903713,11.794285714285714,0.0,0.0,0.15,0.08,5,0.07205470194539128,0.13843966859613538,0.4551883955289885,0.7237977205924956,0.0,0.9285714285714286,0.0,0.2,0.0,0.2,0.0,0.08,0.04,0.25,0.25
26,0.5877459549182845,0.49461280752370756,0.5877459549182845,0.49461280752370756,0.26558979316785597,0.48482119986901273,0.9028571428571428,0.36080916254914563,0.3387758926837469,0.022857142857142857,0.9028571428571428,0.36080916254914563,0.3387758926837469,0.022857142857142857,0.03428571428571429,0.037142857142857144,0.0,0.02,0.0,0.0,0.026648113567276265,0.13196634914903713,11.794285714285714,0.0,0.0,0.15,0.08,4,0.07566571414995003,0.1377474702531547,0.4832274847612658,0.7093217661806457,0.0,1.0,0.0,0.2,0.0,0.2,0.0,0.08,0.03428571428571429,0.25,0.25
27,0.5956091249274573,0.49442457497605474,0.5956091249274573,0.49442457497605474,0.26558979316785597,0.48515727610902637,0.8771428571428571,0.36143773397771706,0.3392473212551755,0.022857142857142857,0.8771428571428571,0.36143773397771706,0.3392473212551755,0.022857142857142857,0.022857142857142857,0.025714285714285714,0.0,0.008571428571428572,0.0,0.0,0.026648113567276265,0.13196634914903713,11.794285714285714,0.0,0.0,0.15,0.08,4,0.07757281415062886,0.13705873290188894,0.49927722078032616,0.6951353308570327,0.0,1.0,0.0,0.2,0.0,0.2,0.0,0.08,0.022857142857142857,0.25,0.25
28,0.6062869344600911,0.49445665780199316,0.6062869344600911,0.49445665780199316,0.26558979316785597,0.4852292894667957,0.8942857142857142,0.3619214441209206,0.3397187498266041,0.025714285714285714,0.8942857142857142,0.3619214441209206,0.3397187498266041,0.025714285714285714,0.03142857142857143,0.03142857142857143,0.0,0.017142857142857144,0.0,0.0,0.026648113567276265,0.13196634914903713,11.794285714285714,0.0,0.0,0.15,0.08,4,0.07992752150844713,0.1363734392373795,0.5207202477932911,0.6812326242398921,0.0,1.0,0.0,0.2,0.0,0.2,0.0,0.08,0.03142857142857143,0.25,0.25
29,0.6178133734876541,0.4946651232441619,0.6178133734876541,0.4946651232441619,0.26558979316785597,0.4854295846237186,0.92,0.36243572983520633,0.34010446411231837,0.02857142857142857,0.92,0.36243572983520633,0.34010446411231837,0.02857142857142857,0.02857142857142857,0.03142857142857143,0.0,0.008571428571428572,0.0,0.0,0.026648113567276265,0.13196634914903713,11.794285714285714,0.0,0.0,0.15,0.08,3,0.08175645532947633,0.1356915720411926,0.5417344142659967,0.6676079717550942,0.0,0.9090909090909091,0.0,0.2,0.0,0.2,0.0,0.08,0.02857142857142857,0.25,0.25
30,0.626356860386073,0.4947748078725538,0.626356860386073,0.4947748078725538,0.26558979316785597,0.48584539114280456,0.9028571428571428,0.3631312405339376,0.3409616069694612,0.03142857142857143,0.9028571428571428,0.3631312405339376,0.3409616069694612,0.03142857142857143,0.04,0.04,0.0,0.022857142857142857,0.0,0.0,0.026648113567276265,0.13196634914903713,11.794285714285714,0.0,0.0,0.15,0.08,3,0.08491867376711464,0.13508095996700725,0.5708997259806767,0.6555910282635028,0.0,0.9285714285714286,0.0,0.2,0.0,0.2,0.0,0.08,0.04,0.25,0.25
31,0.6332691292988784,0.494719549516004,0.6332691292988784,0.494719549516004,0.26558979316785597,0.485998315623501,0.9171428571428571,0.3639883833910804,0.3416473212551755,0.03142857142857143,0.9171428571428571,0.3639883833910804,0.3416473212551755,0.03142857142857143,0.03142857142857143,0.03428571428571429,0.0,0.02857142857142857,0.0,0.0,0.026648113567276265,0.13196634914903713,11.794285714285714,0.0,0.0,0.15,0.08,3,0.08821673931110517,0.1344055551671722,0.5937674457467775,0.6424792076982327,0.0,1.0,0.0,0.2,0.0,0.2,0.0,0.08,0.03142857142857143,0.25,0.25
32,0.6437350542774447,0.4955175644617915,0.6437350542774447,0.4955175644617915,0.26558979316785597,0.4860258643085692,0.9228571428571428,0.3647312405339376,0.3424616069694612,0.03428571428571429,0.9228571428571428,0.3647312405339376,0.3424616069694612,0.03428571428571429,0.03428571428571429,0.03428571428571429,0.0,0.022857142857142857,0.0,0.0,0.026648113567276265,0.13196634914903713,11.794285714285714,0.0,0.0,0.15,0.08,3,0.09091836990026395,0.13474821060868716,0.6161778111175563,0.6494333985254847,0.0,0.9166666666666666,0.0,0.2,0.0,0.2,0.0,0.08,0.03428571428571429,0.25,0.25
33,0.6533677982863566,0.4944664514950948,0.6533677982863566,0.4944664514950948,0.26558979316785597,0.48653320716836923,0.9257142857142857,0.3651312405339376,0.3429758926837469,0.03428571428571429,0.9257142857142857,0.3651312405339376,0.3429758926837469,0.03428571428571429,0.037142857142857144,0.037142857142857144,0.0,0.017142857142857144,0.0,0.0,0.026648113567276265,0.13196634914903713,11.794285714285714,0.0,0.0,0.15,0.08,1,0.09253543847590925,0.13407446955564373,0.6409971120380622,0.6364447305549749,0.0,1.0,0.0,0.2,0.0,0.2,0.0,0.08,0.037142857142857144,0.25,0.25
34,0.6624705258720692,0.49462781606671036,0.6624705258720692,0.49462781606671036,0.26558979316785597,0.48683145705463265,0.9057142857142857,0.36627409767679475,0.34417589268374693,0.04285714285714286,0.9057142857142857,0.36627409767679475,0.34417589268374693,0.04285714285714286,0.045714285714285714,0.054285714285714284,0.0,0.022857142857142857,0.0,0.0,0.026648113567276265,0.13196634914903713,11.794285714285714,0.0,0.0,0.15,0.08,1,0.09700268310235592,0.13712760663701554,0.6824628840830153,0.6965539743893944,0.0,0.9473684210526315,0.0,0.2,0.0,0.2,0.0,0.08,0.045714285714285714,0.25,0.25
35,0.6716784913455942,0.49437781765906996,0.6716784913455942,0.49437781765906996,0.26558979316785597,0.4870513168172181,0.9142857142857143,0.3666169548196519,0.3446901783980327,0.04285714285714286,0.9142857142857143,0.3666169548196519,0.3446901783980327,0.04285714285714286,0.02,0.02,0.0,0.017142857142857144,0.0,0.0,0.026648113567276265,0.13196634914903713,11.794285714285714,0.0,0.0,0.15,0.08,1,0.09865873768327223,0.13644196860383045,0.6888136264013549,0.6826228949016064,0.0,1.0,0.0,0.2,0.0,0.2,0.0,0.08,0.02,0.25,0.25
36,0.680834407758727,0.49439030294299624,0.680834407758727,0.49439030294299624,0.26558979316785597,0.4872614145270544,0.92,0.3676455262482233,0.3455473212551755,0.04285714285714286,0.92,0.3676455262482233,0.3455473212551755,0.04285714285714286,0.045714285714285714,0.04857142857142857,0.0,0.014285714285714285,0.0,0.0,0.026648113567276265,0.13196634914903713,11.794285714285714,0.0,0.0,0.15,0.08,1,0.10185044470914158,0.1363734392373795,0.7236087824447565,0.6812326242398921,0.0,0.9411764705882353,0.0,0.2,0.0,0.2,0.0,0.08,0.045714285714285714,0.25,0.25
37,0.6870777223665785,0.49379567459564955,0.6870777223665785,0.49379567459564955,0.26558979316785597,0.48729404113217906,0.9314285714285714,0.36903991367876315,0.34687673266736496,0.045714285714285714,0.9314285714285714,0.36903991367876315,0.34687673266736496,0.045714285714285714,0.04857142857142857,0.05142857142857143,0.0,0.025714285714285714,0.0,0.0,0.026648113567276265,0.13196634914903713,11.794285714285714,0.0,0.0,0.15,0.08,1,0.10545447962845299,0.1356915720411926,0.7605651782244328,0.6676079717550942,0.0,1.0,0.0,0.2,0.0,0.2,0.0,0.08,0.04857142857142857,0.25,0.25
38,0.6964614971888479,0.49377637276666503,0.6964614971888479,0.49377637276666503,0.26558979316785597,0.48784611868969696,0.9171428571428571,0.3695541993930489,0.34743387552450783,0.045714285714285714,0.9171428571428571,0.3695541993930489,0.34743387552450783,0.045714285714285714,0.02857142857142857,0.03142857142857143,0.0,0.025714285714285714,0.0,0.0,0.026648113567276265,0.13196634914903713,11.794285714285714,0.0,0.0,0.15,0.08,1,0.1072696358017393,0.13508095996700725,0.7767824460885154,0.6555910282635028,0.0,0.9090909090909091,0.0,0.2,0.0,0.2,0.0,0.08,0.02857142857142857,0.25,0.25
39,0.7051272541119904,0.4935091970775684,0.7051272541119904,0.4935091970775684,0.26558979316785597,0.48844640834265457,0.9142857142857143,0.3702363478132904,0.34820530409593636,0.045714285714285714,0.9142857142857143,0.3702363478132904,0.34820530409593636,0.045714285714285714,0.04285714285714286,0.04285714285714286,0.0,0.02857142857142857,0.0,0.0,0.026648113567276265,0.13196634914903713,11.794285714285714,0.0,0.0,0.15,0.08,1,0.10826323024569587,0.1344055551671722,0.8041039400238879,0.6424792076982327,0.0,1.0,0.0,0.2,0.0,0.2,0.0,0.08,0.04285714285714286,0.25,0.25
40,0.7131638017421723,0.4926115810582343,0.7131638017421723,0.4926115810582343,0.26558979316785597,0.48897209957362364,0.9057142857142857,0.37137920495614757,0.3495338755245078,0.04857142857142857,0.9057142857142857,0.37137920495614757,0.3495338755245078,0.04857142857142857,0.06285714285714286,0.06571428571428571,0.0,0.04,0.0,0.0,0.026648113567276265,0.13196634914903713,11.794285714285714,0.0,0.0,0.15,0.08,1,0.11200677195161024,0.1344055551671722,0.853736146937696,0.6424792076982327,0.0,0.9565217391304348,0.0,0.2,0.0,0.2,0.0,0.08,0.06285714285714286,0.25,0.25
41,0.7234966994852877,0.4927670258577213,0.7234966994852877,0.4927670258577213,0.26558979316785597,0.48985447857072323,0.9428571428571428,0.37229349067043327,0.35068219150810825,0.04857142857142857,0.9428571428571428,0.37229349067043327,0.35068219150810825,0.04857142857142857,0.05142857142857143,0.05142857142857143,0.0,0.037142857142857144,0.0,0.0,0.026648113567276265,0.13196634914903713,11.794285714285714,0.0,0.0,0.15,0.08,1,0.11301576691910514,0.13474821060868716,0.8880899954275134,0.6494333985254847,0.0,0.9444444444444444,0.0,0.2,0.0,0.2,0.0,0.08,0.05142857142857143,0.25,0.25
42,0.7332722056759703,0.49308410265290736,0.7332722056759703,0.49308410265290736,0.26558979316785597,0.49076912490025676,0.9171428571428571,0.3732240382916139,0.351499240238709,0.04857142857142857,0.9171428571428571,0.3732240382916139,0.351499240238709,0.04857142857142857,0.045714285714285714,0.045714285714285714,0.0,0.04857142857142857,0.0,0.0,0.026648113567276265,0.13196634914903713,11.794285714285714,0.0,0.0,0.15,0.08,1,0.11496409481885694,0.14152947458707232,0.9160424812332488,0.7913213536194998,0.0,0.875,0.0,0.2,0.0,0.2,0.0,0.08,0.045714285714285714,0.25,0.25
43,0.742473059447676,0.4928428707370842,0.742473059447676,0.4928428707370842,0.26558979316785597,0.4915025514538539,0.9257142857142857,0.3741170180416624,0.3523250164670169,0.04857142857142857,0.9257142857142857,0.3741170180416624,0.3523250164670169,0.04857142857142857,0.04857142857142857,0.054285714285714284,0.0,0.045714285714285714,0.0,0.0,0.026648113567276265,0.13196634914903713,11.794285714285714,0.0,0.0,0.15,0.08,0,0.11693127505904836,0.14082182721413697,0.9520073458942983,0.7754949265471098,0.0,1.0,0.0,0.2,0.0,0.2,0.0,0.08,0.04857142857142857,0.25,0.25
44,0.7486310635555623,0.4927060659867209,0.7486310635555623,0.4927060659867209,0.26558979316785597,0.49213838686196715,0.9171428571428571,0.3744408277711588,0.3527107307527312,0.04857142857142857,0.9171428571428571,0.3744408277711588,0.3527107307527312,0.04857142857142857,0.05142857142857143,0.05142857142857143,0.0,0.054285714285714284,0.0,0.0,0.026648113567276265,0.13196634914903713,11.794285714285714,0.0,0.0,0.15,0.08,0,0.1180027643944674,0.14281026326651078,0.9843957704049836,0.8204418284569713,0.0,0.9444444444444444,0.0,0.2,0.0,0.2,0.0,0.08,0.05142857142857143,0.25,0.25
45,0.7549466304732999,0.49063822709834043,0.7549466304732999,0.49063822709834043,0.26558979316785597,0.4927688660527691,0.9142857142857143,0.3750591079221119,0.35364534777036305,0.04857142857142857,0.9142857142857143,0.3750591079221119,0.35364534777036305,0.04857142857142857,0.05142857142857143,0.05142857142857143,0.0,0.07714285714285714,0.002857142857142857,0.0,0.026648113567276265,0.13196634914903713,11.794285714285714,0.0,0.0,0.15,0.08,1,0.11971890242150802,0.14209621195017821,1.0161364264254555,0.8040329918878318,0.0,0.9444444444444444,0.0,0.2,0.0,0.2,0.0,0.08,0.05142857142857143,0.25,0.25
46,0.7601122988067439,0.4909868856303104,0.7601122988067439,0.4909868856303104,0.26558979316785597,0.49321972071165965,0.9114285714285715,0.3759733936363976,0.3548302228107975,0.04857142857142857,0.9114285714285715,0.3759733936363976,0.3548302228107975,0.04857142857142857,0.07428571428571429,0.08285714285714285,0.0,0.09714285714285714,0.002857142857142857,0.0,0.026648113567276265,0.13196634914903713,11.794285714285714,0.0,0.0,0.15,0.08,0,0.12271916576654332,0.1413857308904273,1.078670840754089,0.7879523320500753,0.0,1.0,0.0,0.2,0.0,0.2,0.0,0.08,0.07428571428571429,0.25,0.25
47,0.7696683009423541,0.49161197554599817,0.7696683009423541,0.49161197554599817,0.26558979316785597,0.493585172234802,0.9,0.3768876793506833,0.35577307995365465,0.04857142857142857,0.9,0.3768876793506833,0.35577307995365465,0.04857142857142857,0.07142857142857142,0.07714285714285714,0.0,0.10857142857142857,0.002857142857142857,0.0,0.026648113567276265,0.13196634914903713,11.794285714285714,0.0,0.0,0.15,0.08,0,0.12518915564907085,0.1422406779769571,1.1342402810818644,0.8074707689994897,0.0,0.9629629629629629,0.0,0.2,0.0,0.2,0.0,0.08,0.07142857142857142,0.25,0.25
48,0.7760970891522282,0.49207409334501434,0.7760970891522282,0.49207409334501434,0.26558979316785597,0.4939627833870044,0.9171428571428571,0.37720605108825006,0.35618102371074367,0.05142857142857143,0.9171428571428571,0.37720605108825006,0.35618102371074367,0.05142857142857143,0.04857142857142857,0.05714285714285714,0.0,0.10857142857142857,0.002857142857142857,0.0,0.026648113567276265,0.13196634914903713,11.794285714285714,0.0,0.0,0.15,0.08,0,0.12571947528111813,0.14152947458707232,1.1686983326030842,0.7913213536194998,0.0,1.0,0.0,0.2,0.0,0.2,0.0,0.08,0.04857142857142857,0.25,0.25
49,0.7842901988961043,0.4925896154137139,0.7842901988961043,0.4925896154137139,0.26558979316785597,0.49386346813700044,0.9285714285714286,0.3778533966484958,0.3567481784436143,0.05142857142857143,0.9285714285714286,0.3778533966484958,0.3567481784436143,0.05142857142857143,0.05714285714285714,0.06285714285714286,0.0,0.12,0.002857142857142857,0.0,0.026648113567276265,0.13196634914903713,11.794285714285714,0.0,0.0,0.15,0.08,0,0.12780359433328398,0.14345548873190211,1.2081815088081653,0.8354492881753136,0.0,0.9545454545454546,0.0,0.2,0.0,0.2,0.0,0.08,0.05714285714285714,0.25,0.25
50,0.7904180841315287,0.49229382503685526,0.7904180841315287,0.49229382503685526,0.26558979316785597,0.493777729149025,0.9142857142857143,0.37802482521992437,0.35687674987218576,0.05142857142857143,0.9142857142857143,0.37802482521992437,0.35687674987218576,0.05142857142857143,0.05142857142857143,0.05714285714285714,0.0,0.14285714285714285,0.002857142857142857,0.0,0.026648113567276265,0.13196634914903713,11.794285714285714,0.0,0.0,0.15,0.08,0,0.1285067192187604,0.1427382112882426,1.241160735774859,0.8187403024118074,0.0,1.0,0.0,0.2,0.0,0.2,0.0,0.08,0.05142857142857143,0.25,0.25
51,0.7970966232499935,0.49233183341961795,0.7970966232499935,0.49233183341961795,0.26558979316785597,0.49372211612456296,0.8971428571428571,0.3784819680770673,0.35721960701504285,0.05142857142857143,0.8971428571428571,0.3784819680770673,0.35721960701504285,0.05142857142857143,0.04285714285714286,0.045714285714285714,0.0,0.15428571428571428,0.002857142857142857,0.0,0.026648113567276265,0.13196634914903713,11.794285714285714,0.0,0.0,0.15,0.08,0,0.12986389990838088,0.14202452023180137,1.262051806773648,0.8023654963635712,0.0,1.0,0.0,0.2,0.0,0.2,0.0,0.08,0.04285714285714286,0.25,0.25
52,0.805251119175789,0.4929930598286253,0.805251119175789,0.4929930598286253,0.26558979316785597,0.4935180848904311,0.9371428571428572,0.37941821822429433,0.35799103558647144,0.05142857142857143,0.9371428571428572,0.37941821822429433,0.35799103558647144,0.05142857142857143,0.07428571428571429,0.08285714285714285,0.0,0.17142857142857143,0.002857142857142857,0.0,0.026648113567276265,0.13196634914903713,11.794285714285714,0.0,0.0,0.15,0.08,0,0.13289829683741042,0.14202452023180137,1.3196679134953178,0.8023654963635712,0.0,0.9655172413793104,0.0,0.2,0.0,0.2,0.0,0.08,0.07428571428571429,0.25,0.25
53,0.8129493368018176,0.4922690976007195,0.8129493368018176,0.4922690976007195,0.26558979316785597,0.49347256044475857,0.9,0.3796467896528658,0.3583338927293286,0.054285714285714284,0.9,0.3796467896528658,0.3583338927293286,0.054285714285714284,0.04857142857142857,0.054285714285714284,0.0,0.18857142857142858,0.002857142857142857,0.0,0.026648113567276265,0.13196634914903713,11.794285714285714,0.0,0.0,0.15,0.08,0,0.13343366249608052,0.14195318697201642,1.3475602695111255,0.8007313507497957,0.0,0.9473684210526315,0.0,0.2,0.0,0.2,0.0,0.08,0.04857142857142857,0.25,0.25
54,0.8205661690648617,0.49244775313855865,0.8205661690648617,0.49244775313855865,0.26558979316785597,0.49357620348852255,0.9228571428571428,0.3797039325100086,0.35863389272932855,0.054285714285714284,0.9228571428571428,0.3797039325100086,0.35863389272932855,0.054285714285714284,0.045714285714285714,0.054285714285714284,0.0,0.21142857142857144,0.002857142857142857,0.0,0.026648113567276265,0.13196634914903713,11.794285714285714,0.0,0.0,0.15,0.08,0,0.13370778346574297,0.14124342103715634,1.3748947784066172,0.7847167237347998,0.0,1.0,0.0,0.2,0.0,0.2,0.0,0.08,0.045714285714285714,0.25,0.25
55,0.8262777689148255,0.4928855902540639,0.8262777689148255,0.4928855902540639,0.26558979316785597,0.4936977170020835,0.9314285714285714,0.3800467896528658,0.3591053213007571,0.054285714285714284,0.9314285714285714,0.3800467896528658,0.3591053213007571,0.054285714285714284,0.05142857142857143,0.06285714285714286,0.0,0.21714285714285714,0.002857142857142857,0.0,0.026648113567276265,0.13196634914903713,11.794285714285714,0.0,0.0,0.15,0.08,0,0.13529467668769996,0.1421682639284464,1.410254025695628,0.8057345179329959,0.0,0.8636363636363636,0.0,0.2,0.0,0.2,0.0,0.08,0.05142857142857143,0.25,0.25
56,0.833684439831505,0.4928366212660954,0.833684439831505,0.4928366212660954,0.26558979316785597,0.4936510760324959,0.8971428571428571,0.3808467896528659,0.35987674987218576,0.054285714285714284,0.8971428571428571,0.3808467896528659,0.35987674987218576,0.054285714285714284,0.07142857142857142,0.08285714285714285,0.0,0.22857142857142856,0.005714285714285714,0.0,0.026648113567276265,0.13196634914903713,11.794285714285714,0.0,0.0,0.15,0.08,0,0.13818863258997574,0.14352790278041283,1.464906088038858,0.8371855392418075,0.0,0.9655172413793104,0.0,0.2,0.0,0.2,0.0,0.08,0.07142857142857142,0.25,0.25
57,0.8396233906767184,0.4930726534231215,0.8396233906767184,0.4930726534231215,0.26558979316785597,0.4937306880760747,0.9228571428571428,0.3814182182242944,0.36039103558647145,0.05714285714285714,0.9228571428571428,0.3814182182242944,0.36039103558647145,0.05714285714285714,0.06,0.06285714285714286,0.0,0.2542857142857143,0.005714285714285714,0.0,0.026648113567276265,0.13196634914903713,11.794285714285714,0.0,0.0,0.15,0.08,0,0.14006883228416872,0.14281026326651078,1.498465109135224,0.8204418284569713,0.0,1.0,0.0,0.2,0.0,0.2,0.0,0.08,0.06,0.25,0.25
58,0.8451788924274787,0.49239553484299053,0.8451788924274787,0.49239553484299053,0.26558979316785597,0.49366526074779815,0.9114285714285715,0.38170393251000867,0.3607767498721857,0.05714285714285714,0.9114285714285715,0.38170393251000867,0.3607767498721857,0.05714285714285714,0.054285714285714284,0.07142857142857142,0.0,0.26571428571428574,0.005714285714285714,0.0,0.026648113567276265,0.13196634914903713,11.794285714285714,0.0,0.0,0.15,0.08,0,0.141195776690605,0.14209621195017821,1.5399243783810905,0.8040329918878318,0.0,1.0,0.0,0.2,0.0,0.2,0.0,0.08,0.054285714285714284,0.25,0.25
59,0.8505508485271175,0.49226622842267187,0.8505508485271175,0.49226622842267187,0.26558979316785597,0.4933665454873847,0.8914285714285715,0.38198964679572295,0.36116246415790004,0.05714285714285714,0.8914285714285715,0.38198964679572295,0.36116246415790004,0.05714285714285714,0.05714285714285714,0.06,0.0,0.28,0.005714285714285714,0.0,0.026648113567276265,0.13196634914903713,11.794285714285714,0.0,0.0,0.15,0.08,0,0.14223222637858055,0.1428826773150215,1.5691258908134689,0.8221780795234651,0.0,0.9523809523809523,0.0,0.2,0.0,0.2,0.0,0.08,0.05714285714285714,0.25,0.25
60,0.8549520445737175,0.4930050638002689,0.8549520445737175,0.4930050638002689,0.26558979316785597,0.4931792937327517,0.8771428571428571,0.38261821822429437,0.3618481784436143,0.05714285714285714,0.8771428571428571,0.38261821822429437,0.3618481784436143,0.05714285714285714,0.08285714285714285,0.09142857142857143,0.0,0.29714285714285715,0.011428571428571429,0.0,0.026648113567276265,0.13196634914903713,11.794285714285714,0.0,0.0,0.15,0.08,0,0.14352470392520392,0.14417637058482624,1.6291719444257708,0.8524992736482793,0.0,0.96875,0.0,0.2,0.0,0.2,0.0,0.08,0.08285714285714285,0.25,0.25
61,0.861777301050141,0.4927702970247128,0.861777301050141,0.4927702970247128,0.26558979316785597,0.4930815275590579,0.9114285714285715,0.3829610753671515,0.3621775650906002,0.05714285714285714,0.9114285714285715,0.3829610753671515,0.3621775650906002,0.05714285714285714,0.05142857142857143,0.06571428571428571,0.0,0.32,0.011428571428571429,0.0,0.026648113567276265,0.13196634914903713,11.794285714285714,0.0,0.0,0.15,0.08,0,0.14446422326272076,0.14424914852302798,1.6623027912515411,0.8542709584100077,0.0,0.9565217391304348,0.0,0.2,0.0,0.2,0.0,0.08,0.05142857142857143,0.25,0.25
62,0.8666747801432676,0.4923727409732047,0.8666747801432676,0.4923727409732047,0.26558979316785597,0.49321697352714783,0.9057142857142857,0.3832308878224579,0.3626061365191716,0.05714285714285714,0.9057142857142857,0.3832308878224579,0.3626061365191716,0.05714285714285714,0.05142857142857143,0.054285714285714284,0.0,0.36857142857142855,0.014285714285714285,0.0,0.026648113567276265,0.13196634914903713,11.794285714285714,0.0,0.0,0.15,0.08,0,0.14511247428926433,0.14490087495962437,1.6833424497122247,0.8698972180084482,0.0,0.9473684210526315,0.0,0.2,0.0,0.2,0.0,0.08,0.05142857142857143,0.25,0.25
63,0.8709889404866903,0.4922274917240737,0.8709889404866903,0.4922274917240737,0.26558979316785597,0.49333527628018875,0.9171428571428571,0.38345945925102937,0.3630800101857626,0.05714285714285714,0.9171428571428571,0.38345945925102937,0.3630800101857626,0.05714285714285714,0.06857142857142857,0.07714285714285714,0.0,0.38857142857142857,0.014285714285714285,0.0,0.026648113567276265,0.13196634914903713,11.794285714285714,0.0,0.0,0.15,0.08,0,0.14578605548924656,0.14417637058482624,1.7268184578608372,0.8524992736482793,0.0,1.0,0.0,0.2,0.0,0.2,0.0,0.08,0.06857142857142857,0.25,0.25
64,0.876471009349305,0.49156831837013615,0.876471009349305,0.49156831837013615,0.26558979316785597,0.49348523534013233,0.8971428571428571,0.3841451735367436,0.3635942959000483,0.05714285714285714,0.8971428571428571,0.3841451735367436,0.3635942959000483,0.05714285714285714,0.07142857142857142,0.08571428571428572,0.0,0.4142857142857143,0.014285714285714285,0.0,0.026648113567276265,0.13196634914903713,11.794285714285714,0.0,0.0,0.15,0.08,0,0.14822769735465746,0.14439580339205904,1.777996374417906,0.8579235363236084,0.0,0.9666666666666667,0.0,0.2,0.0,0.2,0.0,0.08,0.07142857142857142,0.25,0.25
65,0.8809629759667239,0.4925123447456638,0.8809629759667239,0.4925123447456638,0.26558979316785597,0.49366541880715537,0.8714285714285714,0.3843737449653151,0.36376572447147687,0.05714285714285714,0.8714285714285714,0.3843737449653151,0.36376572447147687,0.05714285714285714,0.05142857142857143,0.06,0.0,0.4257142857142857,0.014285714285714285,0.0,0.026648113567276265,0.13196634914903713,11.794285714285714,0.0,0.0,0.15,0.08,0,0.14860084458216988,0.14367382437509874,1.802436446929548,0.8407650655971363,0.0,1.0,0.0,0.2,0.0,0.2,0.0,0.08,0.05142857142857143,0.25,0.25
66,0.8846156221282657,0.492462717233166,0.8846156221282657,0.492462717233166,0.26558979316785597,0.4938033798775365,0.8771428571428571,0.38523088782245785,0.36440858161433404,0.05714285714285714,0.8771428571428571,0.38523088782245785,0.36440858161433404,0.05714285714285714,0.08,0.09142857142857143,0.0,0.4514285714285714,0.014285714285714285,0.0,0.026648113567276265,0.13196634914903713,11.794285714285714,0.0,0.0,0.15,0.08,0,0.1522851275021162,0.15,1.8578162894195287,1.0,0.0,0.875,0.0,0.2,0.0,0.2,0.0,0.08,0.08,0.25,0.25
67,0.8883532341411521,0.49287676605132213,0.8883532341411521,0.49287676605132213,0.26558979316785597,0.49387732595161943,0.8628571428571429,0.38580231639388646,0.3648371530429055,0.05714285714285714,0.8628571428571429,0.38580231639388646,0.3648371530429055,0.05714285714285714,0.07142857142857142,0.09142857142857143,0.0,0.5,0.014285714285714285,0.0,0.026648113567276265,0.13196634914903713,11.794285714285714,0.0,0.0,0.15,0.08,0,0.15437899043603417,0.14925,1.9120885350597092,0.98,0.0,0.96875,0.0,0.2,0.0,0.2,0.0,0.08,0.07142857142857142,0.25,0.25
68,0.8916285502050733,0.4920900838707569,0.8916285502050733,0.4920900838707569,0.26558979316785597,0.49398132590944255,0.8685714285714285,0.386430887822458,0.365308581614334,0.06,0.8685714285714285,0.386430887822458,0.365308581614334,0.06,0.06857142857142857,0.08285714285714285,0.0,0.54,0.017142857142857144,0.0,0.026648113567276265,0.13196634914903713,11.794285714285714,0.0,0.0,0.15,0.08,0,0.15643138173072163,0.14850375,1.9567039072156578,0.9603999999999999,0.0,1.0,0.0,0.2,0.0,0.2,0.0,0.08,0.06857142857142857,0.25,0.25
69,0.8937991494822586,0.49210759623409783,0.8937991494822586,0.49210759623409783,0.26558979316785597,0.4941483813310913,0.8571428571428571,0.38700231639388644,0.36573715304290544,0.06,0.8571428571428571,0.38700231639388644,0.36573715304290544,0.06,0.08285714285714285,0.09714285714285714,0.0,0.5514285714285714,0.014285714285714285,0.0,0.026648113567276265,0.13196634914903713,11.794285714285714,0.0,0.0,0.15,0.08,0,0.15796279696492516,0.14776123124999999,2.0147126862142017,0.9411919999999999,0.0,1.0,0.0,0.2,0.0,0.2,0.0,0.08,0.08285714285714285,0.25,0.25
70,0.897328562730314,0.4924277148046313,0.897328562730314,0.4924277148046313,0.26558979316785597,0.49424698339331546,0.8714285714285714,0.38700231639388644,0.36573715304290544,0.06,0.8714285714285714,0.38700231639388644,0.36573715304290544,0.06,0.05142857142857143,0.06,0.0,0.5771428571428572,0.02,0.0,0.026648113567276265,0.13196634914903713,11.794285714285714,0.0,0.0,0.15,0.08,0,0.15754412583724337,0.14702242509375,2.0344184324899177,0.9223681599999999,0.0,1.0,0.0,0.2,0.0,0.2,0.0,0.08,0.05142857142857143,0.25,0.25
71,0.901615252929555,0.49270335890808675,0.901615252929555,0.49270335890808675,0.26558979316785597,0.49426337202184545,0.8971428571428571,0.3878594592510293,0.36638001018576266,0.06285714285714286,0.8971428571428571,0.3878594592510293,0.36638001018576266,0.06285714285714286,0.07714285714285714,0.09142857142857143,0.0,0.5971428571428572,0.02,0.0,0.026648113567276265,0.13196634914903713,11.794285714285714,0.0,0.0,0.15,0.08,0,0.15991315003900144,0.14732018258437507,2.085158635268691,0.9301313440000016,0.0,0.9375,0.0,0.2,0.0,0.2,0.0,0.08,0.07714285714285714,0.25,0.25
72,0.9046627592761618,0.4926489673178714,0.9046627592761618,0.4926489673178714,0.26558979316785597,0.49417952632412143,0.8857142857142857,0.3889291059705659,0.3672800101857627,0.06857142857142857,0.8857142857142857,0.3889291059705659,0.3672800101857627,0.06857142857142857,0.09428571428571429,0.10857142857142857,0.0,0.6485714285714286,0.022857142857142857,0.0,0.026648113567276265,0.13196634914903713,11.794285714285714,0.0,0.0,0.15,0.08,0,0.16194101428880645,0.1465835816714532,2.1520268911347453,0.9115287171200016,0.0,1.0,0.0,0.2,0.0,0.2,0.0,0.08,0.09428571428571429,0.25,0.25
73,0.9070888762554833,0.4932571468306233,0.9070888762554833,0.4932571468306233,0.26558979316785597,0.4941174007312846,0.8885714285714286,0.3890433916848517,0.36758001018576264,0.06857142857142857,0.8885714285714286,0.3890433916848517,0.36758001018576264,0.06857142857142857,0.08285714285714285,0.08857142857142856,0.0,0.68,0.022857142857142857,0.0,0.026648113567276265,0.13196634914903713,11.794285714285714,0.0,0.0,0.15,0.08,0,0.16207316921379097,0.1458506637630959,2.197557781883479,0.8932981427776016,0.0,1.0,0.0,0.2,0.0,0.2,0.0,0.08,0.08285714285714285,0.25,0.25
74,0.910519695082489,0.49315417462819855,0.910519695082489,0.49315417462819855,0.26558979316785597,0.4941069856704337,0.8742857142857143,0.39007196311342307,0.3685228673286198,0.07142857142857142,0.8742857142857143,0.39007196311342307,0.3685228673286198,0.07142857142857142,0.08857142857142856,0.1,0.0,0.7228571428571429,0.022857142857142857,0.0,0.026648113567276265,0.13196634914903713,11.794285714285714,0.0,0.0,0.15,0.08,0,0.16444022545671133,0.14798510812500004,2.2536066262458094,0.9470728000000013,0.0,0.9714285714285714,0.0,0.2,0.0,0.2,0.0,0.08,0.08857142857142856,0.25,0.25
75,0.9132733434685487,0.4930965555844362,0.9132733434685487,0.4930965555844362,0.26558979316785597,0.4942541180670959,0.8371428571428572,0.3907576773991374,0.3692085816143341,0.07142857142857142,0.8371428571428572,0.3907576773991374,0.3692085816143341,0.07142857142857142,0.08571428571428572,0.10285714285714286,0.0,0.7571428571428571,0.022857142857142857,0.0,0.026648113567276265,0.13196634914903713,11.794285714285714,0.0,0.0,0.15,0.08,0,0.16433116861514208,0.14724518258437505,2.3113916365780365,0.9281313440000012,0.0,1.0,0.0,0.2,0.0,0.2,0.0,0.08,0.08571428571428572,0.25,0.25
76,0.9180500800173054,0.493529538121905,0.9180500800173054,0.493529538121905,0.26558979316785597,0.49436732644563225,0.8657142857142858,0.39142729452914643,0.36993715304290553,0.07142857142857142,0.8657142857142858,0.39142729452914643,0.36993715304290553,0.07142857142857142,0.09428571428571429,0.12285714285714286,0.0,0.7857142857142857,0.022857142857142857,0.0,0.026648113567276265,0.13196634914903713,11.794285714285714,0.0,0.0,0.15,0.08,0,0.16556508776849496,0.14865337500000003,2.388020946703618,0.9643600000000009,0.0,0.9767441860465116,0.0,0.2,0.0,0.2,0.0,0.08,0.09428571428571429,0.25,0.25
77,0.9209790780071194,0.4938144636801896,0.9209790780071194,0.4938144636801896,0.26558979316785597,0.4944830735851476,0.8685714285714285,0.3918844373862893,0.37065438494788966,0.07142857142857142,0.8685714285714285,0.3918844373862893,0.37065438494788966,0.07142857142857142,0.08,0.09142857142857143,0.0,0.8142857142857143,0.025714285714285714,0.0,0.026648113567276265,0.13196634914903713,11.794285714285714,0.0,0.0,0.15,0.08,0,0.166210558149894,0.14791010812500002,2.4316890991981173,0.9450728000000008,0.0,1.0,0.0,0.2,0.0,0.2,0.0,0.08,0.08,0.25,0.25
78,0.9239962543699595,0.49352261482478726,0.9239962543699595,0.49352261482478726,0.26558979316785597,0.4946762289242343,0.8685714285714285,0.39214799458170513,0.3709578126474105,0.07142857142857142,0.8685714285714285,0.39214799458170513,0.3709578126474105,0.07142857142857142,0.08857142857142856,0.10571428571428572,0.0,0.8771428571428571,0.025714285714285714,0.0,0.026648113567276265,0.13196634914903713,11.794285714285714,0.0,0.0,0.15,0.08,0,0.16697864821628736,0.14717055758437503,2.4887696029284405,0.9261713440000008,0.0,1.0,0.0,0.2,0.0,0.2,0.0,0.08,0.08857142857142856,0.25,0.25
79,0.9262615693314872,0.49407719471043476,0.9262615693314872,0.49407719471043476,0.26558979316785597,0.49485731151258733,0.8628571428571429,0.39237656601027654,0.3712149555045533,0.07142857142857142,0.8628571428571429,0.39237656601027654,0.3712149555045533,0.07142857142857142,0.07142857142857142,0.08285714285714285,0.0,0.9257142857142857,0.02857142857142857,0.0,0.026648113567276265,0.13196634914903713,11.794285714285714,0.0,0.0,0.15,0.08,0,0.16708561497163452,0.14643470479645315,2.5218513537270146,0.9076479171200007,0.0,1.0,0.0,0.2,0.0,0.2,0.0,0.08,0.07142857142857142,0.25,0.25
80,0.9288050209290676,0.4939962154766995,0.9288050209290676,0.4939962154766995,0.26558979316785597,0.49502326301240135,0.8657142857142858,0.39289085172456223,0.3717720983616961,0.07142857142857142,0.8657142857142858,0.39289085172456223,0.3717720983616961,0.07142857142857142,0.09714285714285714,0.11142857142857143,0.0,0.9885714285714285,0.03142857142857143,0.0,0.026648113567276265,0.13196634914903713,11.794285714285714,0.0,0.0,0.15,0.08,0,0.16782018832534776,0.14732018258437507,2.5828428980810454,0.9301313440000016,0.0,0.9743589743589743,0.0,0.2,0.0,0.2,0.0,0.08,0.09714285714285714,0.25,0.25
81,0.9307869774977999,0.49450466081470495,0.9307869774977999,0.49450466081470495,0.26558979316785597,0.4950869342336963,0.9,0.39294799458170504,0.3719863840759819,0.07142857142857142,0.9,0.39294799458170504,0.3719863840759819,0.07142857142857142,0.08857142857142856,0.09714285714285714,0.0,1.02,0.03142857142857143,0.0,0.026648113567276265,0.13196634914903713,11.794285714285714,0.0,0.0,0.15,0.08,0,0.16823623309800675,0.15946312229124174,2.628328897262282,0.9814273299456746,0.0,0.9705882352941176,0.0,0.2,0.0,0.2,0.0,0.08,0.08857142857142856,0.25,0.25
82,0.9327978489986952,0.49519413263907414,0.9327978489986952,0.49519413263907414,0.26558979316785597,0.49516655475390353,0.8714285714285714,0.3934051374388479,0.37241495550455334,0.07428571428571429,0.8714285714285714,0.3934051374388479,0.37241495550455334,0.07428571428571429,0.08,0.08857142857142856,0.0,1.0485714285714285,0.03142857142857143,0.0,0.026648113567276265,0.13196634914903713,11.794285714285714,0.0,0.0,0.15,0.08,0,0.16936562407537384,0.15866580667978553,2.664333747888465,0.961798783346761,0.0,1.0,0.0,0.2,0.0,0.2,0.0,0.08,0.08,0.25,0.25
83,0.9352223541655826,0.4951980392217691,0.9352223541655826,0.4951980392217691,0.26558979316785597,0.49522399213921225,0.8628571428571429,0.393747994581705,0.3727564301635626,0.07428571428571429,0.8628571428571429,0.393747994581705,0.3727564301635626,0.07428571428571429,0.08857142857142856,0.10571428571428572,0.0,1.1085714285714285,0.03428571428571429,0.0,0.026648113567276265,0.13196634914903713,11.794285714285714,0.0,0.0,0.15,0.08,0,0.1695755102407113,0.2490666095783118,2.7167613586449813,0.9611231833173955,0.0,0.972972972972973,0.0,0.2,0.0,0.2,0.0,0.08,0.08857142857142856,0.25,0.25
84,0.937177297004487,0.4950613839436377,0.937177297004487,0.4950613839436377,0.26558979316785597,0.4953617534715682,0.8628571428571429,0.39399457081713785,0.3729278587349912,0.07428571428571429,0.8628571428571429,0.39399457081713785,0.3729278587349912,0.07428571428571429,0.08571428571428572,0.1,0.0,1.16,0.03428571428571429,0.0,0.026648113567276265,0.13196634914903713,11.794285714285714,0.0,0.0,0.15,0.08,0,0.170127346975222,0.24782127653042027,2.7624261314720813,0.9419007196510476,0.0,1.0,0.0,0.2,0.0,0.2,0.0,0.08,0.08571428571428572,0.25,0.25
85,0.9422004314307604,0.49531091699103075,0.9413832951466916,0.4951553493510903,0.26558979316785597,0.49549478831420957,0.8538681948424068,0.394946871582696,0.37297022824490084,0.07449856733524356,0.8514285714285714,0.3941088565314236,0.3730135730207054,0.07428571428571429,0.08022922636103152,0.09714285714285714,0.002857142857142857,1.2057142857142857,0.03151862464183381,0.002857142857142857,0.026643911742141375,0.1319663491490371,11.793696275071634,0.0,0.0,0.15,0.08022922636103152,0,0.1704465709510602,0.24658217014776815,2.8043204659854974,0.9230627052580266,0.0,1.0,0.0,0.2,0.0,0.2,0.0,0.08,0.08,0.25,0.25
86,0.9449899468399984,0.49508322642227726,0.9441648405119033,0.49491916793769064,0.26558979316785597,0.49580528991445844,0.8481375358166189,0.3957318426510136,0.3735719474426085,0.07449856733524356,0.8457142857142858,0.3948915848252602,0.37361357302070547,0.07428571428571429,0.09455587392550144,0.11428571428571428,0.002857142857142857,1.2514285714285713,0.034383954154727794,0.0,0.026643911742141375,0.1319663491490371,11.793696275071634,0.0,0.0,0.15,0.08022922636103152,0,0.17178117507540072,0.24534925929702933,2.862519770951501,0.904601451152866,0.0,1.0,0.0,0.2,0.0,0.2,0.0,0.08,0.09455587392550144,0.25,0.25
87,0.9470374927246126,0.4951443625151274,0.9462065362654185,0.49502485563587983,0.26558979316785597,0.4959361365200265,0.839541547277937,0.3959610690120452,0.37382614673931114,0.07736389684813753,0.8371428571428572,0.3951201562538318,0.37386704603370324,0.07714285714285714,0.06876790830945559,0.08857142857142856,0.002857142857142857,1.2942857142857143,0.03724928366762178,0.0,0.026643911742141375,0.1319663491490371,11.793696275071634,0.0,0.0,0.15,0.08022922636103152,0,0.1719502692000237,0.24412251300054416,2.8938408041039,0.8865094221298087,0.0,1.0,0.0,0.2,0.0,0.2,0.0,0.08,0.06876790830945559,0.25,0.25
88,0.9463096554985759,0.49583684289525065,0.9454807785743135,0.4957197121652241,0.26558979316785597,0.49607261737034186,0.8452722063037249,0.39599851523072244,0.37391210662469787,0.07736389684813753,0.8428571428571429,0.3951574954833128,0.37395276031941743,0.07714285714285714,0.10028653295128939,0.12,0.002857142857142857,1.3571428571428572,0.04011461318051576,0.0,0.026643911742141375,0.1319663491490371,11.793696275071634,0.0,0.0,0.15,0.08022922636103152,0,0.1722892328540236,0.24290190043554144,2.9559639880218214,0.8687792336872125,0.0,1.0,0.0,0.2,0.0,0.2,0.0,0.08,0.10028653295128939,0.25,0.25
89,0.9461777811147766,0.49596555226697614,0.9453492809744677,0.49582927250532527,0.26558979316785597,0.4961932323698677,0.8653295128939829,0.3961131284112383,0.37408402639547156,0.07736389684813753,0.8628571428571429,0.3952717811975986,0.37412418889084603,0.07714285714285714,0.07736389684813753,0.08857142857142856,0.002857142857142857,1.4142857142857144,0.04011461318051576,0.0,0.026643911742141375,0.1319663491490371,11.793696275071634,0.0,0.0,0.15,0.08022922636103152,0,0.17259956633158316,0.24354055101420047,2.9854161368328134,0.9033830594452827,0.0,0.967741935483871,0.0,0.2,0.0,0.2,0.0,0.08,0.07736389684813753,0.25,0.25
90,0.9488886679488343,0.4960252452621146,0.9480524224175712,0.49591231520683504,0.26558979316785597,0.49643133124767685,0.839541547277937,0.3961131284112383,0.37408402639547156,0.07736389684813753,0.8371428571428572,0.3952717811975986,0.37412418889084603,0.07714285714285714,0.09742120343839542,0.12,0.002857142857142857,1.48,0.04297994269340974,0.0,0.026643911742141375,0.1319663491490371,11.793696275071634,0.0,0.0,0.15,0.08022922636103152,0,0.17262085492849666,0.24232284825912948,3.0457078140961573,0.8853153982563771,0.0,1.0,0.0,0.2,0.0,0.2,0.0,0.08,0.09742120343839542,0.25,0.25
91,0.9493837416997933,0.497229817539171,0.9484048770206683,0.4969757712482783,0.26558979316785597,0.49660431807685873,0.8333333333333334,0.39700430885457616,0.37502955919297953,0.07758620689655173,0.8285714285714286,0.39567178119759855,0.3744241888908461,0.07714285714285714,0.09770114942528736,0.12,0.005714285714285714,1.5314285714285714,0.04310344827586207,0.002857142857142857,0.026709448376366834,0.1319663491490371,11.637931034482758,0.0,0.0,0.15,0.08045977011494253,0,0.17332803922171133,0.24111123401783383,3.1047936578142346,0.8676090902912496,0.0,1.0,0.0,0.2,0.0,0.2,0.0,0.08,0.10028653295128939,0.25,0.25
92,0.950748829206114,0.49778756941428565,0.9497621640269527,0.49753154682706835,0.26558979316785597,0.4967511408215088,0.8735632183908046,0.3974922220869904,0.37563300746884154,0.08045977011494253,0.8685714285714285,0.396156906354399,0.37502418889084604,0.08,0.09195402298850575,0.10571428571428572,0.005714285714285714,1.5885714285714285,0.04310344827586207,0.0,0.026723597076582725,0.1319663491490371,11.637931034482758,0.0,0.0,0.15,0.08045977011494253,0,0.1745703679922916,0.23990567784774466,3.1484120703722347,0.8886002967192094,0.0,0.9459459459459459,0.0,0.2,0.0,0.2,0.0,0.08,0.09195402298850575,0.25,0.25
93,0.9524721810464022,0.4977932746773657,0.9514572013633648,0.49735256999531746,0.26558979316785597,0.49690978455668033,0.8386167146974063,0.3984490677118425,0.3765708287516489,0.08069164265129683,0.8314285714285714,0.3962140492115418,0.37532418889084607,0.08,0.09798270893371758,0.11714285714285715,0.008571428571428572,1.66,0.043227665706051875,0.002857142857142857,0.02672904688607456,0.1319663491490371,11.62536023054755,0.0,0.0,0.15,0.08069164265129683,0,0.17503866043804442,0.23870614945850593,3.2025866861076473,0.9725150890170945,0.0,0.975609756097561,0.0,0.2,0.0,0.2,0.0,0.08,0.09770114942528736,0.25,0.25
94,0.9547997871935276,0.4978065451783683,0.9526625509201001,0.4972638743584868,0.26558979316785597,0.49707129162006053,0.8294797687861272,0.3987150453363121,0.3762050008350199,0.08092485549132948,0.82,0.39644262064011326,0.37558133174798886,0.08,0.0838150289017341,0.11142857142857143,0.011428571428571429,1.7257142857142858,0.04046242774566474,0.002857142857142857,0.026790741638197595,0.1319663491490371,11.329479768786127,0.0,0.0,0.15,0.08092485549132948,0,0.17564875285013992,0.2375126187112134,3.249963523814066,0.962169584290779,0.0,0.9487179487179487,0.0,0.2,0.0,0.2,0.0,0.08,0.08645533141210375,0.25,0.25
95,0.9564169994101813,0.49779075995913924,0.9542612807114206,0.49722033685240563,0.26558979316785597,0.4971111490965028,0.8497109826589595,0.3987150453363121,0.3762050008350199,0.08092485549132948,0.84,0.39644262064011326,0.37558133174798886,0.08,0.1069364161849711,0.12,0.011428571428571429,1.7971428571428572,0.04046242774566474,0.0,0.026883583111289723,0.1319663491490371,11.329479768786127,0.0,0.0,0.15,0.08092485549132948,0,0.17556965194303206,0.23632505561765735,3.3049642533377845,0.9429261926049635,0.0,1.0,0.0,0.2,0.0,0.2,0.0,0.08,0.1069364161849711,0.25,0.25
96,0.9579076833992253,0.4981025555951866,0.9557243939846863,0.49755496940608007,0.26558979316785597,0.4971027073532409,0.8347826086956521,0.39898503902993,0.3774767187326948,0.08115942028985507,0.8228571428571428,0.39661404921154186,0.37588133174798893,0.08,0.10434782608695652,0.12857142857142856,0.014285714285714285,1.8571428571428572,0.03768115942028986,0.002857142857142857,0.02694306564978004,0.1319663491490371,11.11304347826087,0.0,0.0,0.15,0.08115942028985507,0,0.17563252367617407,0.23514343033956908,3.367436396842458,0.9240676687528642,0.0,1.0,0.0,0.2,0.0,0.2,0.0,0.08,0.10404624277456648,0.25,0.25
97,0.9565213345727195,0.4974704215798003,0.9543578501414163,0.4969066988387746,0.26558979316785597,0.49711352468534115,0.8,0.39933286511688654,0.37791150134139045,0.08115942028985507,0.7885714285714286,0.3969569063543989,0.3763099031765604,0.08,0.10434782608695652,0.13142857142857142,0.014285714285714285,1.9342857142857144,0.043478260869565216,0.0,0.027008876879259475,0.1319663491490371,11.11304347826087,0.0,0.0,0.15,0.08115942028985507,0,0.1762969324863646,0.2339677131878712,3.431516240334179,0.9242505440000003,0.0,0.9565217391304348,0.0,0.2,0.0,0.2,0.0,0.08,0.10434782608695652,0.25,0.25
98,0.9572283128107197,0.49712447157915896,0.9549700251184761,0.49674017662727254,0.26558979316785597,0.4969763985524498,0.8255813953488372,0.3995388908871058,0.3781422914510083,0.08139534883720931,0.8114285714285714,0.3970711920686847,0.3763956174622747,0.08,0.09302325581395349,0.11428571428571428,0.017142857142857144,1.9942857142857142,0.046511627906976744,0.002857142857142857,0.027098503069983453,0.1319663491490371,10.965116279069768,0.0,0.0,0.15,0.08139534883720931,0,0.17647201996678993,0.23279787462193186,3.47717162981321,0.9223681599999999,0.0,0.975,0.0,0.2,0.0,0.2,0.0,0.08,0.09565217391304348,0.25,0.25
99,0.9577666652807908,0.49731128920564754,0.9556139026407985,0.49665955916965565,0.26558979316785597,0.49671586631330367,0.793002915451895,0.4005471390025047,0.37890018624222976,0.08163265306122448,0.7771428571428571,0.3972426206401133,0.3769527603194175,0.08,0.09912536443148688,0.14,0.02,2.0542857142857143,0.04081632653061224,0.002857142857142857,0.027118763069982205,0.13196634914903713,10.938775510204081,0.0,0.0,0.15,0.08163265306122448,0,0.176587804866956,0.23163388524882222,3.547628197216946,0.9039207967999998,0.0,1.0,0.0,0.2,0.0,0.2,0.0,0.08,0.09883720930232558,0.25,0.25
100,0.9581638288501958,0.4964588079632454,0.9560031229388155,0.49576304653847214,0.26558979316785597,0.4964587814450749,0.8367346938775511,0.4006637570783065,0.37934580662683354,0.08163265306122448,0.82,0.39735690635439896,0.3773894682963292,0.08,0.09329446064139942,0.11428571428571428,0.02,2.12,0.04664723032069971,0.0,0.027122658558458752,0.13196634914903713,10.938775510204081,0.0,0.0,0.15,0.07871720116618076,0,0.17639000941404978,0.2304757158225781,3.5909613475583213,0.8858423808639998,0.0,1.0,0.0,0.2,0.0,0.2,0.0,0.08,0.09329446064139942,0.25,0.25
101,0.9622324318503171,0.4965529259741111,0.9582688886780334,0.4956214498665367,0.26558979316785597,0.49611704905519755,0.8099415204678363,0.4016226687796667,0.3792551023785901,0.08187134502923976,0.7914285714285715,0.39752833492582756,0.37751803972490067,0.08,0.07017543859649122,0.09428571428571429,0.022857142857142857,2.18,0.04678362573099415,0.002857142857142857,0.020418552316779418,0.14252034831902924,10.713450292397662,0.1,0.18126924692201818,0.21,0.07894736842105263,0,0.17610763079555095,0.22932333724346518,3.613427834892869,0.8681255332467198,0.0,1.0,0.0,0.2,0.0,0.2,0.0,0.08,0.0728862973760933,0.27,0.27
102,0.9634714358107686,0.4971373913278417,0.9594795725479602,0.4962615134622506,0.26558979316785597,0.49583350000310605,0.7923976608187134,0.4018565869083216,0.37943054097508133,0.08187134502923976,0.7742857142857142,0.3977569063543989,0.37768946829632927,0.08,0.0847953216374269,0.1,0.022857142857142857,2.237142857142857,0.043859649122807015,0.0,0.02057581740484036,0.14220372834392947,10.713450292397662,0.097,0.17634209573142312,0.2082,0.07894736842105263,0,0.1767688083558589,0.2281767205572479,3.641159278195012,0.9039207967999998,0.0,0.9428571428571428,0.0,0.2,0.0,0.2,0.0,0.08,0.0847953216374269,0.2694,0.2694
103,0.9649634773307272,0.4958410602265133,0.9610376146122321,0.49532041421193285,0.26558979316785597,0.49553198754049876,0.8240469208211144,0.4025058298421752,0.3804476392007243,0.08211143695014662,0.8028571428571428,0.3978711920686847,0.37803232543918636,0.08,0.10557184750733138,0.12571428571428572,0.025714285714285714,2.3,0.04985337243401759,0.002857142857142857,0.020723195753463486,0.1418966069680827,10.680351906158357,0.09409000000000001,0.1715344299918684,0.206454,0.07917888563049853,0,0.17725354145336533,0.22703583695446164,3.6940503783453966,0.8876502224576002,0.0,0.9772727272727273,0.0,0.2,0.0,0.2,0.0,0.08,0.10818713450292397,0.268818,0.268818
104,0.9654407348202299,0.4956558279112531,0.961601340523947,0.49494900291254307,0.26558979316785597,0.4953727572761163,0.8735294117647059,0.4035305292356975,0.3815640891461011,0.08235294117647059,0.8485714285714285,0.3982282949222718,0.3783229321233375,0.08,0.10294117647058823,0.12,0.02857142857142857,2.34,0.047058823529411764,0.002857142857142857,0.020879526675637763,0.1415986992335113,10.605882352941176,0.09126730000000001,0.16684418376162757,0.20476038,0.07941176470588235,0,0.17756613160324136,0.22590065776968932,3.74016937077849,0.8911393982314859,0.0,0.9761904761904762,0.0,0.2,0.0,0.2,0.0,0.08,0.10263929618768329,0.26825346,0.26825346
105,0.9665054240076332,0.4945799357941673,0.9626356100202818,0.49399473011009637,0.26558979316785597,0.4951936783821469,0.8676470588235294,0.403648176294521,0.38174055973433635,0.08235294117647059,0.8428571428571429,0.3983425806365575,0.3784943606947661,0.08,0.09117647058823529,0.11142857142857143,0.02857142857142857,2.3857142857142857,0.047058823529411764,0.0,0.021016523939800143,0.14130972873097708,10.605882352941176,0.088529281,0.16226927610018926,0.2031175686,0.07941176470588235,0,0.177933875227368,0.22618886722322562,3.7767945547914907,0.9221518731032653,0.0,0.9743589743589743,0.0,0.2,0.0,0.2,0.0,0.08,0.09117647058823529,0.2677058562,0.2677058562
106,0.9676209276021341,0.4943051048587667,0.9637192420835109,0.49359464629234057,0.26558979316785597,0.49481520430873704,0.85,0.40370699982393277,0.3817846773813952,0.08235294117647059,0.8257142857142857,0.39839972349370034,0.37853721783762323,0.08,0.07941176470588235,0.08285714285714285,0.02857142857142857,2.4371428571428573,0.047058823529411764,0.0,0.02114829214657175,0.1410294273435189,10.605882352941176,0.08587340257,0.15780761504170115,0.201524041542,0.07941176470588235,0,0.1779864922798026,0.2250579228871095,3.7841158065528036,0.9223681599999999,0.0,0.9655172413793104,0.0,0.2,0.0,0.2,0.0,0.08,0.07941176470588235,0.267174680514,0.267174680514
107,0.9691830682371406,0.4938682835029594,0.9652367501289459,0.4932152085005985,0.26558979316785597,0.49434228014153736,0.8470588235294118,0.40370699982393277,0.3818729126755129,0.08235294117647059,0.8228571428571428,0.39839972349370034,0.3786229321233375,0.08,0.10294117647058823,0.10857142857142857,0.02857142857142857,2.4828571428571427,0.052941176470588235,0.0,0.021278976614490845,0.14075753499768442,10.605882352941176,0.08329720049289999,0.15345710132083934,0.19997832029573998,0.07941176470588235,0,0.17809427624697505,0.22393263327267396,3.8170049189931756,0.9039207967999998,0.0,1.0,0.0,0.2,0.0,0.2,0.0,0.08,0.10294117647058823,0.26665944009858,0.26665944009858
108,0.9687427052021255,0.49330825521316113,0.964808968894931,0.49277336743025085,0.26558979316785597,0.49386793308041543,0.8676470588235294,0.40370699982393277,0.3819275522681871,0.08235294117647059,0.8428571428571429,0.39839972349370034,0.37867601058479244,0.08,0.10882352941176471,0.12571428571428572,0.02857142857142857,2.5228571428571427,0.052941176470588235,0.0,0.021408487880782628,0.14049379942222504,10.605882352941176,0.08079828447811299,0.14921563186018072,0.1984789706868678,0.07941176470588235,0,0.1779739505764544,0.2228129701063106,3.866379106327599,0.8858423808639998,0.0,1.0,0.0,0.2,0.0,0.2,0.0,0.08,0.10882352941176471,0.2661596568956226,0.2661596568956226
109,0.9697352158628726,0.4938060164599728,0.9658570250868501,0.4931061786714768,0.26558979316785597,0.49345265789041526,0.8609467455621301,0.4038648570026984,0.3823165696509374,0.08284023668639054,0.8314285714285714,0.39839972349370034,0.37867601058479244,0.08,0.10355029585798817,0.12571428571428572,0.03428571428571429,2.58,0.047337278106508875,0.005714285714285714,0.021536848779903056,0.14023797591402937,10.585798816568047,0.0783743359437696,0.14508110302819666,0.19702460156626175,0.07988165680473373,0,0.1779110836771436,0.22169890525577904,3.914765809915332,0.8681255332467198,0.0,1.0,0.0,0.2,0.0,0.2,0.0,0.08,0.10588235294117647,0.26567486718875394,0.26567486718875394
110,0.9702895609100356,0.4940687079501382,0.9663755817940001,0.4932189611482194,0.26558979316785597,0.4930030476266076,0.827893175074184,0.40312337268182186,0.38325734178619975,0.0830860534124629,0.7971428571428572,0.398514009207986,0.37876172487050674,0.08,0.09495548961424333,0.10857142857142857,0.037142857142857144,2.6342857142857143,0.04451038575667656,0.002857142857142857,0.021675581926341777,0.1399898271110796,10.58160237388724,0.0760231058654565,0.1410514136769826,0.1956138635192739,0.08011869436201781,0,0.17816367111590076,0.22059041072950014,3.945041922288454,0.8524992736482793,0.0,0.9736842105263158,0.0,0.2,0.0,0.2,0.0,0.08,0.09763313609467456,0.2652046211730913,0.2652046211730913
111,0.971905772537794,0.49390274139968926,0.9679263154310759,0.4931037330807479,0.26558979316785597,0.4924234967621629,0.8537313432835821,0.404276989292329,0.3835100050068764,0.08358208955223881,0.8171428571428572,0.39862829492227175,0.37884743915622093,0.08,0.11044776119402985,0.12571428571428572,0.04285714285714286,2.6885714285714286,0.03880597014925373,0.005714285714285714,0.021904302283788295,0.13974912277221835,10.238805970149254,0.0737424126894928,0.13712446796878974,0.19424544761369567,0.08059701492537313,0,0.17852885347460692,0.21948745867585265,3.9918553695569705,0.8524992736482793,0.0,0.9772727272727273,0.0,0.2,0.0,0.2,0.0,0.08,0.11572700296735905,0.26474848253789857,0.26474848253789857
112,0.9707963562682341,0.4941979914674287,0.9668644455730683,0.49330089647868436,0.26558979316785597,0.4919414905693385,0.8716417910447761,0.40439639227740354,0.38359955724568234,0.08358208955223881,0.8342857142857143,0.3987425806365575,0.37893315344193523,0.08,0.11044776119402985,0.13428571428571429,0.04285714285714286,2.757142857142857,0.041791044776119404,0.0,0.022051835592103684,0.1395156395635229,10.238805970149254,0.07153014030880801,0.13329817800035182,0.1929180841852848,0.08059701492537313,0,0.17894949563580534,0.21839002138247338,4.046303976451545,0.8354492881753136,0.0,0.9787234042553191,0.0,0.2,0.0,0.2,0.0,0.08,0.11044776119402985,0.2643060280617616,0.2643060280617616
113,0.9709841228308788,0.49370268467943174,0.9670441649973138,0.4926660221563204,0.26558979316785597,0.49159831344453625,0.8597014925373134,0.40439639227740354,0.38359955724568234,0.08358208955223881,0.8228571428571428,0.3987425806365575,0.37893315344193523,0.08,0.10149253731343283,0.11428571428571428,0.04285714285714286,2.8057142857142856,0.041791044776119404,0.0,0.022176873582527987,0.1392891608510883,10.238805970149254,0.06938423609954376,0.1295704662338868,0.19163054165972626,0.08059701492537313,0,0.17879731958619768,0.217298071275561,4.079663611208229,0.8187403024118074,0.0,1.0,0.0,0.2,0.0,0.2,0.0,0.08,0.10149253731343283,0.26387684721990873,0.26387684721990873
114,0.9714534745648117,0.4944364161699246,0.9674934016569354,0.49328146879011603,0.26558979316785597,0.49121407180924404,0.8686567164179104,0.40439639227740354,0.38359955724568234,0.08358208955223881,0.8314285714285714,0.3987425806365575,0.37893315344193523,0.08,0.10149253731343283,0.11428571428571428,0.04285714285714286,2.8457142857142856,0.041791044776119404,0.0,0.022300286231149248,0.1390694765000268,10.238805970149254,0.06730270901655745,0.1259392677435177,0.19038162540993447,0.08059701492537313,0,0.1786173329882667,0.2162115809191832,4.112356053269779,0.8023654963635712,0.0,1.0,0.0,0.2,0.0,0.2,0.0,0.08,0.10149253731343283,0.26346054180331147,0.26346054180331147
115,0.9702458983686083,0.4944689415396782,0.9663375787262838,0.4934819237103465,0.26558979316785597,0.49099141873610447,0.835820895522388,0.40445609376994096,0.38364433336508535,0.08358208955223881,0.8,0.3987997234937003,0.37897601058479236,0.08,0.09850746268656717,0.12285714285714286,0.04285714285714286,2.9114285714285715,0.04477611940298507,0.0,0.02242202373787811,0.1388563826794971,10.238805970149254,0.06528362774606072,0.12240253228570042,0.1891701766476364,0.08059701492537313,0,0.17889481846618252,0.21513052301458727,4.152966075061525,0.8040329918878318,0.0,0.9767441860465116,0.0,0.2,0.0,0.2,0.0,0.08,0.09850746268656717,0.26305672554921217,0.26305672554921217
116,0.9723846947048655,0.49343341668734714,0.9683847123624156,0.4924325728767256,0.26558979316785597,0.49069995674173195,0.8388059701492537,0.4045754967550155,0.38373388560389127,0.08358208955223881,0.8028571428571428,0.39891400920798603,0.3790617248705067,0.08,0.11044776119402985,0.14285714285714285,0.04285714285714286,2.962857142857143,0.04477611940298507,0.0,0.022542041444039516,0.1386496816735833,10.238805970149254,0.0633251189136789,0.11895822620206453,0.18799507134820734,0.08059701492537313,0,0.17934234437385166,0.21405487039951435,4.212763896417438,0.8196241286910868,0.0,0.98,0.0,0.2,0.0,0.2,0.0,0.08,0.11044776119402985,0.26266502378273576,0.26266502378273576
117,0.9729341515558451,0.492947737292556,0.9689106210626388,0.49206234528308235,0.26558979316785597,0.4904717197688339,0.8298507462686567,0.4045754967550155,0.38373388560389127,0.08358208955223881,0.7942857142857143,0.39891400920798603,0.3790617248705067,0.08,0.11641791044776119,0.14,0.04285714285714286,3.0514285714285716,0.04477611940298507,0.0,0.02266029963004424,0.13844918169784695,10.238805970149254,0.06142536534626853,0.1156043341628803,0.1868552192077611,0.08059701492537313,0,0.17913134693769664,0.21298459604751677,4.268508618489089,0.803231646117265,0.0,1.0,0.0,0.2,0.0,0.2,0.0,0.08,0.11641791044776119,0.2622850730692537,0.2622850730692537
118,0.9713149534126881,0.49354019589275894,0.9673608171256173,0.49253313904519735,0.26558979316785597,0.49026508982204453,0.8537313432835821,0.4045754967550155,0.38373388560389127,0.08358208955223881,0.8171428571428572,0.39891400920798603,0.3790617248705067,0.08,0.1044776119402985,0.12,0.04285714285714286,3.105714285714286,0.04776119402985075,0.0,0.02277676331007731,0.13825469672138266,10.238805970149254,0.05958260438588047,0.11233886075915511,0.18574956263152828,0.08059701492537313,0,0.1789779766315796,0.21191967306727916,4.3031384461193065,0.7871670131949198,0.0,1.0,0.0,0.2,0.0,0.2,0.0,0.08,0.1044776119402985,0.2619165208771761,0.2619165208771761
119,0.9729726899299868,0.4924746447629202,0.9686528607687306,0.4917614315909039,0.26558979316785597,0.489937920182349,0.8263473053892215,0.40456118044399086,0.3838768852197906,0.08383233532934131,0.7885714285714286,0.3990854377794147,0.37919029629907813,0.08,0.09880239520958084,0.12571428571428572,0.045714285714285714,3.1742857142857144,0.04491017964071856,0.002857142857142857,0.022898457212262,0.1380660462942123,10.22754491017964,0.05779512625430405,0.10915983195114243,0.1846770757525824,0.08083832335329341,0,0.179739516034136,0.21190796901935785,4.342789962911207,0.838473962212758,0.0,0.9545454545454546,0.0,0.2,0.0,0.2,0.0,0.08,0.10149253731343283,0.26155902525086083,0.26155902525086083
120,0.9735244195035232,0.4924414536582378,0.9691793684189054,0.4916877648491182,0.26558979316785597,0.4896130524836626,0.8413173652694611,0.4046210606835118,0.3839217953994312,0.08383233532934131,0.8028571428571428,0.3991425806365575,0.3792331534419353,0.08,0.09281437125748503,0.10571428571428572,0.045714285714285714,3.2285714285714286,0.04491017964071856,0.0,0.023011341646504774,0.13788305537985704,10.22754491017964,0.05606127246667493,0.1060652963808163,0.18363676348000496,0.08083832335329341,0,0.1798972477396796,0.21084842917426108,4.3616484493672685,0.8640979260018414,0.0,0.972972972972973,0.0,0.2,0.0,0.2,0.0,0.08,0.09281437125748503,0.26121225449333496,0.26121225449333496
121,0.9726234278320072,0.4930621768004626,0.9680146570052981,0.4926495166260208,0.26558979316785597,0.4894206199630627,0.8498498498498499,0.40431110762496675,0.3840243540657589,0.08408408408408409,0.8085714285714286,0.39919972349370036,0.3792760105847924,0.08,0.1021021021021021,0.11142857142857143,0.04857142857142857,3.302857142857143,0.042042042042042045,0.002857142857142857,0.02311724622934821,0.1377055541929324,10.222222222222221,0.05437943429267468,0.10305332655562971,0.1826276605756048,0.08108108108108109,0,0.18022533292955265,0.2186790853870073,4.385844051808494,0.8563415570430767,0.0,0.9743589743589743,0.0,0.2,0.0,0.2,0.0,0.08,0.10179640718562874,0.2608758868585349,0.2608758868585349
122,0.9732198288712369,0.49273563379283974,0.9685820899940508,0.49227854213293915,0.26558979316785597,0.48930811386111617,0.8738738738738738,0.40431110762496675,0.3840243540657589,0.08408408408408409,0.8314285714285714,0.39919972349370036,0.3792760105847924,0.08,0.0990990990990991,0.11714285714285715,0.04857142857142857,3.357142857142857,0.042042042042042045,0.0,0.02323178829923626,0.13753337804161553,10.222222222222221,0.05274805126389444,0.10012201991063052,0.18164883075833665,0.08108108108108109,0,0.18020849340776202,0.21758568996007224,4.415270027915182,0.8392147259022151,0.0,1.0,0.0,0.2,0.0,0.2,0.0,0.08,0.0990990990990991,0.2605496102527789,0.2605496102527789
123,0.9734034300812495,0.49308461345598653,0.9687567734310061,0.49272183145672527,0.26558979316785597,0.4891683783250262,0.8138138138138138,0.40431110762496675,0.3840243540657589,0.08408408408408409,0.7742857142857142,0.39919972349370036,0.3792760105847924,0.08,0.10510510510510511,0.11714285714285715,0.04857142857142857,3.4285714285714284,0.042042042042042045,0.0,0.023338996583738926,0.1373663671748382,10.222222222222221,0.051165609725977605,0.09726949975576782,0.18069936583558655,0.08108108108108109,0,0.1799928795121518,0.2164977615102719,4.444107484499735,0.8224304313841708,0.0,1.0,0.0,0.2,0.0,0.2,0.0,0.08,0.10510510510510511,0.26023312194519554,0.26023312194519554
124,0.9753260130858115,0.49294656415693766,0.9696813052947028,0.4925719438950437,0.26558979316785597,0.48923158896018853,0.7824773413897281,0.40491173919463763,0.38453152148407155,0.08459214501510574,0.74,0.39931400920798604,0.3793617248705067,0.08,0.10876132930513595,0.14,0.054285714285714284,3.5,0.04229607250755287,0.005714285714285714,0.023551992178435573,0.13720436663406413,9.830815709969789,0.04963064143419828,0.09449391611497016,0.17977838486051895,0.08157099697885196,0,0.18040591654316246,0.21541527270272054,4.49522533480974,0.8354492881753136,0.0,0.9795918367346939,0.0,0.2,0.0,0.2,0.0,0.08,0.1111111111111111,0.25992612828683964,0.25992612828683964
125,0.9746573220038942,0.49239876451231834,0.9690489145858042,0.4920211644330971,0.26558979316785597,0.48926552199661966,0.8006042296072508,0.40497216215536264,0.3845768387046153,0.08459214501510574,0.7571428571428571,0.3993711520651289,0.37940458201336386,0.08,0.08761329305135952,0.10571428571428572,0.054285714285714284,3.545714285714286,0.045317220543806644,0.0,0.023701900598834702,0.13704722610951334,9.830815709969789,0.048141722191172326,0.09179344646333287,0.1788850333147034,0.07854984894259819,0,0.1806463155318752,0.21433819633920695,4.511035113827831,0.8389572240035359,0.0,0.972972972972973,0.0,0.2,0.0,0.2,0.0,0.08,0.08761329305135952,0.25962834443823446,0.25962834443823446
126,0.9756423173591222,0.4919839625774269,0.9695741377778745,0.49165278832569476,0.26558979316785597,0.4893022248176994,0.8363636363636363,0.4054219263922441,0.38445715839831646,0.08484848484848485,0.7885714285714286,0.39942829492227183,0.379447439156221,0.08,0.10303030303030303,0.10571428571428572,0.05714285714285714,3.597142857142857,0.048484848484848485,0.002857142857142857,0.023867750075990665,0.13689479980069907,9.684848484848485,0.04669747052543716,0.08916629636850315,0.1780184823152623,0.07878787878787878,0,0.18088536966850155,0.21326650535751093,4.52652869726556,0.8698972180084482,0.0,0.972972972972973,0.0,0.2,0.0,0.2,0.0,0.08,0.10574018126888217,0.25933949410508744,0.25933949410508744
127,0.9752636259508397,0.4924376264676253,0.9692170858786369,0.492057218451808,0.26558979316785597,0.4890546520997762,0.8484848484848485,0.4054219263922441,0.38445715839831646,0.08484848484848485,0.8,0.39942829492227183,0.379447439156221,0.08,0.08484848484848485,0.09428571428571429,0.05714285714285714,3.645714285714286,0.045454545454545456,0.0,0.02397946479902104,0.13674694628114922,9.684848484848485,0.04529654640967404,0.08661070004210591,0.1771779278458044,0.07878787878787878,0,0.18058051424873048,0.21220017283072334,4.530283837605964,0.8524992736482793,0.0,1.0,0.0,0.2,0.0,0.2,0.0,0.08,0.08484848484848485,0.2590593092819348,0.2590593092819348
128,0.9753329530063266,0.4924201752189581,0.969282451388096,0.4920981614243025,0.26558979316785597,0.4889039176894179,0.8424242424242424,0.4054219263922441,0.38445715839831646,0.08484848484848485,0.7942857142857143,0.39942829492227183,0.379447439156221,0.08,0.09090909090909091,0.1,0.05714285714285714,3.7114285714285713,0.051515151515151514,0.0,0.02407961273784653,0.13660352836718584,9.684848484848485,0.04393765001738382,0.08412492080681178,0.17636259001043028,0.07878787878787878,0,0.18044789810605824,0.21113917196656976,4.5396781608538435,0.8354492881753136,0.0,1.0,0.0,0.2,0.0,0.2,0.0,0.08,0.09090909090909091,0.25878753000347676,0.25878753000347676
129,0.9753704168380241,0.4915388400372091,0.9693177744294108,0.49123373567633855,0.26558979316785597,0.4887922283179958,0.8303030303030303,0.4056037445740623,0.38459352203468006,0.08484848484848485,0.7828571428571428,0.3995997234937003,0.37957601058479246,0.08,0.10606060606060606,0.12857142857142856,0.05714285714285714,3.762857142857143,0.05454545454545454,0.0,0.02417777801177827,0.13646441299064138,9.684848484848485,0.042619520516862304,0.08170725148440683,0.17557171231011737,0.07878787878787878,0,0.1812866621833851,0.21928178737623447,4.5774560262081945,0.9057655331200002,0.0,0.9555555555555556,0.0,0.2,0.0,0.2,0.0,0.08,0.10606060606060606,0.25852390410337245,0.25852390410337245
130,0.9753190441434572,0.49168583391507115,0.9692693373173903,0.4915103728783982,0.26558979316785597,0.48863380914879995,0.8333333333333334,0.4056037445740623,0.38459352203468006,0.08484848484848485,0.7857142857142857,0.3995997234937003,0.37957601058479246,0.08,0.08484848484848485,0.09714285714285714,0.05714285714285714,3.817142857142857,0.05454545454545454,0.0,0.02427396729962807,0.13632947107539325,9.684848484848485,0.04134093490135644,0.07935601470998999,0.17480456094081387,0.07878787878787878,0,0.18109394315818245,0.21818537843935332,4.583049762826889,0.8876502224576002,0.0,1.0,0.0,0.2,0.0,0.2,0.0,0.08,0.08484848484848485,0.25826818698027126,0.25826818698027126
131,0.975468951153974,0.49156508525743786,0.9694106782130205,0.49150271299002685,0.26558979316785597,0.48845529015482797,0.8272727272727273,0.4057249566952744,0.38468443112558914,0.08484848484848485,0.78,0.399714009207986,0.37966172487050664,0.08,0.11515151515151516,0.13142857142857142,0.05714285714285714,3.882857142857143,0.051515151515151514,0.0,0.024368189564189385,0.1361985774176026,9.684848484848485,0.04010070685431574,0.07706956317719249,0.17406042411258943,0.07878787878787878,0,0.18135933058524867,0.21709445154715654,4.622817338998922,0.8876502224576002,0.0,0.9782608695652174,0.0,0.2,0.0,0.2,0.0,0.08,0.11515151515151516,0.25802014137086315,0.25802014137086315
132,0.9759324810166078,0.49154826282588204,0.9690534720480714,0.4918718146753719,0.26558979316785597,0.4882733331332361,0.8358662613981763,0.4061790780116094,0.38416158936195294,0.0851063829787234,0.7857142857142857,0.399714009207986,0.37966172487050664,0.08,0.08206686930091185,0.09714285714285714,0.06,3.9485714285714284,0.0486322188449848,0.002857142857142857,0.02455159468403681,0.13607161056954561,9.361702127659575,0.03889768564868627,0.07484627981908543,0.17333861138921175,0.0790273556231003,0,0.1810806767894653,0.21600897928942075,4.627503849361801,0.8698972180084482,0.0,1.0,0.0,0.2,0.0,0.2,0.0,0.08,0.08484848484848485,0.2577795371297373,0.2577795371297373
133,0.9775271590565101,0.49264916880695125,0.9705524694055795,0.4927855107255137,0.26558979316785597,0.48823503461187495,0.8328267477203647,0.4061790780116094,0.38416158936195294,0.0851063829787234,0.7828571428571428,0.399714009207986,0.37966172487050664,0.08,0.11246200607902736,0.11142857142857143,0.06,4.022857142857143,0.04559270516717325,0.0,0.02469145447881026,0.13594845272693035,9.361702127659575,0.037730755079225686,0.07268457792922522,0.17263845304753542,0.0790273556231003,0,0.18091670483051794,0.21492893439297364,4.646382343803135,0.8524992736482793,0.0,1.0,0.0,0.2,0.0,0.2,0.0,0.08,0.11246200607902736,0.25754615101584516,0.25754615101584516
134,0.9784110482483078,0.49126418976462977,0.9713833252458696,0.4915492900740896,0.26558979316785597,0.48834665653523757,0.8449848024316109,0.40623986828516556,0.38420718206712007,0.08814589665653495,0.7942857142857143,0.3997711520651289,0.3797045820133638,0.08285714285714285,0.11550151975683891,0.12285714285714286,0.06,4.082857142857143,0.05167173252279635,0.0,0.02478113833626918,0.13582898961959355,9.361702127659575,0.036598832426848915,0.0705829012270679,0.17195929945610935,0.0790273556231003,0,0.18138197987779398,0.21385428972100878,4.676311839784216,0.852805586177623,0.0,0.9767441860465116,0.0,0.2,0.0,0.2,0.0,0.08,0.11550151975683891,0.2573197664853698,0.2573197664853698
135,0.9783694855436887,0.4919848378613968,0.9713442563035275,0.49216192893694777,0.26558979316785597,0.48845134281850605,0.8328267477203647,0.40623986828516556,0.38420718206712007,0.08814589665653495,0.7828571428571428,0.3997711520651289,0.3797045820133638,0.08285714285714285,0.10030395136778116,0.10285714285714286,0.06,4.131428571428572,0.05167173252279635,0.0,0.02486888091597027,0.13571311040547687,9.361702127659575,0.03550086745404345,0.06853972387177543,0.17130052047242605,0.0790273556231003,0,0.18110335569269068,0.21278501827240376,4.685642745845675,0.8357494744540706,0.0,1.0,0.0,0.2,0.0,0.2,0.0,0.08,0.10030395136778116,0.2571001734908087,0.2571001734908087
136,0.976920598578995,0.49205493788356,0.9699823025567151,0.49197238687781075,0.26558979316785597,0.4886864218229258,0.851063829787234,0.40623986828516556,0.38420718206712007,0.08814589665653495,0.8,0.3997711520651289,0.3797045820133638,0.08285714285714285,0.10030395136778116,0.10857142857142857,0.06,4.1971428571428575,0.05167173252279635,0.0,0.024954700685048906,0.13560070756778367,9.361702127659575,0.034435841430422144,0.06655355042823763,0.17066150485825327,0.0790273556231003,0,0.18085441034279867,0.21172109318104174,4.70050131950019,0.8190344849649891,0.0,1.0,0.0,0.2,0.0,0.2,0.0,0.08,0.10030395136778116,0.25688716828608443,0.25688716828608443
137,0.976273608951571,0.49123046635975837,0.9693741323069368,0.491160035378883,0.26558979316785597,0.4888149592696548,0.8449848024316109,0.40636144883227804,0.38429836747745444,0.08814589665653495,0.7942857142857143,0.3998854377794146,0.3797902962990781,0.08285714285714285,0.1033434650455927,0.10285714285714286,0.06,4.282857142857143,0.0547112462006079,0.0,0.025038617525244302,0.13549167681522126,9.361702127659575,0.03340276618750948,0.06462291578893375,0.17004165971250568,0.0790273556231003,0,0.1812628540053704,0.21066248771513651,4.709348435967328,0.8230365185760338,0.0,0.9722222222222222,0.0,0.2,0.0,0.2,0.0,0.08,0.1033434650455927,0.2566805532375019,0.2566805532375019
138,0.9756056114037289,0.49143601660437014,0.9687462146119651,0.49138091392020294,0.26558979316785597,0.4888120963069851,0.8145896656534954,0.40636144883227804,0.38429836747745444,0.08814589665653495,0.7657142857142857,0.3998854377794146,0.3797902962990781,0.08285714285714285,0.11550151975683891,0.12285714285714286,0.06,4.354285714285714,0.060790273556231005,0.0,0.025120652606006117,0.13538591698523575,9.361702127659575,0.032400683201884196,0.06274638505506869,0.16944040992113052,0.0790273556231003,0,0.1810702540210578,0.20960917527656084,4.738018610105124,0.806575788204513,0.0,1.0,0.0,0.2,0.0,0.2,0.0,0.08,0.11550151975683891,0.25648013664037683,0.25648013664037683
139,0.9750465067072437,0.4916929378480216,0.9682206561972689,0.4916263646437688,0.26558979316785597,0.48859804418860225,0.8267477203647416,0.40636144883227804,0.38429836747745444,0.08814589665653495,0.7771428571428571,0.3998854377794146,0.3797902962990781,0.08285714285714285,0.11854103343465046,0.12285714285714286,0.06,4.428571428571429,0.060790273556231005,0.0,0.025200828263793693,0.13528332995014977,9.361702127659575,0.03142866270582767,0.06092255338024011,0.1688571976234966,0.0790273556231003,0,0.18090718846523823,0.208561129400178,4.766115380760165,0.7904442724404228,0.0,1.0,0.0,0.2,0.0,0.2,0.0,0.08,0.11854103343465046,0.25628573254116555,0.25628573254116555
140,0.9744452807994786,0.49209514877384847,0.9676555038439699,0.4919789549681977,0.26558979316785597,0.48827058408999635,0.78419452887538,0.40636144883227804,0.38429836747745444,0.08814589665653495,0.7371428571428571,0.3998854377794146,0.3797902962990781,0.08285714285714285,0.0790273556231003,0.08857142857142856,0.06,4.514285714285714,0.0668693009118541,0.0,0.025279167887446337,0.1351838205261164,9.361702127659575,0.03048580282465284,0.059150045779710836,0.1682914816947917,0.0790273556231003,0,0.18057351038005492,0.20751832375317714,4.75936450171639,0.7746353869916144,0.0,1.0,0.0,0.2,0.0,0.2,0.0,0.08,0.0790273556231003,0.2560971605649306,0.2560971605649306
141,0.97493351296344,0.4914211981014813,0.9681144420780934,0.49131194958181074,0.26558979316785597,0.4880583771036317,0.7933130699088146,0.40636144883227804,0.38429836747745444,0.08814589665653495,0.7457142857142857,0.3998854377794146,0.3797902962990781,0.08285714285714285,0.11550151975683891,0.12571428571428572,0.06,4.594285714285714,0.0668693009118541,0.0,0.025355695809488193,0.135087296384804,9.361702127659575,0.029571228739913254,0.057427516908195475,0.16774273724394795,0.0790273556231003,0,0.18049778711386893,0.20648073213441123,4.789891497396348,0.759142679251782,0.0,1.0,0.0,0.2,0.0,0.2,0.0,0.08,0.11550151975683891,0.25591424574798266,0.25591424574798266
142,0.976324373604619,0.4908978915560522,0.969421851080802,0.490960104924779,0.26558979316785597,0.48793660466362015,0.78419452887538,0.40648302937939046,0.3843895528877888,0.08814589665653495,0.7371428571428571,0.3999997234937004,0.3798760105847924,0.08285714285714285,0.1094224924012158,0.11428571428571428,0.06,4.671428571428572,0.0668693009118541,0.0,0.025430437203217963,0.13499366796773102,9.361702127659575,0.028684091877715857,0.055753650808906485,0.16721045512662952,0.0790273556231003,0,0.1808223003211567,0.21213645019441707,4.808379381734135,0.7721932854090737,0.0,0.975,0.0,0.2,0.0,0.2,0.0,0.08,0.1094224924012158,0.2557368183755432,0.2557368183755432
143,0.9752466876803282,0.49070638747960466,0.9684088263119686,0.4907852307418551,0.26558979316785597,0.48775459549966316,0.790273556231003,0.406604609926503,0.3844807382981231,0.08814589665653495,0.7428571428571429,0.4001140092079861,0.3799617248705067,0.08285714285714285,0.1033434650455927,0.11142857142857143,0.06,4.7542857142857144,0.0668693009118541,0.0,0.025503417985423597,0.1349028484031702,9.361702127659575,0.02782356912138438,0.05412716063644807,0.16669414147283063,0.0790273556231003,0,0.18146018881955095,0.21674417384824193,4.823640365528025,0.8338208195323847,0.0,0.9487179487179487,0.0,0.2,0.0,0.2,0.0,0.08,0.1033434650455927,0.25556471382427687,0.25556471382427687
144,0.9737005209091437,0.4899014955582556,0.9670305709158861,0.48972431635356917,0.26558979316785597,0.48780891950895955,0.8170731707317073,0.4064390813702543,0.38510673827330527,0.09146341463414634,0.7657142857142857,0.40034258063655753,0.38013315344193527,0.08571428571428572,0.10975609756097561,0.11428571428571428,0.06285714285714286,4.84,0.07317073170731707,0.002857142857142857,0.02559688858010476,0.13481475342554616,9.292682926829269,0.02698886204774285,0.05254678835599624,0.1661933172286457,0.07926829268292683,0,0.18206660216116746,0.22039575177093385,4.841453272503178,0.8715930626099755,0.0,0.95,0.0,0.2,0.0,0.2,0.0,0.08,0.11246200607902736,0.2553977724095486,0.2553977724095486
145,0.9726166149731462,0.48978319265354153,0.966093034453085,0.48992970455331275,0.26558979316785597,0.4877967380598015,0.8134556574923547,0.4070491652537724,0.3847388248097501,0.09174311926605505,0.76,0.40039972349370034,0.3801760105847925,0.08571428571428572,0.11926605504587157,0.12285714285714286,0.06571428571428571,4.917142857142857,0.07033639143730887,0.002857142857142857,0.025687120629804664,0.13472930129725094,9.290519877675841,0.026179196186310563,0.05101130442106161,0.16570751771178632,0.07951070336391437,0,0.1824116998646473,0.21929377301207917,4.867481349910257,0.8848811587189167,0.0,0.9767441860465116,0.0,0.2,0.0,0.2,0.0,0.08,0.11890243902439024,0.2552358392372621,0.2552358392372621
146,0.973545876515121,0.49003214189098776,0.9669612302365873,0.49024532672850935,0.26558979316785597,0.48764736832399647,0.8195718654434251,0.4070491652537724,0.3847388248097501,0.09174311926605505,0.7657142857142857,0.40039972349370034,0.3801760105847925,0.08571428571428572,0.12232415902140673,0.12571428571428572,0.06571428571428571,4.988571428571428,0.0764525993883792,0.0,0.02575524493586374,0.1346464127328045,9.290519877675841,0.025393820300721244,0.04951950743199218,0.16523629218043273,0.07951070336391437,0,0.18232664421889552,0.2181973041470188,4.895846008626338,0.8671835355445383,0.0,1.0,0.0,0.2,0.0,0.2,0.0,0.08,0.12232415902140673,0.25507876406014424,0.25507876406014424
147,0.974051742959623,0.4902241353137103,0.9672865244467479,0.490504286128035,0.26558979316785597,0.4875154178821989,0.8067484662576687,0.40789089315686006,0.3853909679724617,0.09202453987730061,0.7514285714285714,0.40039972349370034,0.3801760105847925,0.08571428571428572,0.11349693251533742,0.12285714285714286,0.06857142857142857,5.048571428571429,0.0736196319018405,0.002857142857142857,0.025837205317766742,0.13456601082529152,9.257668711656441,0.024632005691699606,0.048070223777244014,0.16477920341501975,0.07975460122699386,0,0.18212872528351534,0.21710631762628368,4.920786231310953,0.8498398648336476,0.0,1.0,0.0,0.2,0.0,0.2,0.0,0.08,0.1162079510703364,0.2549264011383399,0.2549264011383399
148,0.975273960565112,0.4901756172403573,0.9682334930471721,0.4903660075431654,0.26558979316785597,0.48734182551203503,0.8061538461538461,0.40891005282639803,0.3862064984751306,0.09230769230769231,0.7485714285714286,0.4005140092079861,0.38026172487050675,0.08571428571428572,0.11384615384615385,0.11142857142857143,0.07142857142857142,5.12,0.07384615384615385,0.002857142857142857,0.02592105263720844,0.13448802097500387,9.236923076923077,0.023893045520948616,0.04666230725932252,0.16433582731256915,0.08,0,0.18221779594281204,0.21602078603815228,4.933799078113306,0.840990313478381,0.0,0.9743589743589743,0.0,0.2,0.0,0.2,0.0,0.08,0.11349693251533742,0.2547786091041897,0.2547786091041897
149,0.9764226290107899,0.49111508804052534,0.9693001137467305,0.49114525798595676,0.26558979316785597,0.48734832437171755,0.8215384615384616,0.40891005282639803,0.3862064984751306,0.09230769230769231,0.7628571428571429,0.4005140092079861,0.38026172487050675,0.08571428571428572,0.12,0.13142857142857142,0.07142857142857142,5.18,0.07692307692307693,0.0,0.02598715561768474,0.13441237082022486,9.236923076923077,0.023176254155320156,0.045294638707175316,0.1639057524931921,0.08,0,0.1823328541023837,0.2149406821079615,4.966551667979611,0.8241705072088135,0.0,1.0,0.0,0.2,0.0,0.2,0.0,0.08,0.12,0.25463525083106403,0.25463525083106403
150,0.976679050345649,0.49094836390086555,0.9689357401339314,0.4909603545258839,0.26558979316785597,0.4872717078061389,0.8328173374613003,0.40865168726536427,0.3874354538489671,0.09287925696594428,0.7685714285714286,0.4005140092079861,0.38026172487050675,0.08571428571428572,0.09907120743034056,0.10571428571428572,0.07714285714285714,5.251428571428572,0.07120743034055728,0.005714285714285714,0.026095677298493155,0.13433899017008927,9.15170278637771,0.022480966530660552,0.04396612557670909,0.16348857991839633,0.0804953560371517,0,0.18210661840330036,0.21386597869742172,4.972934920334305,0.8076870970646371,0.0,1.0,0.0,0.2,0.0,0.2,0.0,0.08,0.10153846153846154,0.2544961933061321,0.2544961933061321
151,0.9760679685514381,0.4897784515155404,0.9683717989352739,0.4897290683226119,0.26558979316785597,0.48713753168179896,0.7801857585139319,0.40877552627465213,0.38752833310593304,0.09287925696594428,0.72,0.4006282949222718,0.38034743915622105,0.08571428571428572,0.14860681114551083,0.14857142857142858,0.07714285714285714,5.328571428571428,0.07120743034055728,0.0,0.02616944397927853,0.13426781093945767,9.15170278637771,0.021806537534740735,0.042675701540988875,0.16308392252084444,0.0804953560371517,0,0.18236708531128387,0.21279664880393462,5.022047650499046,0.8524992736482793,0.0,0.9807692307692307,0.0,0.2,0.0,0.2,0.0,0.08,0.14860681114551083,0.25436130750694813,0.25436130750694813
152,0.9753230809086006,0.49028574522455237,0.9675886844451528,0.4901455689691135,0.26558979316785597,0.4869840669640429,0.7919254658385093,0.40806784196509305,0.38822603159684926,0.09316770186335403,0.7285714285714285,0.4006282949222718,0.38034743915622105,0.08571428571428572,0.08385093167701864,0.09142857142857143,0.08,5.408571428571428,0.06832298136645963,0.002857142857142857,0.026269810036282155,0.1341987670857451,9.06832298136646,0.021152341408698514,0.04142232607157981,0.1626914048452191,0.08074534161490683,0,0.1819979641704417,0.21173266555991493,5.013035268917637,0.8354492881753136,0.0,1.0,0.0,0.2,0.0,0.2,0.0,0.08,0.08359133126934984,0.25423046828173973,0.25423046828173973
153,0.97535705317127,0.49112974723733327,0.9676199389268089,0.49104526901336654,0.26558979316785597,0.48704254440745814,0.8074534161490683,0.40806784196509305,0.38822603159684926,0.09316770186335403,0.7428571428571429,0.4006282949222718,0.38034743915622105,0.08571428571428572,0.14285714285714285,0.15142857142857144,0.08,5.488571428571428,0.06832298136645963,0.0,0.026349032685990592,0.13413179454764385,9.06832298136646,0.02051777116643756,0.040204984012392475,0.16231066269986252,0.08074534161490683,0,0.18211440648887522,0.21067400223211535,5.064203134967855,0.8187403024118074,0.0,1.0,0.0,0.2,0.0,0.2,0.0,0.08,0.14285714285714285,0.2541035542332875,0.2541035542332875
154,0.9757316563597058,0.4910975778551041,0.9679645738601697,0.49109031677853204,0.26558979316785597,0.48703281651256386,0.8105590062111802,0.4082541773688198,0.3883657831496443,0.09316770186335403,0.7457142857142857,0.40079972349370036,0.38047601058479247,0.08571428571428572,0.13975155279503104,0.1457142857142857,0.08,5.562857142857143,0.06832298136645963,0.0,0.026405457717431104,0.13406683118568563,9.06832298136646,0.019902238031444433,0.03902268514729912,0.16194134281886666,0.08074534161490683,0,0.18277512017071657,0.22435423768735335,5.108633357982784,0.8187403024118074,0.0,0.9607843137254902,0.0,0.2,0.0,0.2,0.0,0.08,0.13975155279503104,0.2539804476062889,0.2539804476062889
155,0.9764299752394648,0.49076902259927,0.9686070272295478,0.490885988341379,0.26558979316785597,0.4868966065987674,0.8354037267080745,0.4083162891700621,0.388412367000576,0.09316770186335403,0.7685714285714286,0.4008568663508433,0.38051886772764953,0.08571428571428572,0.13043478260869565,0.14285714285714285,0.08,5.645714285714286,0.07142857142857142,0.0,0.02646043680564458,0.13400381672458614,9.06832298136646,0.0193051708905011,0.03787446376270165,0.16158310253430067,0.08074534161490683,0,0.1830323874270058,0.2232324664989166,5.149317833680271,0.8221780795234651,0.0,0.98,0.0,0.2,0.0,0.2,0.0,0.08,0.13043478260869565,0.25386103417810024,0.25386103417810024
156,0.9771664612473596,0.49035942444187475,0.969284594356811,0.4905543313557124,0.26558979316785597,0.48664491566682977,0.8540372670807453,0.4084405127725465,0.38850553470243937,0.09316770186335403,0.7857142857142857,0.40097115206512896,0.38060458201336395,0.08571428571428572,0.09627329192546584,0.11142857142857143,0.08,5.7057142857142855,0.07453416149068323,0.0,0.02651399950202093,0.13394269269731973,9.06832298136646,0.018726015763786068,0.03675937820614861,0.16123560945827164,0.08074534161490683,0,0.18311708263272794,0.22876432991783685,5.157760048435237,0.8554290729598683,0.0,0.9743589743589743,0.0,0.2,0.0,0.2,0.0,0.08,0.09627329192546584,0.2537452031527572,0.2537452031527572
157,0.9773023554643532,0.490219476531406,0.9694096170364452,0.49046901096991574,0.26558979316785597,0.48645364001997404,0.8198757763975155,0.40856473637503093,0.3885987024043027,0.09316770186335403,0.7542857142857143,0.40108543777941463,0.38069029629907813,0.08571428571428572,0.10559006211180125,0.11714285714285715,0.08,5.771428571428571,0.07453416149068323,0.0,0.026566175223120877,0.13388340239087124,9.06832298136646,0.018164235290872487,0.035676510442018805,0.16089854117452349,0.08074534161490683,0,0.18351449793385005,0.22762050826824765,5.1717477046093885,0.880111788338216,0.0,0.975609756097561,0.0,0.2,0.0,0.2,0.0,0.08,0.10559006211180125,0.2536328470581745,0.2536328470581745
158,0.9756020658262918,0.4891919701095801,0.9678453505694289,0.4894818772687887,0.26558979316785597,0.4862200781346824,0.8167701863354038,0.40875107177875764,0.3887384539570978,0.09316770186335403,0.7514285714285714,0.40125686635084323,0.3808188677276496,0.08571428571428572,0.11801242236024845,0.12285714285714286,0.08,5.848571428571429,0.07453416149068323,0.0,0.026616993215906454,0.13382589079361623,9.06832298136646,0.017619308232146313,0.03462496560521677,0.16057158493928778,0.08074534161490683,0,0.18405378258703792,0.22648240572690642,5.191169893374345,0.9126917146564701,0.0,0.9534883720930233,0.0,0.2,0.0,0.2,0.0,0.08,0.11801242236024845,0.25352386164642926,0.25352386164642926
159,0.9767850563352074,0.4885896079173295,0.9689337018376312,0.48923312374863787,0.26558979316785597,0.48597346142089964,0.8105590062111802,0.40875107177875764,0.3887384539570978,0.09316770186335403,0.7457142857142857,0.40125686635084323,0.3808188677276496,0.08571428571428572,0.11801242236024845,0.12285714285714286,0.08,5.922857142857143,0.07453416149068323,0.0,0.026666482525831335,0.1337701045442788,9.06832298136646,0.01709072898518192,0.03360387155375133,0.16025443739110914,0.08074534161490683,0,0.18393251438838848,0.22534999369827188,5.210203638364001,0.8944378803633407,0.0,1.0,0.0,0.2,0.0,0.2,0.0,0.08,0.11801242236024845,0.25341814579703636,0.25341814579703636
160,0.9765597302065359,0.4888338654435189,0.9687264017992532,0.4892847487114597,0.26558979316785597,0.48565694764674017,0.8291925465838509,0.4088752953812421,0.3888316216589611,0.09316770186335403,0.7628571428571429,0.4013711520651289,0.3809045820133638,0.08571428571428572,0.09937888198757763,0.10285714285714286,0.08,5.997142857142857,0.07453416149068323,0.0,0.026714671967637667,0.1337159918824216,9.06832298136646,0.016578007115626462,0.03261237842100484,0.15994680426937588,0.08074534161490683,0,0.18404085253073219,0.2242232437297805,5.208856708453863,0.9076479171200007,0.0,0.9722222222222222,0.0,0.2,0.0,0.2,0.0,0.08,0.09937888198757763,0.2533156014231253,0.2533156014231253
161,0.9763409143625577,0.4883409145139657,0.9685250912227934,0.4888406278681984,0.26558979316785597,0.48534414974204954,0.8633540372670807,0.4089374071824844,0.38887820550989277,0.09316770186335403,0.7942857142857143,0.4014282949222718,0.3809474391562211,0.08571428571428572,0.11490683229813664,0.12,0.08,6.071428571428571,0.07763975155279502,0.0,0.0267615900987118,0.13366350260042004,9.06832298136646,0.01608066690215767,0.03164965816843801,0.15964840014129458,0.08074534161490683,0,0.18431993398236426,0.22719812429515393,5.224679574284784,0.9242505440000003,0.0,0.9761904761904762,0.0,0.2,0.0,0.2,0.0,0.08,0.11490683229813664,0.25321613338043153,0.25321613338043153
162,0.9765854343258477,0.4891474727151639,0.9685422838570926,0.48988188807466243,0.26558979316785597,0.48508182207235767,0.8535825545171339,0.40885279424533644,0.38862906420836385,0.09345794392523364,0.7828571428571428,0.4014282949222718,0.3809474391562211,0.08571428571428572,0.102803738317757,0.12,0.08285714285714285,6.131428571428572,0.07165109034267912,0.002857142857142857,0.026831368178053924,0.13361258799687856,9.034267912772586,0.015598246895092939,0.03071490413941258,0.15935894813705576,0.08099688473520249,0,0.18430977357675601,0.22606213367367817,5.2401859827990895,0.9057655331200002,0.0,1.0,0.0,0.2,0.0,0.2,0.0,0.08,0.10248447204968944,0.2531196493790186,0.2531196493790186
163,0.9767139439199448,0.48885369251088606,0.9686601455133934,0.4896953375233683,0.26558979316785597,0.48482072976829915,0.8348909657320872,0.40891509954128663,0.38867579318032647,0.09345794392523364,0.7657142857142857,0.4014854377794146,0.38099029629907816,0.08571428571428572,0.09034267912772585,0.1,0.08285714285714285,6.1971428571428575,0.07165109034267912,0.0,0.02688317425577804,0.13356320083144332,9.034267912772586,0.01513029948824015,0.029807330614762373,0.15907817969294408,0.08099688473520249,0,0.18444493899458653,0.22493182300530978,5.235382263143109,0.9039207967999998,0.0,0.9714285714285714,0.0,0.2,0.0,0.2,0.0,0.08,0.09034267912772585,0.25302605989764804,0.25302605989764804
164,0.9759334933947551,0.48928556300739545,0.9677663380491984,0.4898499926893366,0.26558979316785597,0.48456673769015646,0.8301886792452831,0.40934101988767074,0.38883090015589333,0.09433962264150944,0.7542857142857143,0.4015997234937004,0.3810760105847924,0.08571428571428572,0.09433962264150944,0.10571428571428572,0.09142857142857143,6.271428571428571,0.06289308176100629,0.008571428571428572,0.02697905895068379,0.13351529528097109,8.937106918238994,0.014676390503592944,0.02892617237068884,0.15880583430215575,0.08176100628930817,0,0.18466457215675644,0.22380716389028324,5.2363889035945315,0.8890422424451951,0.0,0.972972972972973,0.0,0.2,0.0,0.2,0.0,0.08,0.102803738317757,0.2529352781007186,0.2529352781007186
165,0.9751506769555667,0.4896414626004761,0.9670550933987359,0.49034063839431513,0.26558979316785597,0.4843227548076332,0.8522012578616353,0.40934101988767074,0.38883090015589333,0.09433962264150944,0.7742857142857142,0.4015997234937004,0.3810760105847924,0.08571428571428572,0.10062893081761007,0.11142857142857143,0.09142857142857143,6.348571428571429,0.06289308176100629,0.0,0.02705144034930295,0.13346882689701314,8.937106918238994,0.014236098788485156,0.02807068423950665,0.15854165927309108,0.07861635220125786,0,0.1846255364388298,0.2226881280708318,5.243089696951212,0.8712613975962913,0.0,0.9743589743589743,0.0,0.2,0.0,0.2,0.0,0.08,0.10062893081761007,0.25284721975769703,0.25284721975769703
166,0.9756058225915992,0.4891416342740555,0.967468625719474,0.48991137267883295,0.26558979316785597,0.484085430763159,0.8081761006289309,0.40934101988767074,0.38883090015589333,0.09433962264150944,0.7342857142857143,0.4015997234937004,0.3810760105847924,0.08571428571428572,0.07232704402515723,0.07714285714285714,0.09142857142857143,6.4,0.06289308176100629,0.0,0.027092781270987555,0.13342375256457387,8.937106918238994,0.013809015824830602,0.027240140673720603,0.15828540949489836,0.07861635220125786,0,0.1843016951852071,0.22157468743047765,5.215370760155045,0.8538361696443654,0.0,1.0,0.0,0.2,0.0,0.2,0.0,0.08,0.07232704402515723,0.2527618031649661,0.2527618031649661
167,0.9752604933038124,0.48820630853948854,0.9671548693951418,0.489216838458843,0.26558979316785597,0.48378740766060396,0.8018867924528302,0.40940391296943174,0.3888780699672141,0.09433962264150944,0.7285714285714285,0.4016568663508432,0.38111886772764964,0.08571428571428572,0.09433962264150944,0.08857142857142856,0.09142857142857143,6.477142857142857,0.0660377358490566,0.0,0.027133005573477358,0.13338003046210775,8.937106918238994,0.013394745350085684,0.02643383531387067,0.1580368472100514,0.07861635220125786,0,0.18449361528070962,0.22046681399332524,5.199634773523372,0.8642906963337562,0.0,0.967741935483871,0.0,0.2,0.0,0.2,0.0,0.08,0.09433962264150944,0.25267894907001714,0.25267894907001714
168,0.9758496223792166,0.48826442195171227,0.9676901352407947,0.48928899693965466,0.26558979316785597,0.48350474450112646,0.8081761006289309,0.40952969913295373,0.3889724095898556,0.09433962264150944,0.7342857142857143,0.4017711520651289,0.3812045820133639,0.08571428571428572,0.10062893081761007,0.10285714285714286,0.09142857142857143,6.537142857142857,0.0660377358490566,0.0,0.0271721397075103,0.13333762002271562,8.937106918238994,0.012992902989583112,0.02565108056053944,0.15779574179374986,0.07861635220125786,0,0.18471272006144895,0.22445583631492222,5.198499220910048,0.856078800003608,0.0,0.9722222222222222,0.0,0.2,0.0,0.2,0.0,0.08,0.10062893081761007,0.2525985805979166,0.2525985805979166
169,0.9763083160650033,0.4878997023183423,0.9676670186147242,0.489705068076826,0.26558979316785597,0.48324518138724115,0.8322784810126582,0.40979305744767364,0.3906117632744831,0.0949367088607595,0.7514285714285714,0.40188543777941466,0.3812902962990782,0.08571428571428572,0.10443037974683544,0.11714285714285715,0.09714285714285714,6.611428571428571,0.060126582278481014,0.005714285714285714,0.02730515627682562,0.13329648189650523,8.689873417721518,0.012603115899895618,0.024891207150881223,0.15756186953993737,0.07911392405063292,0,0.1854448721754274,0.24395296770979735,5.211672093634704,0.9095687171200011,0.0,0.9512195121951219,0.0,0.2,0.0,0.2,0.0,0.08,0.1069182389937107,0.25252062317997914,0.25252062317997914
170,0.9764339748625573,0.4879329083980179,0.9677804705576586,0.4902226968749775,0.26558979316785597,0.48298659926058624,0.8227848101265823,0.4098563485869141,0.3906592316289135,0.0949367088607595,0.7428571428571429,0.4019425806365575,0.38133315344193536,0.08571428571428572,0.10443037974683544,0.11142857142857143,0.09714285714285714,6.688571428571429,0.060126582278481014,0.0,0.027410731610695228,0.13325657791408121,8.689873417721518,0.01222502242289875,0.024153563739992,0.15733501345373924,0.07911392405063292,0,0.18557436210026457,0.24273320287124836,5.218867223190581,0.9435020767131829,0.0,0.9743589743589743,0.0,0.2,0.0,0.2,0.0,0.08,0.10443037974683544,0.25244500448457974,0.25244500448457974
171,0.9775532353312303,0.4883375956648408,0.9687910028665175,0.49080056560053426,0.26558979316785597,0.48275210726765816,0.8006329113924051,0.4101728042831167,0.3908965734010653,0.0949367088607595,0.7228571428571429,0.4022282949222718,0.381547439156221,0.08571428571428572,0.12025316455696203,0.11714285714285715,0.09714285714285714,6.731428571428571,0.06645569620253164,0.0,0.027447207015739942,0.1332178710511299,8.689873417721518,0.011858271750211787,0.02343751648740955,0.15711496305012707,0.07911392405063292,0,0.1867304938576204,0.24151953685689215,5.231632735869627,1.0,0.0,0.926829268292683,0.0,0.2,0.0,0.2,0.0,0.08,0.12025316455696203,0.2523716543500424,0.2523716543500424
172,0.9777144267257287,0.4884416830410898,0.9687972733322983,0.4909842904713896,0.26558979316785597,0.48266832308764457,0.8312101910828026,0.4105471837484906,0.3905546892892685,0.09554140127388536,0.7457142857142857,0.4022854377794146,0.38159029629907815,0.08571428571428572,0.09554140127388536,0.09714285714285714,0.10285714285714286,6.7942857142857145,0.05732484076433121,0.005714285714285714,0.0275106475529909,0.1331803253940671,8.636942675159236,0.011502523597705433,0.02274244864899877,0.15690151415862325,0.07961783439490445,0,0.18696741353118942,0.24031193917260768,5.224142938295091,0.98,0.0,0.9705882352941176,0.0,0.2,0.0,0.2,0.0,0.08,0.0981012658227848,0.2523005047195411,0.2523005047195411
173,0.9784967394083564,0.48830029859942925,0.9694991195675697,0.49060188115272607,0.26558979316785597,0.4825188585568956,0.8312101910828026,0.4105471837484906,0.3905546892892685,0.09554140127388536,0.7457142857142857,0.4022854377794146,0.38159029629907815,0.08571428571428572,0.09554140127388536,0.10285714285714286,0.10285714285714286,6.857142857142857,0.06369426751592357,0.0,0.027569986161538256,0.13314390610671617,8.636942675159236,0.011157447889774269,0.02206776017444878,0.15669446873386456,0.07961783439490445,0,0.18666071932067635,0.23911037947674463,5.222517222386332,0.9603999999999999,0.0,1.0,0.0,0.2,0.0,0.2,0.0,0.08,0.09554140127388536,0.2522314895779548,0.2522314895779548
174,0.9797444143635882,0.4868205842386238,0.9705330523402267,0.48891960698995246,0.26558979316785597,0.48236500626643525,0.819935691318328,0.41247699820830963,0.3902388054869413,0.09646302250803858,0.7285714285714285,0.40239972349370035,0.3816760105847925,0.08571428571428572,0.09646302250803858,0.09142857142857143,0.11142857142857143,6.917142857142857,0.05466237942122187,0.008571428571428572,0.02773190917863356,0.13310857939798582,8.340836012861736,0.01082272445308104,0.021412867310581674,0.15649363467184862,0.08038585209003216,0,0.18686884714907295,0.23791482757936092,5.209495449367176,0.9470728000000013,0.0,0.96875,0.0,0.2,0.0,0.2,0.0,0.08,0.10191082802547771,0.2521645448906162,0.2521645448906162
175,0.9797779873369845,0.48631739954038944,0.9705628843251588,0.4885485478752338,0.26558979316785597,0.48230508224923635,0.8553054662379421,0.4125413068899817,0.3902870369981953,0.09646302250803858,0.76,0.40245686635084316,0.3817188677276496,0.08571428571428572,0.10932475884244373,0.10285714285714286,0.11142857142857143,6.954285714285715,0.05466237942122187,0.0,0.02788357654793358,0.13307431249051738,8.340836012861736,0.010498042719488608,0.020777202210646273,0.15629882563169317,0.08038585209003216,0,0.18704807434189902,0.2367252534414641,5.208162683236976,0.9820000000000004,0.0,0.9722222222222222,0.0,0.2,0.0,0.2,0.0,0.08,0.10932475884244373,0.25209960854389774,0.25209960854389774
176,0.979857472513467,0.4869067716185595,0.9706335125819762,0.48915774467727036,0.26558979316785597,0.48229213816745387,0.819935691318328,0.41279854161666973,0.39047996304321136,0.09646302250803858,0.7285714285714285,0.4026854377794146,0.38189029629907817,0.08571428571428572,0.09646302250803858,0.09714285714285714,0.11142857142857143,6.988571428571428,0.05787781350482315,0.0,0.027915984277937032,0.13304107359027295,8.340836012861736,0.01018310143790395,0.02016021254974565,0.15610986086274237,0.08038585209003216,0,0.1876832632559038,0.23554162717425678,5.2011422867150925,1.0,0.0,0.9411764705882353,0.0,0.2,0.0,0.2,0.0,0.08,0.09646302250803858,0.2520366202875808,0.2520366202875808
177,0.9795287695665021,0.48648008156810196,0.970341436534816,0.48873757557505393,0.26558979316785597,0.48220954158600265,0.8263665594855305,0.41279854161666973,0.39047996304321136,0.09646302250803858,0.7342857142857143,0.4026854377794146,0.38189029629907817,0.08571428571428572,0.09003215434083602,0.09428571428571429,0.11142857142857143,7.04,0.06109324758842444,0.0,0.02794749012286438,0.1330088318570359,8.340836012861736,0.00987760839476683,0.01956136114652751,0.1559265650368601,0.08038585209003216,0,0.18742984693962428,0.2343639190383855,5.191405155266506,0.98,0.0,1.0,0.0,0.2,0.0,0.2,0.0,0.08,0.09003215434083602,0.2519755216789534,0.2519755216789534
178,0.9797536688089088,0.48639384708463435,0.9699887282053481,0.4886221586677706,0.26558979316785597,0.4819783349679906,0.8064516129032258,0.4121332165163505,0.39106210793636376,0.0967741935483871,0.7142857142857143,0.4026854377794146,0.38189029629907817,0.08571428571428572,0.10967741935483871,0.10857142857142857,0.11428571428571428,7.097142857142857,0.054838709677419356,0.002857142857142857,0.02800509461647306,0.13297755737579586,8.30967741935484,0.009581280142923825,0.018980125591242847,0.1557487680857543,0.08064516129032258,0,0.18714941199064042,0.23319209944319355,5.196148480732604,0.9603999999999999,0.0,1.0,0.0,0.2,0.0,0.2,0.0,0.08,0.10932475884244373,0.25191625602858475,0.25191625602858475
179,0.9785751153821804,0.48547257697107243,0.9689448665988172,0.4879053500424638,0.26558979316785597,0.4817360096173771,0.8258064516129032,0.412262248774415,0.3911588821299122,0.0967741935483871,0.7314285714285714,0.4027997234937004,0.38197601058479236,0.08571428571428572,0.08709677419354839,0.08857142857142856,0.11428571428571428,7.14,0.054838709677419356,0.0,0.028040245370565268,0.13294722112899315,8.30967741935484,0.00929384173863611,0.018415997880260826,0.15557630504318165,0.08064516129032258,0,0.18721295135925864,0.23202613894597757,5.1807969396893805,0.9440840940983523,0.0,0.967741935483871,0.0,0.2,0.0,0.2,0.0,0.08,0.08709677419354839,0.25185876834772725,0.25185876834772725
180,0.9773511423491102,0.485337994258134,0.9677094844440752,0.4876367954107013,0.26558979316785597,0.4815099466659985,0.8414239482200647,0.4128173719230328,0.39195334391692893,0.0970873786407767,0.7428571428571429,0.4027997234937004,0.38197601058479236,0.08571428571428572,0.09385113268608414,0.10285714285714286,0.11714285714285715,7.194285714285714,0.05177993527508091,0.002857142857142857,0.028107374120044274,0.13291779496959452,8.220064724919094,0.009015026486477026,0.017868484057111056,0.15540901589188622,0.08090614886731391,0,0.18707531802746233,0.23086600825124767,5.180038143752736,0.9252024122163852,0.0,1.0,0.0,0.2,0.0,0.2,0.0,0.08,0.0967741935483871,0.2518030052972954,0.2518030052972954
181,0.9793380429603123,0.48470081478057275,0.9686874012461028,0.4867460538934722,0.26558979316785597,0.48117915080442186,0.8664495114006515,0.4134752250388353,0.39285961389502394,0.09771986970684039,0.76,0.4027997234937004,0.38197601058479236,0.08571428571428572,0.09120521172638436,0.09428571428571429,0.12285714285714286,7.222857142857142,0.04560260586319218,0.005714285714285714,0.02819464758591758,0.13288925159497778,8.188925081433224,0.008744575691882715,0.017337103860104452,0.15524674541512962,0.08143322475570032,0,0.18673937072303934,0.22971167820999144,5.170723095163395,0.9066983639720574,0.0,1.0,0.0,0.2,0.0,0.2,0.0,0.08,0.0970873786407767,0.25174891513837655,0.25174891513837655
182,0.978958606783078,0.485360786775244,0.9683790093785324,0.4871526447183267,0.26558979316785597,0.48112660689004705,0.8790849673202614,0.4136202654555414,0.39357818129082534,0.09803921568627451,0.7685714285714286,0.40291400920798603,0.38206172487050666,0.08571428571428572,0.08823529411764706,0.09142857142857143,0.12571428571428572,7.268571428571429,0.042483660130718956,0.002857142857142857,0.028269295268912715,0.13286156452159956,8.11111111111111,0.008482238421126234,0.016821390376573375,0.15508934305267574,0.08169934640522876,0,0.18686167672299558,0.22856311981894148,5.158737204688699,0.9148895815133046,0.0,0.96875,0.0,0.2,0.0,0.2,0.0,0.08,0.08794788273615635,0.2516964476842252,0.2516964476842252
183,0.9792230460478173,0.4850782040245642,0.9686102048499902,0.4867781179246814,0.26558979316785597,0.48131863545219,0.8823529411764706,0.4138817033640381,0.3937742597221979,0.09803921568627451,0.7714285714285715,0.4031425806365575,0.38223315344193526,0.08571428571428572,0.0915032679738562,0.08285714285714285,0.12571428571428572,7.311428571428571,0.042483660130718956,0.0,0.02831979263148305,0.13283470806042266,8.11111111111111,0.008227771268492447,0.016320889703752672,0.15493666276109547,0.0784313725490196,0,0.18743994333580916,0.23639833787979828,5.138419603452068,0.9262918787611449,0.0,0.9310344827586207,0.0,0.2,0.0,0.2,0.0,0.08,0.0915032679738562,0.2516455542536985,0.2516455542536985
184,0.9781374663935261,0.48452186014639875,0.9676986577815564,0.4863346997652905,0.26558979316785597,0.4814572308071873,0.8491803278688524,0.41433556948552364,0.39332627331032116,0.09836065573770492,0.74,0.4031425806365575,0.38223315344193526,0.08571428571428572,0.09180327868852459,0.1,0.12857142857142856,7.337142857142857,0.03934426229508197,0.002857142857142857,0.028432191411305215,0.1328086572930811,7.973770491803279,0.007980938130437673,0.015835160616315624,0.1547885628782626,0.07868852459016394,0,0.18713060076198726,0.23521634619039927,5.135651211383026,0.907766041185922,0.0,1.0,0.0,0.2,0.0,0.2,0.0,0.08,0.09477124183006536,0.25159618762608754,0.25159618762608754
185,0.9799034797985543,0.4843314097973801,0.9692376123202239,0.48641913864047287,0.26558979316785597,0.48165770501642363,0.8622950819672132,0.4145322907969991,0.3934738142939277,0.09836065573770492,0.7514285714285714,0.40331400920798605,0.3823617248705066,0.08571428571428572,0.09836065573770492,0.08857142857142856,0.12857142857142856,7.388571428571429,0.03934426229508197,0.0,0.028464920463102467,0.13278338804875975,7.973770491803279,0.007741509986524542,0.01536377424056179,0.15464490599191472,0.07868852459016394,0,0.18765151990103449,0.24827362655152854,5.1215096157267945,0.9464700270706181,0.0,0.9354838709677419,0.0,0.2,0.0,0.2,0.0,0.08,0.09836065573770492,0.25154830199730494,0.25154830199730494
186,0.9805251233592894,0.48467796563926,0.9691864339745981,0.48651454763501734,0.26558979316785597,0.48182821327797637,0.8877887788778878,0.4140057377320224,0.39430269036972265,0.09900990099009901,0.7685714285714286,0.4035425806365575,0.3825331534419352,0.08571428571428572,0.09900990099009901,0.09714285714285714,0.13428571428571429,7.434285714285714,0.033003300330033,0.005714285714285714,0.028591167847600095,0.13275887688176807,7.795379537953796,0.007509264686928806,0.014906313735245869,0.15450555881215727,0.07920792079207921,0,0.18833913439092206,0.2470322584187709,5.116222280555115,0.9820000000000004,0.0,0.9411764705882353,0.0,0.2,0.0,0.2,0.0,0.08,0.10491803278688525,0.25150185293738575,0.25150185293738575
187,0.980477159683339,0.4838637410429568,0.9691449111351326,0.4861366328708473,0.26558979316785597,0.48191804243132647,0.8712871287128713,0.4140057377320224,0.39430269036972265,0.09900990099009901,0.7542857142857143,0.4035425806365575,0.3825331534419352,0.08571428571428572,0.09570957095709572,0.08857142857142856,0.13428571428571429,7.457142857142857,0.033003300330033,0.0,0.028661859403668617,0.13273510104978614,7.795379537953796,0.007283986746320942,0.014462373979026721,0.15437039204779257,0.07920792079207921,0,0.18805344157253887,0.24579709712667705,5.102469263515442,0.9623600000000003,0.0,1.0,0.0,0.2,0.0,0.2,0.0,0.08,0.09570957095709572,0.2514567973492642,0.2514567973492642
188,0.9811917978259421,0.4839502173373207,0.9697635835843001,0.48629539946132133,0.26558979316785597,0.48194443767617534,0.8547854785478548,0.4141377509333426,0.39440170027071275,0.09900990099009901,0.74,0.40365686635084314,0.3826188677276496,0.08571428571428572,0.09900990099009901,0.09428571428571429,0.13428571428571429,7.52,0.033003300330033,0.0,0.028685584415918938,0.13271203849276372,7.795379537953796,0.007065467143931314,0.014031561264504666,0.15423928028635878,0.07920792079207921,0,0.18848446007896189,0.24456811164104364,5.094705592530848,0.9642657181075063,0.0,0.9393939393939394,0.0,0.2,0.0,0.2,0.0,0.08,0.09900990099009901,0.25141309342878626,0.25141309342878626
189,0.9808362003934714,0.48423727589042526,0.9694557378070472,0.4863743379615366,0.26558979316785597,0.48200782507996004,0.8415841584158416,0.4144677839366429,0.39464922502318805,0.09900990099009901,0.7285714285714285,0.40394258063655747,0.38283315344193525,0.08571428571428572,0.07260726072607261,0.06857142857142857,0.13428571428571429,7.56,0.033003300330033,0.0,0.02870863292736732,0.13268966781245187,7.795379537953796,0.006853503129613374,0.013613492998807541,0.15411210187776803,0.07920792079207921,0,0.18953806408251292,0.25060283862274735,5.061382909251658,0.9806149241236157,0.0,0.875,0.0,0.2,0.0,0.2,0.0,0.08,0.07260726072607261,0.25137070062592265,0.25137070062592265
190,0.9819356607460594,0.48365450329011556,0.9704075563408591,0.4857810205560099,0.26558979316785597,0.48215239448884845,0.8217821782178217,0.4144677839366429,0.39464922502318805,0.09900990099009901,0.7114285714285714,0.40394258063655747,0.38283315344193525,0.08571428571428572,0.08250825082508251,0.07142857142857142,0.13428571428571429,7.6,0.033003300330033,0.0,0.02873102318546688,0.13266796825254945,7.795379537953796,0.006647898035724973,0.013207797410680344,0.153988738821435,0.07920792079207921,0,0.1891323744763861,0.24934982442963363,5.031583822495197,0.9610026256411434,0.0,1.0,0.0,0.2,0.0,0.2,0.0,0.08,0.08250825082508251,0.25132957960714497,0.25132957960714497
191,0.9809662968429683,0.48324114428705683,0.9695683641618973,0.48522228992337,0.26558979316785597,0.48246023025786894,0.8613861386138614,0.4144677839366429,0.39464922502318805,0.09900990099009901,0.7457142857142857,0.40394258063655747,0.38283315344193525,0.08571428571428572,0.10231023102310231,0.1,0.13428571428571429,7.66,0.039603960396039604,0.0,0.028752773008152505,0.1326469196794441,7.795379537953796,0.006448461094653224,0.012814113264022264,0.15386907665679192,0.07920792079207921,0,0.18909786472902199,0.24810307530748546,5.030952146045292,0.9417825731283205,0.0,1.0,0.0,0.2,0.0,0.2,0.0,0.08,0.10231023102310231,0.25128969221893066,0.25128969221893066
192,0.9810788461987949,0.4837971032427271,0.9691926879648798,0.48576365074369765,0.26558979316785597,0.48254373523034116,0.8509933774834437,0.41546306896594987,0.3956227680176014,0.09933774834437085,0.7342857142857143,0.40394258063655747,0.38283315344193525,0.08571428571428572,0.076158940397351,0.07714285714285714,0.13714285714285715,7.708571428571428,0.03642384105960265,0.002857142857142857,0.02876967135252553,0.13262650256353187,7.781456953642384,0.006255007261813627,0.012432089577813055,0.15375300435708816,0.07947019867549669,0,0.18880795040180545,0.24686255993094802,5.007475960267244,0.922946921665754,0.0,1.0,0.0,0.2,0.0,0.2,0.0,0.08,0.07590759075907591,0.25125100145236273,0.25125100145236273
193,0.9790309469567253,0.4839897976533512,0.9674855550561318,0.48582300490915853,0.26558979316785597,0.48276222032426874,0.8704318936877077,0.4157310574640623,0.39595195402906375,0.09966777408637874,0.7485714285714286,0.40394258063655747,0.38283315344193525,0.08571428571428572,0.09966777408637874,0.08857142857142856,0.14,7.771428571428571,0.036544850498338874,0.002857142857142857,0.0287984060286603,0.13260669796109703,7.780730897009967,0.006067357043959218,0.01206138535236212,0.15364041422637553,0.07973421926910298,0,0.1884631963640821,0.2456282471312933,4.995897869633327,0.9044879832324388,0.0,1.0,0.0,0.2,0.0,0.2,0.0,0.08,0.10264900662251655,0.25121347140879186,0.25121347140879186
194,0.9790047782138709,0.484538538278643,0.9668267254633104,0.4863232853362991,0.26558979316785597,0.48285835589376314,0.84,0.4166190921259448,0.3967546452807066,0.1,0.72,0.4039997234937003,0.38287601058479237,0.08571428571428572,0.09333333333333334,0.08571428571428572,0.14285714285714285,7.828571428571428,0.03333333333333333,0.002857142857142857,0.028873299823279002,0.13258748749673524,7.68,0.005885336332640441,0.011701669301808493,0.15353120179958427,0.08,0,0.1884918803822617,0.24440010589563682,4.981694197954947,0.8926528067917116,0.0,0.9666666666666667,0.0,0.2,0.0,0.2,0.0,0.08,0.09634551495016612,0.2511770672665281,0.2511770672665281
195,0.978469740950498,0.4840750558729321,0.9663681220947051,0.48567017177804683,0.26558979316785597,0.48300835594282887,0.81,0.4166190921259448,0.3967546452807066,0.1,0.6942857142857143,0.4039997234937003,0.38287601058479237,0.08571428571428572,0.08333333333333333,0.07428571428571429,0.14285714285714285,7.882857142857143,0.03333333333333333,0.0,0.028927019904998807,0.1325688533463043,7.68,0.0057087762426612275,0.011352619592798652,0.15342526574559673,0.08,0,0.18811942454820751,0.24317810536615866,4.956346028281562,0.8747997506558773,0.0,1.0,0.0,0.2,0.0,0.2,0.0,0.08,0.08333333333333333,0.2511417552485323,0.2511417552485323
196,0.9788408949444548,0.4836888912555162,0.9666862540895252,0.48527208861413507,0.26558979316785597,0.4830003701422896,0.87,0.4166190921259448,0.3967546452807066,0.1,0.7457142857142857,0.4039997234937003,0.38287601058479237,0.08571428571428572,0.09666666666666666,0.09428571428571429,0.14285714285714285,7.945714285714286,0.03666666666666667,0.0,0.028945940278736596,0.13255077822038627,7.68,0.005537512955381391,0.011013923589260899,0.15332250777322884,0.08,0,0.1880336888504665,0.24196221483932787,4.951504822001644,0.8573037556427597,0.0,1.0,0.0,0.2,0.0,0.2,0.0,0.08,0.09666666666666666,0.2511075025910763,0.2511075025910763
197,0.978866604021096,0.48385871122451013,0.9667686715723003,0.48502291672829445,0.26558979316785597,0.48305950573596695,0.8494983277591973,0.4169355298789893,0.39654901431223905,0.10033444816053512,0.7257142857142858,0.4039997234937003,0.38287601058479237,0.08571428571428572,0.10367892976588629,0.09714285714285714,0.1457142857142857,8.017142857142858,0.043478260869565216,0.002857142857142857,0.028978327708305187,0.1325332453482458,7.65886287625418,0.005371387566719949,0.010685277603193044,0.15322283254003197,0.0802675585284281,0,0.1877768203527498,0.2407524037651312,4.949617582704469,0.8401576805299045,0.0,1.0,0.0,0.2,0.0,0.2,0.0,0.08,0.10666666666666667,0.251074277513344,0.251074277513344
198,0.9773617911788722,0.4842080614914174,0.9654831314585148,0.48554611602389797,0.26558979316785597,0.4831553232776246,0.8595317725752508,0.4169355298789893,0.39654901431223905,0.10033444816053512,0.7342857142857143,0.4039997234937003,0.38287601058479237,0.08571428571428572,0.10367892976588629,0.09428571428571429,0.1457142857142857,8.071428571428571,0.043478260869565216,0.0,0.028996188693374014,0.13251623846226954,7.65886287625418,0.0052102459397183505,0.010366386651379123,0.153126147563831,0.0802675585284281,0,0.18738050767955744,0.23954864174630555,4.944910945336093,0.8233545269193064,0.0,1.0,0.0,0.2,0.0,0.2,0.0,0.08,0.10367892976588629,0.25104204918794365,0.25104204918794365
199,0.9790797854434361,0.4840971436773975,0.9667936107242475,0.4853055643150735,0.26558979316785597,0.4832872189549823,0.8456375838926175,0.4169893518392784,0.39651447037489257,0.10067114093959731,0.72,0.40422829492227175,0.38304743915622097,0.08571428571428572,0.09395973154362416,0.08857142857142856,0.14857142857142858,8.125714285714286,0.04697986577181208,0.002857142857142857,0.02904969311672087,0.13249974178287258,7.617449664429531,0.0050539385615268,0.01005696421794422,0.15303236313691607,0.08053691275167785,0,0.18792817799830255,0.23845254647923161,4.9345841550008,0.8173999933224222,0.0,0.9354838709677419,0.0,0.2,0.0,0.2,0.0,0.08,0.09698996655518395,0.25101078771230534,0.25101078771230534
200,0.9783747827172821,0.48334222622656625,0.966193351260265,0.4843841266235848,0.26558979316785597,0.4833647053724699,0.8791946308724832,0.4170564659332381,0.3965648059453623,0.10067114093959731,0.7485714285714286,0.40428543777941467,0.38309029629907815,0.08571428571428572,0.09731543624161074,0.09714285714285714,0.14857142857142858,8.182857142857143,0.053691275167785234,0.0,0.02906979080101786,0.13248374000385751,7.617449664429531,0.004902320404680996,0.009756732022657477,0.1529413922428086,0.08053691275167785,0,0.18812996853331104,0.23726028374683547,4.9330353290436415,0.8069690566025219,0.0,0.9705882352941176,0.0,0.2,0.0,0.2,0.0,0.08,0.09731543624161074,0.2509804640809362,0.2509804640809362
201,0.9791366770115009,0.48376301675113526,0.9666280504106171,0.48491812030756976,0.26558979316785597,0.48346020530338774,0.8619528619528619,0.4167199372484041,0.3967774630390159,0.10101010101010101,0.7314285714285714,0.40428543777941467,0.38309029629907815,0.08571428571428572,0.07744107744107744,0.07714285714285714,0.15142857142857144,8.222857142857142,0.04713804713804714,0.002857142857142857,0.02911243172995287,0.1324682182782129,7.589225589225589,0.004755250792540566,0.00946541979488924,0.15285315047552434,0.08080808080808081,0,0.1877028908335016,0.23607398232810128,4.911517479605626,0.7908296754704714,0.0,1.0,0.0,0.2,0.0,0.2,0.0,0.08,0.08053691275167785,0.2509510501585081,0.2509510501585081
202,0.9800403869776939,0.48439674067841226,0.9673949128676436,0.48512589810608897,0.26558979316785597,0.48365028707842816,0.8316498316498316,0.4167199372484041,0.3967774630390159,0.10101010101010101,0.7057142857142857,0.40428543777941467,0.38309029629907815,0.08571428571428572,0.1111111111111111,0.10857142857142857,0.15142857142857144,8.274285714285714,0.05387205387205387,0.0,0.02913654726478382,0.13245316220433764,7.589225589225589,0.004612593268764349,0.00918276505312765,0.1527675559612586,0.08080808080808081,0,0.18744923352219123,0.23489361241646078,4.921858558584942,0.775013081961062,0.0,1.0,0.0,0.2,0.0,0.2,0.0,0.08,0.1111111111111111,0.25092251865375287,0.25092251865375287
203,0.9810095080145143,0.48449103152576484,0.9682172812903166,0.48520044580627364,0.26558979316785597,0.4839037536469566,0.8383838383838383,0.41678727731574416,0.3968279680895209,0.10101010101010101,0.7114285714285714,0.4043425806365574,0.3831331534419353,0.08571428571428572,0.09764309764309764,0.09714285714285714,0.15142857142857144,8.337142857142856,0.05387205387205387,0.0,0.029152038318054525,0.13243855781267855,7.589225589225589,0.004474215470701419,0.008908512889958198,0.15268452928242085,0.08080808080808081,0,0.18805327663672317,0.2337191443543785,4.9205642445561,0.7864284762601025,0.0,0.9411764705882353,0.0,0.2,0.0,0.2,0.0,0.08,0.09764309764309764,0.2508948430941403,0.2508948430941403
204,0.9801323431226775,0.48426422890373494,0.9674729442249582,0.4852011852445331,0.26558979316785597,0.48417626606374703,0.8114478114478114,0.4169219574504243,0.396928978190531,0.10101010101010101,0.6885714285714286,0.4044568663508432,0.3832188677276495,0.08571428571428572,0.08417508417508418,0.08285714285714285,0.15142857142857144,8.394285714285715,0.05387205387205387,0.0,0.029167079091545985,0.13242439155276942,7.589225589225589,0.004339989006580377,0.008642415762409206,0.15260399340394823,0.08080808080808081,0,0.18805543882496814,0.23294805909176194,4.90501010252212,0.7851685511099373,0.0,0.9655172413793104,0.0,0.2,0.0,0.2,0.0,0.08,0.08417508417508418,0.2508679978013161,0.2508679978013161
205,0.9802801853398698,0.4838384227415706,0.9676005897062989,0.48504728263463714,0.26558979316785597,0.48431994815170615,0.8141891891891891,0.4170697771839434,0.3965277731298789,0.10135135135135136,0.6885714285714286,0.40457115206512884,0.3833045820133639,0.08571428571428572,0.10135135135135136,0.1,0.15428571428571428,8.46,0.057432432432432436,0.002857142857142857,0.029197706461362504,0.13241065028065743,7.5608108108108105,0.004209789336382965,0.008384233287564102,0.1525258736018298,0.08108108108108109,0,0.18825673448798616,0.23178331879630315,4.906909900471678,0.8090695745875485,0.0,0.9714285714285714,0.0,0.2,0.0,0.2,0.0,0.08,0.10437710437710437,0.2508419578672766,0.2508419578672766
206,0.9800066970755362,0.48452782638858305,0.9673692967741767,0.4856439856200102,0.26558979316785597,0.48442777291109335,0.8277027027027027,0.4170697771839434,0.3965277731298789,0.10135135135135136,0.7,0.40457115206512884,0.3833045820133639,0.08571428571428572,0.11148648648648649,0.10285714285714286,0.15428571428571428,8.505714285714285,0.057432432432432436,0.0,0.029219710117309037,0.13239732124670883,7.5608108108108105,0.004083495656291476,0.008133732043342223,0.15245009739377488,0.08108108108108109,0,0.18788630867268905,0.2306244022023216,4.911628845319387,0.7928881830957976,0.0,1.0,0.0,0.2,0.0,0.2,0.0,0.08,0.11148648648648649,0.2508166991312583,0.2508166991312583
207,0.9804110385214786,0.48386521799370236,0.9677112541113164,0.484979373371879,0.26558979316785597,0.48461826619464166,0.875,0.417137344751511,0.3965784488055546,0.10135135135135136,0.74,0.4046282949222718,0.383347439156221,0.08571428571428572,0.08445945945945946,0.07142857142857142,0.15428571428571428,8.548571428571428,0.057432432432432436,0.0,0.029233495732541418,0.13238439208377864,7.5608108108108105,0.003960990786602732,0.007890685374348227,0.15237659447196164,0.08108108108108109,0,0.18786044927218276,0.22947128019131002,4.8848248398415715,0.8492687241562554,0.0,0.96,0.0,0.2,0.0,0.2,0.0,0.08,0.08445945945945946,0.25079219815732057,0.25079219815732057
208,0.9793716019228169,0.4846198694026423,0.9668321877307341,0.48573669774328476,0.26558979316785597,0.4847479336587449,0.847972972972973,0.417137344751511,0.3965784488055546,0.10135135135135136,0.7171428571428572,0.4046282949222718,0.383347439156221,0.08571428571428572,0.08783783783783784,0.08285714285714285,0.15428571428571428,8.62,0.057432432432432436,0.0,0.029246879147780555,0.13237185079573638,7.5608108108108105,0.00384216106300465,0.007654873202690871,0.1523052966378028,0.08108108108108109,0,0.187548719168679,0.22832392379035346,4.869985485901882,0.8322833496731302,0.0,1.0,0.0,0.2,0.0,0.2,0.0,0.08,0.08783783783783784,0.2507684322126009,0.2507684322126009
209,0.9800719661844152,0.4836489558788282,0.9674244957919717,0.48507235670460686,0.26558979316785597,0.4849440340263998,0.8378378378378378,0.417137344751511,0.3965784488055546,0.10135135135135136,0.7085714285714285,0.4046282949222718,0.383347439156221,0.08571428571428572,0.08445945945945946,0.07714285714285714,0.15428571428571428,8.662857142857144,0.060810810810810814,0.0,0.02925987176348776,0.13235968574633541,7.5608108108108105,0.0037268962311145103,0.007426081843671994,0.1522361377386687,0.08108108108108109,0,0.18715283414426417,0.2271823041714017,4.849728633326702,0.8156376826796676,0.0,1.0,0.0,0.2,0.0,0.2,0.0,0.08,0.08445945945945946,0.2507453792462229,0.2507453792462229
210,0.9810547014167472,0.4838141589750637,0.9682556090170296,0.4852782818094882,0.26558979316785597,0.4850958381424,0.8378378378378378,0.4172049123190786,0.3966291244812303,0.10135135135135136,0.7085714285714285,0.4046854377794146,0.3833902962990781,0.08571428571428572,0.09121621621621621,0.07714285714285714,0.15428571428571428,8.725714285714286,0.060810810810810814,0.0,0.029272484676891197,0.13234788564841643,7.5608108108108105,0.003615089344181075,0.007204103826245034,0.15216905360650865,0.08108108108108109,0,0.1872727871128285,0.2260463926505447,4.829876917803024,0.8023654963635712,0.0,0.9629629629629629,0.0,0.2,0.0,0.2,0.0,0.08,0.09121621621621621,0.2507230178688362,0.2507230178688362
211,0.9797196653846014,0.48377081284681656,0.9671265499727003,0.4854702942503844,0.26558979316785597,0.4851914282799642,0.8513513513513513,0.4172049123190786,0.3966291244812303,0.10135135135135136,0.72,0.4046854377794146,0.3833902962990781,0.08571428571428572,0.0945945945945946,0.08285714285714285,0.15428571428571428,8.785714285714286,0.060810810810810814,0.0,0.02928472868883916,0.13233643955343508,7.5608108108108105,0.0035066366638556424,0.006988737718145566,0.15210398199831338,0.08108108108108109,0,0.18704928317369296,0.22491616068729198,4.816136522304107,0.7863181864362998,0.0,1.0,0.0,0.2,0.0,0.2,0.0,0.08,0.0945945945945946,0.2507013273327711,0.2507013273327711
212,0.9786458994187902,0.4839867953191709,0.9659654396631526,0.4849695412007858,0.26558979316785597,0.4851794103931347,0.8135593220338984,0.4174000027690109,0.39721606304794693,0.1016949152542373,0.6857142857142857,0.4046854377794146,0.3833902962990781,0.08571428571428572,0.09830508474576272,0.09428571428571429,0.15714285714285714,8.842857142857143,0.0576271186440678,0.002857142857142857,0.029289157465741858,0.13232533684130315,7.559322033898305,0.003401437563939973,0.006779787955592975,0.152040862538364,0.08135593220338982,0,0.18671303961139593,0.2237915798838555,4.814099506143739,0.7705918227075738,0.0,1.0,0.0,0.2,0.0,0.2,0.0,0.08,0.10135135135135136,0.250680287512788,0.250680287512788
213,0.978149626606983,0.4837098884706629,0.9656001904720987,0.4844590024246489,0.26558979316785597,0.4851865203062729,0.8163265306122449,0.4181664286866732,0.3975157737807348,0.10204081632653061,0.6857142857142857,0.4046854377794146,0.3833902962990781,0.08571428571428572,0.11904761904761904,0.11714285714285715,0.16,8.894285714285715,0.05442176870748299,0.002857142857142857,0.029291466277587153,0.1323145672105352,7.571428571428571,0.0032993944370217736,0.006577064677468769,0.15197963666221306,0.08163265306122448,0,0.18646433227048184,0.22267262198443621,4.834960373163722,0.7551799862534223,0.0,1.0,0.0,0.2,0.0,0.2,0.0,0.08,0.12203389830508475,0.2506598788874044,0.2506598788874044
214,0.978817100124832,0.48322995816504094,0.9660690735021761,0.48353683815586446,0.26558979316785597,0.48523365403264435,0.8498293515358362,0.4188389054390012,0.398278375932346,0.10238907849829351,0.7114285714285714,0.4046854377794146,0.3833902962990781,0.08571428571428572,0.08191126279863481,0.08,0.16285714285714287,8.962857142857143,0.051194539249146756,0.002857142857142857,0.029319727720331795,0.13230412066869024,7.549488054607509,0.0032004126039111205,0.006380383563869163,0.15192024756234668,0.08191126279863481,0,0.18623841301019542,0.22155925887451405,4.818261165700447,0.7400763865283538,0.0,1.0,0.0,0.2,0.0,0.2,0.0,0.08,0.08503401360544217,0.25064008252078224,0.25064008252078224
215,0.9782064278047228,0.48374434289323137,0.9654168402950469,0.4837167112669119,0.26558979316785597,0.4851336893997638,0.8493150684931506,0.4190895229580319,0.39821768221136783,0.10273972602739725,0.7085714285714285,0.40479972349370036,0.38347601058479247,0.08571428571428572,0.11301369863013698,0.10571428571428572,0.1657142857142857,9.01142857142857,0.04794520547945205,0.002857142857142857,0.029382631610694196,0.13229398752310065,7.5,0.0031044002257937867,0.006189565678940356,0.15186264013547626,0.07876712328767123,0,0.18644922094514446,0.22045146258014145,4.827610228100723,0.7431838647543443,0.0,0.972972972972973,0.0,0.2,0.0,0.2,0.0,0.08,0.11262798634812286,0.25062088004515876,0.25062088004515876
216,0.9791162797062041,0.48396228413607467,0.9661759167385685,0.4842141395444467,0.26558979316785597,0.4849670900344516,0.8321917808219178,0.4191580161087169,0.39826905207438157,0.10273972602739725,0.6942857142857143,0.40485686635084317,0.3835188677276496,0.08571428571428572,0.0958904109589041,0.09142857142857143,0.1657142857142857,9.071428571428571,0.04794520547945205,0.0,0.02939836981721833,0.13228415837187876,7.5,0.003011268219019973,0.006004437317897682,0.151806760931412,0.07876712328767123,0,0.18657283555113305,0.21934920526724078,4.82248659496728,0.7754949265471098,0.0,0.96875,0.0,0.2,0.0,0.2,0.0,0.08,0.0958904109589041,0.250602253643804,0.250602253643804
217,0.9800094525576285,0.48459120201784656,0.9665371432586439,0.48466326143292104,0.26558979316785597,0.4848148082005417,0.8655172413793103,0.42012003493929595,0.3982430275014614,0.10344827586206896,0.7171428571428572,0.40502829492227177,0.38364743915622107,0.08571428571428572,0.10689655172413794,0.10857142857142857,0.17142857142857143,9.12,0.04482758620689655,0.005714285714285714,0.029445024711598676,0.1322746240951935,7.441379310344828,0.0029209301724493738,0.005824829858134151,0.15175255810346963,0.07931034482758621,0,0.1871818292305202,0.21825245924090456,4.834608291639364,0.8278625291795176,0.0,0.9473684210526315,0.0,0.2,0.0,0.2,0.0,0.08,0.1095890410958904,0.2505841860344899,0.2505841860344899
218,0.9795609997858037,0.4842425022658323,0.9661655681048459,0.4843273196990932,0.26558979316785597,0.4846316232237955,0.8482758620689655,0.42018900045653734,0.3982947516393924,0.10344827586206896,0.7028571428571428,0.4050854377794146,0.38369029629907814,0.08571428571428572,0.08620689655172414,0.08,0.17142857142857143,9.18,0.04482758620689655,0.0,0.029474652469441788,0.13226537584680878,7.441379310344828,0.0028333022672758926,0.0056505796143262454,0.15169998136036553,0.07931034482758621,0,0.18718849151293906,0.21997746048898845,4.817916125806576,0.8511036998359247,0.0,0.9642857142857143,0.0,0.2,0.0,0.2,0.0,0.08,0.08620689655172414,0.25056666045345516,0.25056666045345516
219,0.980631750923385,0.4853305210317146,0.9670527619045562,0.4853856335472933,0.26558979316785597,0.4844857112643183,0.8275862068965517,0.42032693149102013,0.39839819991525444,0.10344827586206896,0.6857142857142857,0.4051997234937003,0.3837760105847924,0.08571428571428572,0.07586206896551724,0.06857142857142857,0.17142857142857143,9.217142857142857,0.04827586206896552,0.0,0.029484368663532545,0.13225640504587563,7.441379310344828,0.0027483031992576157,0.005481527697443478,0.15164898191955456,0.07931034482758621,0,0.1872516926268029,0.239846028012185,4.790129231861873,0.8456145752986453,0.0,0.9583333333333334,0.0,0.2,0.0,0.2,0.0,0.08,0.07586206896551724,0.2505496606398515,0.2505496606398515
220,0.9794077518425276,0.48511930942969506,0.9660385912375601,0.485300435016622,0.26558979316785597,0.4843239526003508,0.8448275862068966,0.420671759077227,0.39865682060490965,0.10344827586206896,0.7,0.40548543777941454,0.3839902962990782,0.08571428571428572,0.08620689655172414,0.07428571428571429,0.17142857142857143,9.282857142857143,0.05172413793103448,0.0,0.02949379890531482,0.13224770336897046,7.441379310344828,0.0026658541032798873,0.005317519877569565,0.15159951246196793,0.07931034482758621,0,0.18814343416366888,0.24244319400691872,4.76861236151035,0.9242505440000003,0.0,0.8846153846153846,0.0,0.2,0.0,0.2,0.0,0.08,0.08620689655172414,0.25053317082065596,0.25053317082065596
221,0.9782316556876104,0.48510368735811377,0.9650641115663429,0.48554988319552667,0.26558979316785597,0.4840641117417021,0.8862068965517241,0.420671759077227,0.39865682060490965,0.10344827586206896,0.7342857142857143,0.40548543777941454,0.3839902962990782,0.08571428571428572,0.08620689655172414,0.07714285714285714,0.17142857142857143,9.325714285714286,0.05517241379310345,0.0,0.021430944535620312,0.1428017025389626,7.441379310344828,0.1026658541032799,0.1856228639758878,0.21159951246196793,0.07931034482758621,0,0.18782986270356486,0.24123097803688412,4.750382971423,0.9057655331200002,0.0,1.0,0.0,0.2,0.0,0.2,0.0,0.08,0.08620689655172414,0.270533170820656,0.270533170820656
222,0.9779126848528783,0.48490024271553006,0.9647284967133929,0.484932887848863,0.26558979316785597,0.4837591386664398,0.8719723183391004,0.4209886537382806,0.3993183219083758,0.10380622837370242,0.72,0.40548543777941454,0.3839902962990782,0.08571428571428572,0.10380622837370242,0.09142857142857143,0.1742857142857143,9.38,0.05190311418685121,0.002857142857142857,0.02160459440084735,0.14247664193726484,7.418685121107266,0.0995858784801815,0.18059085797776442,0.2097515270881089,0.07958477508650519,0,0.18763200195790417,0.2400248231466997,4.7468038834231105,0.8876502224576002,0.0,1.0,0.0,0.2,0.0,0.2,0.0,0.08,0.10689655172413794,0.2699171756960363,0.2699171756960363
223,0.9771741301762074,0.4848118896590317,0.9641186615660847,0.48495362786406776,0.26558979316785597,0.48329458928192964,0.8408304498269896,0.4211270620427789,0.3994221281367495,0.10380622837370242,0.6942857142857143,0.4055997234937003,0.3840760105847924,0.08571428571428572,0.08996539792387544,0.08285714285714285,0.1742857142857143,9.442857142857143,0.05536332179930796,0.0,0.021771603011352933,0.14216133315361798,7.418685121107266,0.09659830212577605,0.1756801065889334,0.20795898127546564,0.07958477508650519,0,0.18760784194811464,0.2488508501493938,4.734724948611792,0.8858423808639998,0.0,0.9655172413793104,0.0,0.2,0.0,0.2,0.0,0.08,0.08996539792387544,0.2693196604251552,0.2693196604251552
224,0.9780447863106991,0.4843775811236605,0.9649003039562487,0.4843065920161223,0.26558979316785597,0.4827787853494831,0.7951388888888888,0.4212008701187116,0.39960586275926124,0.10416666666666667,0.6542857142857142,0.4055997234937003,0.3840760105847924,0.08571428571428572,0.08333333333333333,0.08285714285714285,0.17714285714285713,9.491428571428571,0.04861111111111111,0.002857142857142857,0.021938730613812466,0.14185548363348058,7.395833333333333,0.09370035306200276,0.17088856021819543,0.20622021183720166,0.0798611111111111,0,0.18737955748937155,0.2476065958986468,4.722887592496698,0.8681255332467198,0.0,1.0,0.0,0.2,0.0,0.2,0.0,0.08,0.08650519031141868,0.2687400706124006,0.2687400706124006
225,0.9778999913017077,0.4858219625945827,0.96478115834885,0.48538319792655427,0.26558979316785597,0.482211165011729,0.8368055555555556,0.4214092034520449,0.3997621127592612,0.10416666666666667,0.6885714285714286,0.40577115206512887,0.3842045820133639,0.08571428571428572,0.09375,0.09142857142857143,0.17714285714285713,9.554285714285715,0.04861111111111111,0.0,0.022103991286981553,0.14155880959894726,7.395833333333333,0.09088934247014267,0.16621415063728118,0.2045336054820856,0.0798611111111111,0,0.18809766255906757,0.2521248038806823,4.719858412075335,0.856078800003608,0.0,0.9375,0.0,0.2,0.0,0.2,0.0,0.08,0.09375,0.2681778684940285,0.2681778684940285
226,0.9775689991863009,0.48495340563828776,0.9645087991224581,0.48451799273369767,0.26558979316785597,0.48161408118073096,0.8298611111111112,0.42168698122982273,0.3999704460925946,0.10416666666666667,0.6828571428571428,0.40599972349370034,0.3843760105847925,0.08571428571428572,0.09375,0.09142857142857143,0.17714285714285713,9.611428571428572,0.04861111111111111,0.0,0.022265111359521934,0.14127103578544997,7.395833333333333,0.0881626621960384,0.16165479517538206,0.20289759731762302,0.0798611111111111,0,0.18861374567484368,0.2508641798612789,4.716889815262401,0.8963500684605281,0.0,0.9375,0.0,0.2,0.0,0.2,0.0,0.08,0.09375,0.2676325324392077,0.2676325324392077
227,0.9769740823905098,0.4851078626395354,0.9639677052004416,0.4848733748135078,0.26558979316785597,0.4809494020920446,0.8466898954703833,0.4216150224003829,0.39932225722831666,0.10452961672473868,0.6942857142857143,0.4060568663508432,0.3844188677276496,0.08571428571428572,0.10801393728222997,0.1,0.18,9.651428571428571,0.05226480836236934,0.002857142857142857,0.02243076058209039,0.14099189518635757,7.365853658536586,0.08551778233015725,0.1572084006583333,0.20131066939809433,0.08013937282229965,0,0.18867024837504084,0.2496098589619725,4.722552018957153,0.971990784523407,0.0,0.9714285714285714,0.0,0.2,0.0,0.2,0.0,0.08,0.1076388888888889,0.26710355646603146,0.26710355646603146
228,0.9757529667612577,0.4863511150655002,0.9629663903844549,0.48563145329745633,0.26558979316785597,0.4803756998483437,0.8536585365853658,0.4216150224003829,0.39932225722831666,0.10452961672473868,0.7,0.4060568663508432,0.3844188677276496,0.08571428571428572,0.08013937282229965,0.07142857142857142,0.18,9.717142857142857,0.05226480836236934,0.0,0.02259691136108642,0.14072112880523793,7.365853658536586,0.08295224886025253,0.15287286710145354,0.1997713493161515,0.08013937282229965,0,0.1881267542760228,0.24836180966716262,4.699529550006581,0.9525509688329388,0.0,1.0,0.0,0.2,0.0,0.2,0.0,0.08,0.08013937282229965,0.2665904497720505,0.2665904497720505
229,0.9765130146697336,0.48507484452475813,0.9635896296694052,0.4844879269466646,0.26558979316785597,0.479850150843404,0.8118466898954704,0.4216150224003829,0.39932225722831666,0.10452961672473868,0.6657142857142857,0.4060568663508432,0.3844188677276496,0.08571428571428572,0.08710801393728224,0.08285714285714285,0.18,9.765714285714285,0.05226480836236934,0.0,0.02275398868058747,0.14045848541555195,7.365853658536586,0.08046368139444494,0.1486460911651306,0.19827820883666697,0.08013937282229965,0,0.18789869550107124,0.24712000061882683,4.688396101863591,0.9334999494562801,0.0,1.0,0.0,0.2,0.0,0.2,0.0,0.08,0.08710801393728224,0.26609273627888896,0.26609273627888896
230,0.9751024857205254,0.485118589615862,0.9624329959310545,0.48432288545764746,0.26558979316785597,0.47924415159423955,0.8606271777003485,0.4217543952226825,0.3994267868450414,0.10452961672473868,0.7057142857142857,0.4061711520651288,0.38450458201336396,0.08571428571428572,0.08362369337979095,0.07142857142857142,0.18,9.822857142857142,0.05226480836236934,0.0,0.02290941992828922,0.14020372132755649,7.365853658536586,0.07804977095261159,0.14452596938226991,0.19682986257156695,0.08013937282229965,0,0.18801336196653012,0.2458844006157327,4.666056751254891,0.9223681599999999,0.0,0.96,0.0,0.2,0.0,0.2,0.0,0.08,0.08362369337979095,0.2656099541905223,0.2656099541905223
231,0.9738373124737798,0.4847478470735622,0.9613955538687232,0.48410542066796314,0.26558979316785597,0.4785870220314407,0.794425087108014,0.42182408163383234,0.3994790516534038,0.10452961672473868,0.6514285714285715,0.40622829492227175,0.384547439156221,0.08571428571428572,0.10104529616724739,0.09714285714285714,0.18,9.851428571428572,0.05574912891986063,0.0,0.023063117733874428,0.1399566001622009,7.365853658536586,0.07570827782403323,0.1405104011667173,0.19542496669441994,0.08013937282229965,0,0.18824287015312605,0.254556156204599,4.669878473372651,0.9115287171200016,0.0,0.9705882352941176,0.0,0.2,0.0,0.2,0.0,0.08,0.10104529616724739,0.2651416555648066,0.2651416555648066
232,0.9739226401705108,0.4847564201674586,0.9614655225800425,0.48424090047893176,0.26558979316785597,0.47799620260235204,0.8466898954703833,0.421963454456132,0.3995835812701285,0.10452961672473868,0.6942857142857143,0.4063425806365574,0.3846331534419353,0.08571428571428572,0.10104529616724739,0.1,0.18,9.902857142857142,0.05574912891986063,0.0,0.023215001883179917,0.13971689263180603,7.365853658536586,0.07343702948931223,0.1365972916117163,0.19406221769358734,0.08013937282229965,0,0.18827279865950328,0.2691917387461767,4.6764809039051976,0.9605898956339892,0.0,0.9714285714285714,0.0,0.2,0.0,0.2,0.0,0.08,0.10104529616724739,0.26468740589786244,0.26468740589786244
233,0.9748267879745032,0.4851924093553847,0.9620376063822674,0.484235731828798,0.26558979316785597,0.47742687668586076,0.8251748251748252,0.4203904793245986,0.4003654506287764,0.1048951048951049,0.6742857142857143,0.4063425806365574,0.3846331534419353,0.08571428571428572,0.0979020979020979,0.09714285714285714,0.18285714285714286,9.948571428571428,0.05244755244755245,0.002857142857142857,0.023377113334281118,0.13948437632732294,7.3426573426573425,0.07123391860463286,0.13278455408737522,0.1927403511627797,0.08041958041958042,0,0.18807159246988422,0.26784578005244586,4.68009414296995,0.9413780977213094,0.0,1.0,0.0,0.2,0.0,0.2,0.0,0.08,0.10104529616724739,0.2642467837209266,0.2642467837209266
234,0.9749219301129856,0.48472076089364957,0.9616387496388039,0.48438935720393933,0.26558979316785597,0.47694900065056733,0.8385964912280702,0.420905068168742,0.4003898260243207,0.10526315789473684,0.6828571428571428,0.4064568663508432,0.3847188677276496,0.08571428571428572,0.09473684210526316,0.08857142857142856,0.18571428571428572,10.005714285714285,0.04912280701754386,0.002857142857142857,0.023545120106263827,0.13925883551197435,7.270175438596492,0.06909690104649388,0.12907011264601032,0.19145814062789632,0.08070175438596491,0,0.18850237736467765,0.27956234046591755,4.67506368868198,0.9543559736136631,0.0,0.9354838709677419,0.0,0.2,0.0,0.2,0.0,0.08,0.0979020979020979,0.2638193802092988,0.2638193802092988
235,0.9746087915392679,0.4852015670471292,0.961383765371634,0.4845516171652935,0.26558979316785597,0.4764635401856723,0.8315789473684211,0.42104541904593507,0.4004950891822155,0.10526315789473684,0.6771428571428572,0.40657115206512895,0.3848045820133638,0.08571428571428572,0.11578947368421053,0.10571428571428572,0.18571428571428572,10.048571428571428,0.04912280701754386,0.0,0.023719910542429258,0.13904006092108623,7.270175438596492,0.06702399401509906,0.12545190424408792,0.19021439640905943,0.08070175438596491,0,0.18881430828153276,0.278164528763588,4.687276700622626,0.9829214028699854,0.0,0.972972972972973,0.0,0.2,0.0,0.2,0.0,0.08,0.11578947368421053,0.2634047988030198,0.2634047988030198
236,0.9752750677572394,0.4861200631875689,0.9615768295076957,0.48509249206362515,0.26558979316785597,0.4760872841926266,0.8098591549295775,0.4199392440642141,0.3996705546455491,0.10211267605633803,0.6571428571428571,0.40657115206512895,0.3848045820133638,0.08571428571428572,0.09154929577464789,0.10285714285714286,0.18857142857142858,10.105714285714285,0.0528169014084507,0.002857142857142857,0.023892212635771976,0.13882784956792474,7.232394366197183,0.06501327419464609,0.12192788078932892,0.18900796451678764,0.08098591549295775,0,0.18855438672228578,0.27677370611977,4.6963883094673164,0.9632629748125857,0.0,1.0,0.0,0.2,0.0,0.2,0.0,0.08,0.09473684210526316,0.2630026548389292,0.2630026548389292
237,0.9749204887032841,0.48662775564264416,0.9612891139324865,0.4853403850289416,0.26558979316785597,0.47581818317638963,0.7852112676056338,0.4200800891346366,0.399776188448366,0.10211267605633803,0.6371428571428571,0.4066854377794147,0.3848902962990782,0.08571428571428572,0.09507042253521127,0.08857142857142856,0.18857142857142858,10.151428571428571,0.0528169014084507,0.0,0.024035456417633216,0.13862200455535817,7.232394366197183,0.0630628759688067,0.11849601102135776,0.18783772558128403,0.08098591549295775,0,0.1885827576458172,0.2753898375891711,4.691031971849399,0.9720006901442574,0.0,0.967741935483871,0.0,0.2,0.0,0.2,0.0,0.08,0.09507042253521127,0.26261257519376136,0.26261257519376136
238,0.9754356093473991,0.48711389111079934,0.9614412998284162,0.4855576738479106,0.26558979316785597,0.4754237459282721,0.8162544169611308,0.4204735252719499,0.39946180849753266,0.10247349823321555,0.66,0.4066854377794147,0.3848902962990782,0.08571428571428572,0.08480565371024736,0.08285714285714285,0.19142857142857142,10.2,0.04946996466431095,0.002857142857142857,0.02419682436330522,0.1384223348931685,7.173144876325089,0.0611709896897425,0.11515428223408042,0.1867025938138455,0.0812720848056537,0,0.18823913028615957,0.2740128884012253,4.680068475269554,0.9525606763413722,0.0,1.0,0.0,0.2,0.0,0.2,0.0,0.08,0.0880281690140845,0.2622341979379485,0.2622341979379485
239,0.9766354962481486,0.4876527276864931,0.9621867942580523,0.4858652126640035,0.26558979316785597,0.4750956887702787,0.8014184397163121,0.4212526926597859,0.39913484690215184,0.10283687943262411,0.6457142857142857,0.4066854377794147,0.3848902962990782,0.08571428571428572,0.07801418439716312,0.07142857142857142,0.19428571428571428,10.237142857142857,0.04609929078014184,0.002857142857142857,0.02435587061486174,0.13822865532084452,7.148936170212766,0.05933585999905022,0.11190070184776524,0.18560151599943012,0.08156028368794327,0,0.18786836463472878,0.2726428239592192,4.657895677192734,0.9335094628145447,0.0,1.0,0.0,0.2,0.0,0.2,0.0,0.08,0.07773851590106007,0.26186717199981,0.26186717199981
240,0.9767221280157189,0.4879923576126414,0.9616430502164892,0.48622101177826843,0.26558979316785597,0.4746756475913183,0.8362989323843416,0.42151374544605974,0.39890707970591077,0.10320284697508897,0.6714285714285714,0.4066854377794147,0.3848902962990782,0.08571428571428572,0.08185053380782918,0.07428571428571429,0.19714285714285715,10.291428571428572,0.042704626334519574,0.002857142857142857,0.024505553730019412,0.13804078613569035,7.131672597864768,0.05755578419907871,0.10873329883857896,0.1845334705194472,0.08185053380782918,0,0.18752802352584086,0.2712796098394231,4.639023477934593,0.9148392735582538,0.0,1.0,0.0,0.2,0.0,0.2,0.0,0.08,0.0851063829787234,0.26151115683981574,0.26151115683981574
241,0.9771641752704311,0.48745193698616973,0.9619979510124155,0.48558471368551653,0.26558979316785597,0.4742280057353707,0.8220640569395018,0.42151374544605974,0.39890707970591077,0.10320284697508897,0.66,0.4066854377794147,0.3848902962990782,0.08571428571428572,0.08185053380782918,0.07428571428571429,0.19714285714285715,10.334285714285715,0.0498220640569395,0.0,0.024650985790366224,0.13785855302609076,7.131672597864768,0.05582911067310635,0.1056501250330999,0.1834974664038638,0.07829181494661921,0,0.18716081483321165,0.269923211790226,4.620528722661615,0.8965424880870887,0.0,1.0,0.0,0.2,0.0,0.2,0.0,0.08,0.08185053380782918,0.26116582213462125,0.26116582213462125
242,0.9776252390228455,0.4875909362355061,0.962368119339354,0.4860693720269228,0.26558979316785597,0.4737401592986925,0.8647686832740213,0.4216560942005081,0.39901384127174705,0.10320284697508897,0.6942857142857143,0.40679972349370036,0.3849760105847924,0.08571428571428572,0.0711743772241993,0.07428571428571429,0.19714285714285715,10.371428571428572,0.0498220640569395,0.0,0.02478385232190042,0.13768178690977914,7.131672597864768,0.05415423735291316,0.1026492562750918,0.1824925424117479,0.07829181494661921,0,0.18728072718761704,0.2685735957312748,4.602403862494097,0.901288643324598,0.0,0.9615384615384616,0.0,0.2,0.0,0.2,0.0,0.08,0.0711743772241993,0.2608308474705826,0.2608308474705826
243,0.9778152524744396,0.486080008318154,0.9625206729962051,0.48467553946594444,0.26558979316785597,0.47325971949572265,0.8683274021352313,0.4216560942005081,0.39901384127174705,0.10320284697508897,0.6971428571428572,0.40679972349370036,0.3849760105847924,0.08571428571428572,0.08540925266903915,0.07714285714285714,0.19714285714285715,10.422857142857143,0.05338078291814947,0.0,0.0249143847671861,0.13751032377695685,7.131672597864768,0.05252961023232576,0.0997287934715827,0.18151776613939546,0.07829181494661921,0,0.1870560478159825,0.26723072775261847,4.5874986423870725,0.8832628704581061,0.0,1.0,0.0,0.2,0.0,0.2,0.0,0.08,0.08540925266903915,0.26050592204646517,0.26050592204646517
244,0.9781201120457853,0.4855832964935248,0.9627516938850785,0.48390965712412415,0.26558979316785597,0.47282131815428224,0.825,0.41966200882265287,0.39692103356200326,0.1,0.66,0.40685686635084317,0.38501886772764954,0.08571428571428572,0.08214285714285714,0.08,0.2,10.465714285714286,0.05,0.002857142857142857,0.025212407529508266,0.13734400453811935,6.742857142857143,0.05095372192535599,0.09688686352504317,0.1805722331552136,0.07857142857142857,0,0.187176769005474,0.26589457411385536,4.575748669539331,0.8695057192119244,0.0,0.9642857142857143,0.0,0.2,0.0,0.2,0.0,0.08,0.08540925266903915,0.26019074438507117,0.26019074438507117
245,0.9796532030018014,0.4847911045107065,0.9639781666498912,0.4827665617976389,0.26558979316785597,0.4724855427453265,0.8142857142857143,0.41966200882265287,0.39692103356200326,0.1,0.6514285714285715,0.40685686635084317,0.38501886772764954,0.08571428571428572,0.09642857142857143,0.08285714285714285,0.2,10.5,0.05,0.0,0.025340325233775177,0.13718267487644686,6.742857142857143,0.04942511026759531,0.09412162015821623,0.17965506616055718,0.07857142857142857,0,0.18675488516044664,0.2645651012432861,4.5670908390056875,0.8521156048276859,0.0,1.0,0.0,0.2,0.0,0.2,0.0,0.08,0.09642857142857143,0.25988502205351904,0.25988502205351904
246,0.9788740723832376,0.48455122442870563,0.9633548621550402,0.4827856415612744,0.26558979316785597,0.47216926605416165,0.7857142857142857,0.41966200882265287,0.39692103356200326,0.1,0.6285714285714286,0.40685686635084317,0.38501886772764954,0.08571428571428572,0.075,0.06571428571428571,0.2,10.54,0.05,0.0,0.025465838875361364,0.13702618510462453,6.742857142857143,0.047942356959567445,0.09143124463789898,0.17876541417574046,0.07857142857142857,0,0.18622096787750153,0.26324227573706965,4.54146330793986,0.8350732927311322,0.0,1.0,0.0,0.2,0.0,0.2,0.0,0.08,0.075,0.2595884713919135,0.2595884713919135
247,0.9793742334191604,0.48601885124601063,0.9637549909837786,0.48413909774794733,0.26558979316785597,0.4718474500970278,0.7964285714285714,0.4197334373940814,0.39697460499057474,0.1,0.6371428571428571,0.40691400920798604,0.3850617248705067,0.08571428571428572,0.11428571428571428,0.11142857142857143,0.2,10.585714285714285,0.04642857142857143,0.0,0.025588947338806765,0.13687439002595692,6.742857142857143,0.04650408625078042,0.08881394640373375,0.17790245175046823,0.07857142857142857,0,0.18665801658813191,0.2619260643583843,4.5620626132096325,0.832199784665779,0.0,0.9743589743589743,0.0,0.2,0.0,0.2,0.0,0.08,0.11428571428571428,0.2593008172501561,0.2593008172501561
248,0.9801425093605493,0.48630189900466075,0.963635773437961,0.48397944471739585,0.26558979316785597,0.4716757263928506,0.8315412186379928,0.42044396427071806,0.3971677795558884,0.1003584229390681,0.6628571428571428,0.4069711520651289,0.3851045820133639,0.08571428571428572,0.06451612903225806,0.06285714285714286,0.20285714285714285,10.614285714285714,0.03942652329749104,0.002857142857142857,0.0257175509139132,0.1367271487996493,6.724014336917563,0.04510896366325701,0.08626796360781619,0.1770653781979542,0.07885304659498207,0,0.1864961550766198,0.26061643403659235,4.533678503802583,0.8431987689549749,0.0,0.9545454545454546,0.0,0.2,0.0,0.2,0.0,0.08,0.06785714285714285,0.2590217927326514,0.2590217927326514
249,0.982064873644434,0.4861038403804673,0.9651681723956866,0.4841201414796122,0.26558979316785597,0.4716692108923337,0.8207885304659498,0.42044396427071806,0.3971677795558884,0.1003584229390681,0.6542857142857142,0.4069711520651289,0.3851045820133639,0.08571428571428572,0.08960573476702509,0.08285714285714285,0.20285714285714285,10.662857142857144,0.043010752688172046,0.0,0.02583917123799486,0.13658432481013097,6.724014336917563,0.043755694753359296,0.08379156357069062,0.17625341685201557,0.07885304659498207,0,0.18658529971305554,0.25931335186640936,4.525862076583675,0.8263347935758755,0.0,1.0,0.0,0.2,0.0,0.2,0.0,0.08,0.08960573476702509,0.25875113895067187,0.25875113895067187
250,0.9826239024307309,0.4860990446022713,0.9656137981996203,0.48428579067023114,0.26558979316785597,0.47171758811133774,0.8243727598566308,0.42058733344634525,0.39727530643760883,0.1003584229390681,0.6571428571428571,0.40708543777941464,0.3851902962990781,0.08571428571428572,0.1003584229390681,0.09428571428571429,0.20285714285714285,10.717142857142857,0.04659498207885305,0.0,0.02595519909624046,0.13644578554029807,6.724014336917563,0.042443023910758514,0.08138304315905875,0.1754658143464551,0.07885304659498207,0,0.18679451678591882,0.2580167851070773,4.529630549337715,0.892277852584851,0.0,0.9696969696969697,0.0,0.2,0.0,0.2,0.0,0.08,0.1003584229390681,0.2584886047821517,0.2584886047821517
251,0.9817509479336373,0.48566162904890975,0.9649179287576514,0.48396867320081016,0.26558979316785597,0.4718340299759001,0.7741935483870968,0.42058733344634525,0.39727530643760883,0.1003584229390681,0.6171428571428571,0.40708543777941464,0.3851902962990781,0.08571428571428572,0.08602150537634409,0.07714285714285714,0.20285714285714285,10.728571428571428,0.04659498207885305,0.0,0.026068846586237832,0.1363114024485603,6.724014336917563,0.04116973319343576,0.07904072909029669,0.17470183991606145,0.07885304659498207,0,0.1864034013448464,0.25672670118154195,4.516180795493818,0.874432295533154,0.0,1.0,0.0,0.2,0.0,0.2,0.0,0.08,0.08602150537634409,0.25823394663868715,0.25823394663868715
252,0.9813872664033789,0.4845893407825228,0.9646280226235311,0.4831656595660151,0.26558979316785597,0.4718461739763774,0.8351254480286738,0.42058733344634525,0.39727530643760883,0.1003584229390681,0.6657142857142857,0.40708543777941464,0.3851902962990781,0.08571428571428572,0.11469534050179211,0.09428571428571429,0.20285714285714285,10.785714285714286,0.04659498207885305,0.0,0.02618012747486445,0.1361810508495746,6.724014336917563,0.03993464119763269,0.07676297816864242,0.17396078471857962,0.07885304659498207,0,0.1861555343202829,0.2554430676756342,4.5201428938696555,0.8569436496224909,0.0,1.0,0.0,0.2,0.0,0.2,0.0,0.08,0.11469534050179211,0.2579869282395265,0.2579869282395265
253,0.9811222658242257,0.4843945487068373,0.9639917284028385,0.4828662951413592,0.26558979316785597,0.47163524838421234,0.8453237410071942,0.42057626395085407,0.39750702399754134,0.10071942446043165,0.6714285714285714,0.40708543777941464,0.3851902962990781,0.08571428571428572,0.08273381294964029,0.08,0.2057142857142857,10.82,0.04316546762589928,0.002857142857142857,0.026295296462955524,0.13605460979855846,6.697841726618705,0.038736601961703705,0.07454817745769149,0.17324196117702223,0.07913669064748201,0,0.18582418593439573,0.254165852337256,4.509740035992262,0.839804776630041,0.0,1.0,0.0,0.2,0.0,0.2,0.0,0.08,0.08602150537634409,0.2577473203923407,0.2577473203923407
254,0.9812705812259777,0.483994090121537,0.9639594782069181,0.4824871555367695,0.26558979316785597,0.4714530362328963,0.8447653429602888,0.42220573084452534,0.39780425028827804,0.10108303249097472,0.6685714285714286,0.4072568663508432,0.38531886772764956,0.08571428571428572,0.09386281588447654,0.08,0.20857142857142857,10.86,0.039711191335740074,0.002857142857142857,0.026416923259083038,0.13593196197907287,6.67870036101083,0.03757450390285259,0.07239474439361815,0.17254470234171154,0.07942238267148015,0,0.18615206500472375,0.2528950230755697,4.499545235272417,0.916650557414575,0.0,0.9285714285714286,0.0,0.2,0.0,0.2,0.0,0.08,0.09712230215827339,0.25751490078057054,0.25751490078057054
255,0.9797984826626086,0.4834970774231637,0.962852135964873,0.48204756520055053,0.26558979316785597,0.47133978241760666,0.8152173913043478,0.42191302668297553,0.3973918705301433,0.10144927536231885,0.6428571428571429,0.4072568663508432,0.38531886772764956,0.08571428571428572,0.07608695652173914,0.06571428571428571,0.21142857142857144,10.897142857142857,0.03985507246376811,0.002857142857142857,0.026581051479994334,0.13581299359417176,6.579710144927536,0.03644726878576701,0.07030112684332634,0.1718683612714602,0.07971014492753623,0,0.18590544896541442,0.2516305479601919,4.475268616281254,0.8983175462662835,0.0,1.0,0.0,0.2,0.0,0.2,0.0,0.08,0.07942238267148015,0.2572894537571534,0.2572894537571534
256,0.9805001055857903,0.48292072752697895,0.9634054157557246,0.4815892764906541,0.26558979316785597,0.4711822574454139,0.8478260869565217,0.42205795421920744,0.3975005661823172,0.10144927536231885,0.6685714285714286,0.40737115206512886,0.3854045820133638,0.08571428571428572,0.07246376811594203,0.06857142857142857,0.21142857142857144,10.92,0.03985507246376811,0.0,0.02670558235648496,0.13569759426081773,6.579710144927536,0.035353850722194,0.06826580311152597,0.1712123104333164,0.07971014492753623,0,0.18643206529201597,0.256596795831232,4.454334672527058,0.9495260330997716,0.0,0.9166666666666666,0.0,0.2,0.0,0.2,0.0,0.08,0.07246376811594203,0.2570707701444388,0.2570707701444388
257,0.978786108166445,0.4835818239166267,0.962053806362184,0.4822565029995451,0.26558979316785597,0.4710381363378182,0.8369565217391305,0.42205795421920744,0.3975005661823172,0.10144927536231885,0.66,0.40737115206512886,0.3854045820133638,0.08571428571428572,0.09420289855072464,0.08,0.21142857142857144,10.957142857142857,0.043478260869565216,0.0,0.02680614462540977,0.1355856569074643,6.579710144927536,0.034293235200528176,0.06628728190052913,0.1705759411203169,0.07971014492753623,0,0.1861563335369844,0.25531381185207586,4.445247979076517,0.9305355124377761,0.0,1.0,0.0,0.2,0.0,0.2,0.0,0.08,0.09420289855072464,0.25685864704010564,0.25685864704010564
258,0.9787640374175992,0.48258281878018316,0.9620364020002371,0.48156902739493856,0.26558979316785597,0.47103992710638176,0.7898550724637681,0.42205795421920744,0.3975005661823172,0.10144927536231885,0.6228571428571429,0.40737115206512886,0.3854045820133638,0.08571428571428572,0.07246376811594203,0.06571428571428571,0.21142857142857144,10.991428571428571,0.03985507246376811,0.0,0.02690444628756508,0.13547707767471148,6.579710144927536,0.033264438144512326,0.06436410222636424,0.16995866288670738,0.07971014492753623,0,0.18579386245895957,0.2540372427928155,4.422057305209273,0.9119248021890206,0.0,1.0,0.0,0.2,0.0,0.2,0.0,0.08,0.07246376811594203,0.2566528876289025,0.2566528876289025
259,0.9784165516094927,0.4833288903351698,0.9617623846201302,0.48240141220412236,0.26558979316785597,0.47095464362302186,0.8405797101449275,0.4222028817554393,0.39760926183449113,0.10144927536231885,0.6628571428571428,0.40748543777941465,0.38549029629907816,0.08571428571428572,0.08333333333333333,0.07714285714285714,0.21142857142857144,11.02,0.043478260869565216,0.0,0.027000514445924377,0.13537175581894126,6.579710144927536,0.03226650500017696,0.06249483329462158,0.16935990300010617,0.07971014492753623,0,0.18586432171809333,0.2527670565788514,4.410759016247944,0.9074931841887202,0.0,0.9629629629629629,0.0,0.2,0.0,0.2,0.0,0.08,0.08333333333333333,0.2564533010000354,0.2564533010000354
260,0.9784556821384482,0.48315576431827034,0.9617932418372493,0.4824396207193031,0.26558979316785597,0.4708932833573844,0.8297101449275363,0.4222028817554393,0.39760926183449113,0.10144927536231885,0.6542857142857142,0.40748543777941465,0.38549029629907816,0.08571428571428572,0.07608695652173914,0.07142857142857142,0.21142857142857144,11.057142857142857,0.03985507246376811,0.0,0.027094377456487594,0.13526959361884414,6.579710144927536,0.031298509850171644,0.06067807433925587,0.16877910591010298,0.07971014492753623,0,0.1856188615345029,0.25150322129595715,4.393972407351556,0.8893433205049458,0.0,1.0,0.0,0.2,0.0,0.2,0.0,0.08,0.07608695652173914,0.25625970197003434,0.25625970197003434
261,0.9804502502415178,0.48212408838889453,0.9633661012556698,0.4818690240066489,0.26558979316785597,0.47083025820171576,0.8115942028985508,0.4222028817554393,0.39760926183449113,0.10144927536231885,0.64,0.40748543777941465,0.38549029629907816,0.08571428571428572,0.11956521739130435,0.10571428571428572,0.21142857142857144,11.06857142857143,0.043478260869565216,0.0,0.02718606479734988,0.13517049628474997,6.579710144927536,0.030359554554666494,0.058912454427401895,0.16821573273279988,0.07971014492753623,0,0.18543219865183042,0.25024570518947736,4.411807244918811,0.8715564540948468,0.0,1.0,0.0,0.2,0.0,0.2,0.0,0.08,0.11956521739130435,0.2560719109109333,0.2560719109109333
262,0.9812298414761612,0.48178271850579935,0.9636695890633564,0.48237299842493275,0.26558979316785597,0.47079868514108825,0.8436363636363636,0.4223915282775937,0.3980381237262314,0.10181818181818182,0.6628571428571428,0.40748543777941465,0.38549029629907816,0.08571428571428572,0.08363636363636363,0.08,0.21428571428571427,11.105714285714285,0.04,0.002857142857142857,0.02730103315636193,0.13507437187067858,6.516363636363637,0.0294487679180265,0.05719663223308802,0.1676692607508159,0.08,0,0.18499060908714268,0.24899447666352997,4.403571100020434,0.8541253250129499,0.0,1.0,0.0,0.2,0.0,0.2,0.0,0.08,0.08695652173913043,0.25588975358360533,0.25588975358360533
263,0.980621695983245,0.480962009574346,0.9631917604617793,0.48206633565907525,0.26558979316785597,0.47083662164977724,0.8581818181818182,0.4223915282775937,0.3980381237262314,0.10181818181818182,0.6742857142857143,0.40748543777941465,0.38549029629907816,0.08571428571428572,0.10181818181818182,0.09142857142857143,0.21428571428571427,11.154285714285715,0.04363636363636364,0.0,0.02741270248565698,0.1349811311890293,6.516363636363637,0.028565304880485705,0.05552929578256993,0.1671391829282914,0.08,0,0.18466508461313555,0.24774950428021233,4.4069282494485975,0.8370428185126909,0.0,1.0,0.0,0.2,0.0,0.2,0.0,0.08,0.10181818181818182,0.25571306097609714,0.25571306097609714
264,0.980680582128272,0.47999138310852274,0.9632380281471575,0.4811691028281982,0.26558979316785597,0.47086001330403293,0.8363636363636363,0.4223915282775937,0.3980381237262314,0.10181818181818182,0.6571428571428571,0.40748543777941465,0.38549029629907816,0.08571428571428572,0.06181818181818182,0.054285714285714284,0.21428571428571427,11.177142857142858,0.04363636363636364,0.0,0.027498371524290268,0.13489068772782953,6.516363636363637,0.027708345734071133,0.05390916217385344,0.16662500744044267,0.08,0,0.18422647632935557,0.24651075675881126,4.37307539874534,0.8203019621424371,0.0,1.0,0.0,0.2,0.0,0.2,0.0,0.08,0.06181818181818182,0.2555416691468142,0.2555416691468142
265,0.9789372624394247,0.4800526411326728,0.9618682769630634,0.48125089424562234,0.26558979316785597,0.47096239212506563,0.8218181818181818,0.4223915282775937,0.3980381237262314,0.10181818181818182,0.6457142857142857,0.40748543777941465,0.38549029629907816,0.08571428571428572,0.07636363636363637,0.06571428571428571,0.21428571428571427,11.22,0.04363636363636364,0.0,0.02758198347104052,0.13480295757046576,6.516363636363637,0.026877095362049,0.052334977272824657,0.1661262572172294,0.08,0,0.18379034394770874,0.24527820297501718,4.351328176484718,0.8038959228995883,0.0,1.0,0.0,0.2,0.0,0.2,0.0,0.08,0.07636363636363637,0.2553754190724098,0.2553754190724098
266,0.9799533057998562,0.47962633858158865,0.9626059408838537,0.4811685889174059,0.26558979316785597,0.47104735220920224,0.8284671532846716,0.4227348403312519,0.398914256240712,0.10218978102189781,0.6485714285714286,0.40754258063655746,0.38553315344193523,0.08571428571428572,0.08394160583941605,0.08285714285714285,0.21714285714285714,11.262857142857143,0.043795620437956206,0.002857142857142857,0.027656445031993368,0.1347178593178229,6.510948905109489,0.026070782501187526,0.05080551538826483,0.1656424695007125,0.08029197080291971,0,0.1840692529386845,0.24405181196014208,4.347158755812166,0.8174578522203134,0.0,0.9655172413793104,0.0,0.2,0.0,0.2,0.0,0.08,0.08727272727272728,0.2552141565002375,0.2552141565002375
267,0.9799587203993164,0.47917273914538283,0.9624991979620677,0.4810539039169966,0.26558979316785597,0.4712821072338168,0.8461538461538461,0.4242204086212578,0.39863902747762037,0.10256410256410256,0.66,0.40754258063655746,0.38553315344193523,0.08571428571428572,0.0695970695970696,0.06285714285714286,0.22,11.297142857142857,0.040293040293040296,0.002857142857142857,0.027747426236927455,0.13463531401275933,6.498168498168498,0.025288659026151898,0.04931957892788941,0.16517319541569114,0.08058608058608059,0,0.1836343352454197,0.2428315529003414,4.323072723553066,0.8011086951759071,0.0,1.0,0.0,0.2,0.0,0.2,0.0,0.08,0.072992700729927,0.2550577318052304,0.2550577318052304
268,0.9796133806978918,0.4789785444358193,0.9622298329949563,0.480905794179568,0.26558979316785597,0.47164474976894427,0.8058608058608059,0.42436692876777793,0.39874891758751047,0.10256410256410256,0.6285714285714286,0.40765686635084325,0.38561886772764953,0.08571428571428572,0.08791208791208792,0.08285714285714285,0.22,11.34,0.040293040293040296,0.0,0.027836141127671157,0.13455524506684768,6.498168498168498,0.024529999255367342,0.04787599803742004,0.1647179995532204,0.08058608058608059,0,0.18377216499776403,0.24161739513583969,4.319468411939147,0.8030456345126897,0.0,0.9655172413793104,0.0,0.2,0.0,0.2,0.0,0.08,0.08791208791208792,0.2549059998510735,0.2549059998510735
269,0.9804185537219605,0.4779240794751301,0.9628578679537301,0.48032529539696106,0.26558979316785597,0.47192353020456745,0.8534798534798534,0.4246599690608182,0.39896869780729066,0.10256410256410256,0.6657142857142857,0.4078854377794146,0.38579029629907813,0.08571428571428572,0.07692307692307693,0.07142857142857142,0.22,11.374285714285714,0.040293040293040296,0.0,0.02791194258850265,0.13447757818931336,6.498168498168498,0.023794099277706322,0.04647363022457851,0.1642764595666238,0.08058608058608059,0,0.18419544774420377,0.24933315011400353,4.304507615128936,0.8438327029000875,0.0,0.92,0.0,0.2,0.0,0.2,0.0,0.08,0.07692307692307693,0.2547588198555413,0.2547588198555413
270,0.9803247589323474,0.47754935891992917,0.9627847080178318,0.4803881489231276,0.26558979316785597,0.4722230978058997,0.8168498168498168,0.4246599690608182,0.39896869780729066,0.10256410256410256,0.6371428571428571,0.4078854377794146,0.38579029629907813,0.08571428571428572,0.0989010989010989,0.08285714285714285,0.22,11.4,0.040293040293040296,0.0,0.02798585643087559,0.13440224131810508,6.498168498168498,0.023080276299375133,0.045111359969765674,0.16384816577962508,0.08058608058608059,0,0.1839590426483399,0.2480864843634335,4.301274605683499,0.8269560488420857,0.0,1.0,0.0,0.2,0.0,0.2,0.0,0.08,0.0989010989010989,0.254616055259875,0.254616055259875
271,0.9798867058540967,0.47764678301992586,0.9624430266167963,0.48041942128514176,0.26558979316785597,0.4724906290509955,0.8498168498168498,0.4246599690608182,0.39896869780729066,0.10256410256410256,0.6628571428571428,0.4078854377794146,0.38579029629907813,0.08571428571428572,0.07692307692307693,0.07142857142857142,0.22,11.442857142857143,0.04395604395604396,0.0,0.028057917802647683,0.13432916455303306,6.498168498168498,0.02238786801039388,0.04378809832508257,0.16343272080623633,0.08058608058608059,0,0.18343910457795531,0.24684605194161632,4.286677684998401,0.8104169278652439,0.0,1.0,0.0,0.2,0.0,0.2,0.0,0.08,0.07692307692307693,0.2544775736020788,0.2544775736020788
272,0.9798691871044999,0.47705216362727915,0.9624293619921105,0.4800820759942259,0.26558979316785597,0.4726764816271178,0.8168498168498168,0.42487974928059835,0.3991335329721258,0.10256410256410256,0.6371428571428571,0.4080568663508432,0.3859188677276496,0.08571428571428572,0.10989010989010989,0.09714285714285714,0.22,11.497142857142856,0.04395604395604396,0.0,0.028128161949689385,0.13425828009091315,6.498168498168498,0.021716231970082062,0.04250278250323991,0.16302973918204924,0.08058608058608059,0,0.18412034048006554,0.24673389955451988,4.298086988441291,0.8864709984059262,0.0,0.9411764705882353,0.0,0.2,0.0,0.2,0.0,0.08,0.10989010989010989,0.2543432463940164,0.2543432463940164
273,0.9793588266777238,0.4772384157999938,0.9620312808592254,0.480710051865922,0.26558979316785597,0.4728549002862669,0.8021978021978022,0.42487974928059835,0.3991335329721258,0.10256410256410256,0.6257142857142857,0.4080568663508432,0.3859188677276496,0.08571428571428572,0.09523809523809523,0.08,0.22,11.537142857142857,0.04395604395604396,0.0,0.028196624154874596,0.13418952216265687,6.498168498168498,0.0210647450109796,0.04125437545780075,0.16263884700658776,0.08058608058608059,0,0.1837701702026652,0.2455002300567473,4.292125248672464,0.8687415784378077,0.0,1.0,0.0,0.2,0.0,0.2,0.0,0.08,0.09523809523809523,0.25421294900219593,0.25421294900219593
274,0.9776409854569904,0.47738930104779637,0.9606913647070533,0.480819924492725,0.26558979316785597,0.47313092576713567,0.8058608058608059,0.4250262694271186,0.39924342308201594,0.10256410256410256,0.6285714285714286,0.408171152065129,0.3860045820133639,0.08571428571428572,0.08058608058608059,0.07428571428571429,0.22,11.56857142857143,0.04395604395604396,0.0,0.028263339681479507,0.13412282697224828,6.498168498168498,0.02043280266065021,0.040041865456103776,0.16225968159639012,0.08058608058608059,0,0.18387931935165186,0.24722835812635544,4.28056845798473,0.8575340816075242,0.0,0.9615384615384616,0.0,0.2,0.0,0.2,0.0,0.08,0.08058608058608059,0.25408656053213,0.25408656053213
275,0.9781679418823688,0.47644298373604843,0.9611023907188485,0.4798714447480084,0.26558979316785597,0.473349967469496,0.8205128205128205,0.42524604964689877,0.3994082582468511,0.10256410256410256,0.64,0.40834258063655754,0.3861331534419353,0.08571428571428572,0.10622710622710622,0.08571428571428572,0.22,11.625714285714286,0.047619047619047616,0.0,0.028328343720777135,0.13405813263755195,6.498168498168498,0.019819818580830706,0.038864265646124774,0.16189189114849842,0.08058608058608059,0,0.1843310656120365,0.2575308563821798,4.28067137453932,0.8736973362712431,0.0,0.9333333333333333,0.0,0.2,0.0,0.2,0.0,0.08,0.10622710622710622,0.25396396371616614,0.25396396371616614
276,0.9801177331088937,0.4767148212186973,0.9623688609396871,0.48002918053915544,0.26558979316785597,0.47355991720084695,0.8235294117647058,0.4264840191349899,0.3996994460204264,0.10294117647058823,0.64,0.40834258063655754,0.3861331534419353,0.08571428571428572,0.07352941176470588,0.06857142857142857,0.22285714285714286,11.668571428571429,0.051470588235294115,0.002857142857142857,0.02840818796279664,0.1339953791328965,6.448529411764706,0.019225224023405783,0.037720613618443255,0.16153513441404346,0.08088235294117647,0,0.1838662674268334,0.25624320210026885,4.263629375619963,0.8562233895458182,0.0,1.0,0.0,0.2,0.0,0.2,0.0,0.08,0.07326007326007326,0.2538450448046812,0.2538450448046812
277,0.9796846347030815,0.47550534797036215,0.9620322816071702,0.47919264843691484,0.26558979316785597,0.4737376699360206,0.8639705882352942,0.4264840191349899,0.3996994460204264,0.10294117647058823,0.6714285714285714,0.40834258063655754,0.3861331534419353,0.08571428571428572,0.07352941176470588,0.06,0.22285714285714286,11.722857142857142,0.051470588235294115,0.0,0.028501737310825063,0.1339345082333807,6.448529411764706,0.01864846730270361,0.036609970964401994,0.16118908038162216,0.08088235294117647,0,0.183488936803985,0.25496198608976756,4.238356788107564,0.8390989217549019,0.0,1.0,0.0,0.2,0.0,0.2,0.0,0.08,0.07352941176470588,0.2537296934605407,0.2537296934605407
278,0.9778956311379323,0.4754517546361741,0.9606419702651114,0.47960448565380004,0.26558979316785597,0.4738501879319242,0.8455882352941176,0.4264840191349899,0.3996994460204264,0.10294117647058823,0.6571428571428571,0.40834258063655754,0.3861331534419353,0.08571428571428572,0.08455882352941177,0.07714285714285714,0.22285714285714286,11.762857142857143,0.051470588235294115,0.0,0.028562009931842502,0.1338754634608504,6.448529411764706,0.0180890132836225,0.03553142283146549,0.1608534079701735,0.08088235294117647,0,0.1832276356913936,0.25368717615931874,4.230732509488269,0.8223169433198039,0.0,1.0,0.0,0.2,0.0,0.2,0.0,0.08,0.08455882352941177,0.2536178026567245,0.2536178026567245
279,0.97844244206095,0.475626238374031,0.9610669204681422,0.47970441137094133,0.26558979316785597,0.4739280373970483,0.8419117647058824,0.4264840191349899,0.3996994460204264,0.10294117647058823,0.6542857142857142,0.40834258063655754,0.3861331534419353,0.08571428571428572,0.0625,0.05142857142857143,0.22285714285714286,11.797142857142857,0.051470588235294115,0.0,0.028620704926789482,0.133818190031496,6.448529411764706,0.017546342885113825,0.03448407747671345,0.16052780573106828,0.08088235294117647,0,0.18285222603090084,0.2524187402785221,4.1975464307270745,0.8058706044534077,0.0,1.0,0.0,0.2,0.0,0.2,0.0,0.08,0.0625,0.2535092685770228,0.2535092685770228
280,0.9785457522595183,0.4752543277270608,0.9611472072510296,0.47942323192038155,0.26558979316785597,0.4740699090715021,0.8308823529411765,0.4264840191349899,0.3996994460204264,0.10294117647058823,0.6457142857142857,0.40834258063655754,0.3861331534419353,0.08571428571428572,0.08088235294117647,0.07428571428571429,0.22285714285714286,11.831428571428571,0.051470588235294115,0.0,0.028677856600771667,0.13376263480502223,6.448529411764706,0.01701995259856041,0.03346706581933134,0.16021197155913625,0.08088235294117647,0,0.18256553704360348,0.2511566465771295,4.187881216398248,0.7897531923643396,0.0,1.0,0.0,0.2,0.0,0.2,0.0,0.08,0.08088235294117647,0.2534039905197121,0.2534039905197121
281,0.9785985393357443,0.4751994367209396,0.9606185584712658,0.47903235865174776,0.26558979316785597,0.4741570808979917,0.8450184501845018,0.4260725148742396,0.399892211243348,0.1033210332103321,0.6542857142857142,0.40834258063655754,0.3861331534419353,0.08571428571428572,0.08856088560885608,0.08,0.2257142857142857,11.882857142857143,0.05166051660516605,0.002857142857142857,0.028740866790569572,0.1337087462353427,6.413284132841328,0.0165093540206036,0.03247954099289663,0.15990561241236215,0.08118081180811808,0,0.18230871221195688,0.24990086334424386,4.184123592070283,0.7739581285170528,0.0,1.0,0.0,0.2,0.0,0.2,0.0,0.08,0.09191176470588236,0.2533018708041207,0.2533018708041207
282,0.9779484295060383,0.4738687088338764,0.9601151877174078,0.47819750135682904,0.26558979316785597,0.47425139858911597,0.8044280442804428,0.42629391708826175,0.4000582629038646,0.1033210332103321,0.6228571428571429,0.40851400920798614,0.3862617248705067,0.08571428571428572,0.0959409594095941,0.08571428571428572,0.2257142857142857,11.928571428571429,0.05166051660516605,0.0,0.028824782872105506,0.13365647432275352,6.413284132841328,0.01601407339998549,0.03152067789819646,0.15960844403999128,0.08118081180811808,0,0.18282516936518287,0.25153688983971373,4.186155405943162,0.8309888490899966,0.0,0.9333333333333333,0.0,0.2,0.0,0.2,0.0,0.08,0.0959409594095941,0.2532028146799971,0.2532028146799971
283,0.9787372941403902,0.47476285602092433,0.9607259943342915,0.4790653495071599,0.26558979316785597,0.47422046769323833,0.8081180811808119,0.4264415185642765,0.40016896401087565,0.1033210332103321,0.6257142857142857,0.4086282949222718,0.38634743915622105,0.08571428571428572,0.08487084870848709,0.07142857142857142,0.2257142857142857,11.98,0.05904059040590406,0.0,0.028877629519070597,0.133605770567542,6.413284132841328,0.015533651197985924,0.030589672757253217,0.15932019071879155,0.08118081180811808,0,0.1826824720897855,0.2521163787803702,4.173860869252871,0.860431445693252,0.0,0.96,0.0,0.2,0.0,0.2,0.0,0.08,0.08487084870848709,0.2531067302395972,0.2531067302395972
284,0.9772105700225274,0.4745165594054436,0.959543873660175,0.4789044226047812,0.26558979316785597,0.47424421328226657,0.8081180811808119,0.4265891200402913,0.4002796651178867,0.1033210332103321,0.6257142857142857,0.4087425806365575,0.38643315344193524,0.08571428571428572,0.07380073800738007,0.05714285714285714,0.2257142857142857,12.002857142857144,0.05904059040590406,0.0,0.028929063273067403,0.1335565879249869,6.413284132841328,0.015067641662046346,0.02968574266917945,0.1590405849972278,0.08118081180811808,0,0.18262548901505085,0.25085579688646836,4.14752650901067,0.9311384854400776,0.0,0.95,0.0,0.2,0.0,0.2,0.0,0.08,0.07380073800738007,0.25301352833240925,0.25301352833240925
285,0.9792855393673641,0.475804853122178,0.9609297913168825,0.4799280635054351,0.26558979316785597,0.4743936337315012,0.7962962962962963,0.42764437942874284,0.3994958050265266,0.1037037037037037,0.6142857142857143,0.40884201231136924,0.3865617248705067,0.08571428571428572,0.08518518518518518,0.07142857142857142,0.22857142857142856,12.037142857142857,0.05555555555555555,0.002857142857142857,0.02901175303707663,0.1335088807617084,6.355555555555555,0.014615612412184955,0.028808125168431453,0.15876936744731096,0.08148148148148149,0,0.18328136656640417,0.24960151790203602,4.136004550259028,0.9363410677360622,0.0,0.92,0.0,0.2,0.0,0.2,0.0,0.08,0.08487084870848709,0.252923122482437,0.252923122482437
286,0.9795553553251354,0.47556149915328555,0.9611379350557347,0.48006819690935976,0.26558979316785597,0.4747243765897866,0.8296296296296296,0.42779252757689096,0.3996069161376377,0.1037037037037037,0.64,0.4089562980256549,0.386647439156221,0.08571428571428572,0.08148148148148149,0.07428571428571429,0.22857142857142856,12.085714285714285,0.05925925925925926,0.0,0.0290801415760209,0.13346260481332825,6.355555555555555,0.014177144039819406,0.027956077785981637,0.15850628642389164,0.08148148148148149,0,0.18330710330500072,0.24835351031252584,4.127570173539562,0.927416037561541,0.0,0.9615384615384616,0.0,0.2,0.0,0.2,0.0,0.08,0.08148148148148149,0.2528354288079639,0.2528354288079639
287,0.9781033176615568,0.4762585774655801,0.9600177917152598,0.4805186966723854,0.26558979316785597,0.47507706467360605,0.8074074074074075,0.42779252757689096,0.3996069161376377,0.1037037037037037,0.6228571428571429,0.4089562980256549,0.386647439156221,0.08571428571428572,0.08148148148148149,0.06857142857142857,0.22857142857142856,12.111428571428572,0.05555555555555555,0.0,0.029127696448144537,0.13341771714339948,6.355555555555555,0.013751829718624823,0.027128877613884494,0.1582510978311749,0.08148148148148149,0,0.18296085635633286,0.2471117427609632,4.113590198640199,0.9088677168103101,0.0,1.0,0.0,0.2,0.0,0.2,0.0,0.08,0.08148148148148149,0.25275036594372496,0.25275036594372496
288,0.9784698517409061,0.47540431613758166,0.960300546576472,0.4800526155209754,0.26558979316785597,0.4754153168841359,0.8148148148148148,0.42779252757689096,0.3996069161376377,0.1037037037037037,0.6285714285714286,0.4089562980256549,0.386647439156221,0.08571428571428572,0.07777777777777778,0.06285714285714286,0.22857142857142856,12.157142857142857,0.05185185185185185,0.0,0.029173961465774955,0.13337417610356866,6.355555555555555,0.013339274827066079,0.026325820873665307,0.15800356489623965,0.08148148148148149,0,0.18244576636026547,0.24587618404715839,4.0941755375245386,0.8906903624741039,0.0,1.0,0.0,0.2,0.0,0.2,0.0,0.08,0.07777777777777778,0.2526678549654132,0.2526678549654132
289,0.9792237971223061,0.4759364245234888,0.9608821615849806,0.4804696504130761,0.26558979316785597,0.4757550267514996,0.8444444444444444,0.42779252757689096,0.3996069161376377,0.1037037037037037,0.6514285714285715,0.4089562980256549,0.386647439156221,0.08571428571428572,0.09259259259259259,0.08,0.22857142857142856,12.191428571428572,0.05555555555555555,0.0,0.02921896750660877,0.1333319412949327,6.355555555555555,0.012939096582254096,0.025546222488924686,0.15776345794935245,0.08148148148148149,0,0.1822452617927677,0.24464680312692258,4.092292026774047,0.8728765552246218,0.0,1.0,0.0,0.2,0.0,0.2,0.0,0.08,0.09259259259259259,0.2525878193164508,0.2525878193164508
290,0.9798657892406044,0.4763429273088856,0.961377412647668,0.4808766820044871,0.26558979316785597,0.47611626867829243,0.8111111111111111,0.42794067572503913,0.39971802724874883,0.1037037037037037,0.6257142857142857,0.4090705837399407,0.3867331534419353,0.08571428571428572,0.07407407407407407,0.06285714285714286,0.22857142857142856,12.214285714285714,0.05185185185185185,0.0,0.02926274496091163,0.13329097353055583,6.355555555555555,0.012550923684786473,0.02478941566250792,0.15753055421087186,0.08148148148148149,0,0.18216217905523246,0.24832328005247303,4.073303329095709,0.8980817972484583,0.0,0.9545454545454546,0.0,0.2,0.0,0.2,0.0,0.08,0.07407407407407407,0.2525101847369573,0.2525101847369573
291,0.9796439445607357,0.47586876229502006,0.9612062753231976,0.4798206642970032,0.26558979316785597,0.47659724048892055,0.8222222222222222,0.42794067572503913,0.39971802724874883,0.1037037037037037,0.6342857142857142,0.4090705837399407,0.3867331534419353,0.08571428571428572,0.05925925925925926,0.05714285714285714,0.22857142857142856,12.262857142857143,0.05925925925925926,0.0,0.029305323722207066,0.13325123479911027,6.355555555555555,0.012174395974242878,0.024054751458558843,0.15730463758454571,0.08148148148148149,0,0.18167936815995628,0.24708166365221068,4.048980119656652,0.8801201613034891,0.0,1.0,0.0,0.2,0.0,0.2,0.0,0.08,0.05925925925925926,0.2524348791948486,0.2524348791948486
292,0.9802284736995779,0.47610707591185153,0.9616571978017331,0.48018101865407353,0.26558979316785597,0.4771143200370376,0.8185185185185185,0.42794067572503913,0.39971802724874883,0.1037037037037037,0.6314285714285715,0.4090705837399407,0.3867331534419353,0.08571428571428572,0.07407407407407407,0.06,0.22857142857142856,12.294285714285714,0.05555555555555555,0.0,0.029346733179486176,0.13321268822960808,6.355555555555555,0.011809164095015591,0.02334159838973804,0.15708549845700934,0.08148148148148149,0,0.1814542648727458,0.24584625533394963,4.028000517263519,0.8625177580774194,0.0,1.0,0.0,0.2,0.0,0.2,0.0,0.08,0.07407407407407407,0.2523618328190031,0.2523618328190031
293,0.9807690378293255,0.4751874914492646,0.9620742044161099,0.47946243356759877,0.26558979316785597,0.4776777299002439,0.8222222222222222,0.4282369720213354,0.39994024947097107,0.1037037037037037,0.6342857142857142,0.40929915516851206,0.38690458201336386,0.08571428571428572,0.08148148148148149,0.08,0.22857142857142856,12.317142857142857,0.05925925925925926,0.0,0.02938700221083379,0.13317529805719094,6.355555555555555,0.011454889172165124,0.022649342009860907,0.15687293350329906,0.08148148148148149,0,0.18194627997695348,0.2446170240572799,4.027440506918249,0.8964201210377346,0.0,0.9285714285714286,0.0,0.2,0.0,0.2,0.0,0.08,0.08148148148148149,0.25229097783443305,0.25229097783443305
294,0.9803922296694155,0.4754618662158752,0.961783523835608,0.4795354631457342,0.26558979316785597,0.47809164458089004,0.8037037037037037,0.4282369720213354,0.39994024947097107,0.1037037037037037,0.62,0.40929915516851206,0.38690458201336386,0.08571428571428572,0.09259259259259259,0.07714285714285714,0.22857142857142856,12.36,0.05925925925925926,0.0,0.029426159178372505,0.1331390295899464,6.355555555555555,0.011111242497000169,0.021977384512174902,0.1566667454982001,0.08148148148148149,0,0.18157869214849728,0.2433939389369935,4.024034553922741,0.8784917186169799,0.0,1.0,0.0,0.2,0.0,0.2,0.0,0.08,0.09259259259259259,0.25222224849940006,0.25222224849940006
295,0.9818858676042517,0.47469241503736603,0.9624413699022613,0.4787824520937946,0.26558979316785597,0.47855828116950005,0.8395522388059702,0.4294597070401945,0.4011397987868166,0.1044776119402985,0.6428571428571429,0.40941344088279785,0.38699029629907816,0.08571428571428572,0.06716417910447761,0.06285714285714286,0.2342857142857143,12.391428571428571,0.05223880597014925,0.005714285714285714,0.029512132967887638,0.13310384917671905,6.2388059701492535,0.010777905222090163,0.021325144333474655,0.1564667431332541,0.08208955223880597,0,0.18178069558160947,0.24217696924230853,4.006411005701429,0.8717818424202249,0.0,0.9545454545454546,0.0,0.2,0.0,0.2,0.0,0.08,0.07407407407407407,0.25215558104441804,0.25215558104441804
296,0.9802255518952823,0.47452238813295416,0.9611700424451072,0.47834818659203066,0.26558979316785597,0.4787660823050702,0.8171641791044776,0.4294597070401945,0.4011397987868166,0.1044776119402985,0.6257142857142857,0.40941344088279785,0.38699029629907816,0.08571428571428572,0.09701492537313433,0.08,0.2342857142857143,12.42,0.05223880597014925,0.0,0.029618524732157456,0.1330697241758886,6.2388059701492535,0.010454568065427458,0.020692055764222284,0.15627274083925646,0.07835820895522388,0,0.18144264924655856,0.24096608439609699,4.0062827855874,0.8543462055718204,0.0,1.0,0.0,0.2,0.0,0.2,0.0,0.08,0.09701492537313433,0.2520909136130855,0.2520909136130855
297,0.9806219583776851,0.4745440646809913,0.961473576551633,0.47866576805977323,0.26558979316785597,0.4789595592325091,0.8507462686567164,0.4294597070401945,0.4011397987868166,0.1044776119402985,0.6514285714285715,0.40941344088279785,0.38699029629907816,0.08571428571428572,0.08955223880597014,0.07714285714285714,0.2342857142857143,12.448571428571428,0.05223880597014925,0.0,0.029654774415772727,0.13303662292508306,6.2388059701492535,0.010140931023464634,0.02007756856482179,0.15608455861407877,0.07835820895522388,0,0.18104943600032575,0.2397612539741165,4.003299987018509,0.837259281460384,0.0,1.0,0.0,0.2,0.0,0.2,0.0,0.08,0.08955223880597014,0.2520281862046929,0.2520281862046929
298,0.9792711694404298,0.47483783125380985,0.9604392581653918,0.4785118834782974,0.26558979316785597,0.47903406296895457,0.835820895522388,0.4294597070401945,0.4011397987868166,0.1044776119402985,0.64,0.40941344088279785,0.38699029629907816,0.08571428571428572,0.06343283582089553,0.054285714285714284,0.2342857142857143,12.485714285714286,0.05223880597014925,0.0,0.02969001275322706,0.13300451471180172,6.2388059701492535,0.009836703092760694,0.019481147588170877,0.1559020218556564,0.07835820895522388,0,0.18054404596318127,0.2385624477042459,3.9775197015638533,0.8205140958311764,0.0,1.0,0.0,0.2,0.0,0.2,0.0,0.08,0.06343283582089553,0.25196734061855214,0.25196734061855214
299,0.9793577543140048,0.4755196068887103,0.9605055574400149,0.47900536136276733,0.26558979316785597,0.47915119678034135,0.8694029850746269,0.4294597070401945,0.4011397987868166,0.1044776119402985,0.6657142857142857,0.40941344088279785,0.38699029629907816,0.08571428571428572,0.06716417910447761,0.054285714285714284,0.2342857142857143,12.528571428571428,0.05223880597014925,0.0,0.0297242656922765,0.13297336974491872,6.2388059701492535,0.009541601999977873,0.018902272408594767,0.15572496119998672,0.07835820895522388,0,0.18009789716193678,0.23736963546572468,3.95225502181829,0.8041038139145528,0.0,1.0,0.0,0.2,0.0,0.2,0.0,0.08,0.06716417910447761,0.25190832039999556,0.25190832039999556
300,0.9797141681270077,0.4770555520381112,0.9607880780058001,0.4801680834123727,0.26558979316785597,0.47928835476291426,0.8426966292134831,0.4301932848604528,0.4010861989991888,0.10486891385767791,0.6428571428571429,0.40941344088279785,0.38699029629907816,0.08571428571428572,0.0749063670411985,0.06,0.23714285714285716,12.565714285714286,0.04868913857677903,0.002857142857142857,0.029757790289068362,0.13294315912704227,6.217228464419476,0.009255353939978537,0.01834043695724641,0.15555321236398711,0.07865168539325842,0,0.17985113904766273,0.23618278728839603,3.9332099213819247,0.7880217376362618,0.0,1.0,0.0,0.2,0.0,0.2,0.0,0.08,0.07462686567164178,0.25185107078799573,0.25185107078799573
301,0.9797294672396266,0.47667441319808923,0.9607997490431407,0.4798782111384006,0.26558979316785597,0.4794317272147599,0.8239700374531835,0.4301932848604528,0.4010861989991888,0.10486891385767791,0.6285714285714286,0.40941344088279785,0.38699029629907816,0.08571428571428572,0.0599250936329588,0.054285714285714284,0.23714285714285716,12.605714285714285,0.04868913857677903,0.0,0.02981017304129993,0.13291385482770218,6.217228464419476,0.00897769332177918,0.017795149164042123,0.1553866159930675,0.07865168539325842,0,0.17949374120956726,0.23500187335195405,3.9088314372400004,0.7722613028835364,0.0,1.0,0.0,0.2,0.0,0.2,0.0,0.08,0.0599250936329588,0.25179553866435583,0.25179553866435583
302,0.9792922105853864,0.4778996785896815,0.9604168329149922,0.4812710653940407,0.26558979316785597,0.47960752567388293,0.8458646616541353,0.43068236042747055,0.4019460513099495,0.10526315789473684,0.6428571428571429,0.40941344088279785,0.38699029629907816,0.08571428571428572,0.06015037593984962,0.054285714285714284,0.24,12.64,0.045112781954887216,0.002857142857142857,0.029853576902805844,0.13288542965734215,6.18796992481203,0.008708362522125803,0.017265930606182978,0.15522501751327547,0.07894736842105263,0,0.1791378467856623,0.23382686398519428,3.884940522780914,0.7568160768258657,0.0,1.0,0.0,0.2,0.0,0.2,0.0,0.08,0.06367041198501873,0.25174167250442514,0.25174167250442514
303,0.9795118650534204,0.4773274119122825,0.960583770310698,0.48057529491279044,0.26558979316785597,0.4797982197031817,0.8383458646616542,0.43113348824701947,0.4022843971746111,0.10526315789473684,0.6371428571428571,0.409756298025655,0.387247439156221,0.08571428571428572,0.09022556390977443,0.08857142857142856,0.24,12.685714285714285,0.045112781954887216,0.0,0.02989842721179835,0.13285785724209306,6.18796992481203,0.008447111646462028,0.016752316163297643,0.1550682669878772,0.07894736842105263,0,0.180183588976734,0.23265772966526832,3.8958131408967245,0.8446425124641415,0.0,0.9032258064516129,0.0,0.2,0.0,0.2,0.0,0.08,0.09022556390977443,0.2516894223292924,0.2516894223292924
304,0.9786140512730879,0.4786667187426907,0.9599014318376454,0.48175199808614383,0.26558979316785597,0.4798294916504017,0.8609022556390977,0.43113348824701947,0.4022843971746111,0.10526315789473684,0.6542857142857142,0.409756298025655,0.387247439156221,0.08571428571428572,0.08270676691729323,0.07142857142857142,0.24,12.72,0.045112781954887216,0.0,0.02992820687649771,0.13283111199930134,6.18796992481203,0.008193698297068168,0.01625385367923049,0.1549162189782409,0.07894736842105263,0,0.17985295959970748,0.23149444101694197,3.8893254495073615,0.8277496622148587,0.0,1.0,0.0,0.2,0.0,0.2,0.0,0.08,0.08270676691729323,0.25163873965941363,0.25163873965941363
305,0.9780164789696655,0.47865473111435713,0.9594472768870442,0.48217794471163045,0.26558979316785597,0.4798500281549519,0.849624060150376,0.4312086762169443,0.40234078815205476,0.10526315789473684,0.6457142857142857,0.4098134408827978,0.38729029629907813,0.08571428571428572,0.07142857142857142,0.07142857142857142,0.24,12.737142857142857,0.04887218045112782,0.0,0.029957143438213416,0.13280516911379345,6.18796992481203,0.007947887348156123,0.01577010363048381,0.15476873240889366,0.07894736842105263,0,0.17989612337313748,0.23033696881185728,3.882967511945786,0.8128615887291719,0.0,0.96,0.0,0.2,0.0,0.2,0.0,0.08,0.07142857142857142,0.25158957746963123,0.25158957746963123
306,0.9782801102863362,0.4792039417637281,0.9596476366877141,0.4828600296929322,0.26558979316785597,0.47997292654242235,0.8233082706766918,0.4312086762169443,0.40234078815205476,0.10526315789473684,0.6257142857142857,0.4098134408827978,0.38729029629907813,0.08571428571428572,0.07894736842105263,0.06285714285714286,0.24,12.768571428571429,0.04887218045112782,0.0,0.029985259274928285,0.13278000451485078,6.18796992481203,0.0077094507277114385,0.015300638801311273,0.15462567043662687,0.07894736842105263,0,0.17948164347055753,0.229185283967798,3.8681653045640125,0.7966043569545884,0.0,1.0,0.0,0.2,0.0,0.2,0.0,0.08,0.07894736842105263,0.2515418901455423,0.2515418901455423
307,0.9794065959150646,0.4793194492678953,0.9605037657655477,0.4831459525857193,0.26558979316785597,0.4801140525223695,0.8383458646616542,0.4312086762169443,0.40234078815205476,0.10526315789473684,0.6371428571428571,0.4098134408827978,0.38729029629907813,0.08571428571428572,0.07518796992481203,0.06285714285714286,0.24,12.808571428571428,0.04887218045112782,0.0,0.030012576260617044,0.1327555948538763,6.18796992481203,0.007478167205880095,0.0148450439654505,0.15448690032352805,0.07894736842105263,0,0.17912623596749044,0.228039357547959,3.8536591413298753,0.7806722698154966,0.0,1.0,0.0,0.2,0.0,0.2,0.0,0.08,0.07518796992481203,0.25149563344117604,0.25149563344117604
308,0.9779878824174816,0.4791842665531413,0.9594255435073845,0.4835001486830949,0.26558979316785597,0.48009360883466623,0.8345864661654135,0.4312086762169443,0.40234078815205476,0.10526315789473684,0.6342857142857142,0.4098134408827978,0.38729029629907813,0.08571428571428572,0.06766917293233082,0.06,0.24,12.842857142857143,0.05263157894736842,0.0,0.030039115770908054,0.13273191748273122,6.18796992481203,0.007253822189703692,0.014402915574471264,0.15435229331382222,0.07894736842105263,0,0.17874417693051012,0.2268991607602192,3.836585958503277,0.7650588244191868,0.0,1.0,0.0,0.2,0.0,0.2,0.0,0.08,0.06766917293233082,0.25145076443794073,0.25145076443794073
309,0.9793178901352617,0.4800983028244831,0.9603238676088919,0.48437370416770037,0.26558979316785597,0.480002563208895,0.8188679245283019,0.43257477223795043,0.40301755972427544,0.10566037735849057,0.62,0.4100420123113693,0.38746172487050673,0.08571428571428572,0.08679245283018867,0.08285714285714285,0.24285714285714285,12.885714285714286,0.04905660377358491,0.002857142857142857,0.030069769525375527,0.13270895043272032,6.158490566037736,0.007036207524012581,0.01397386145270807,0.15422172451440755,0.07924528301886792,0,0.17930617389942902,0.22576466495641812,3.842711382190355,0.7722003895693195,0.0,0.9310344827586207,0.0,0.2,0.0,0.2,0.0,0.08,0.09022556390977443,0.25140724150480254,0.25140724150480254
310,0.9793849366143824,0.4798880347596717,0.9602084285425667,0.48418851553278597,0.26558979316785597,0.4799456350316826,0.8257575757575758,0.43381578839835444,0.4040384867484592,0.10984848484848485,0.6228571428571429,0.41021344088279776,0.3875902962990782,0.08857142857142856,0.06439393939393939,0.06,0.24571428571428572,12.90857142857143,0.045454545454545456,0.002857142857142857,0.030143228360725145,0.1326866723942098,6.083333333333333,0.006825121298292203,0.013557500498734498,0.15409507277897533,0.07954545454545454,0,0.17966621517278902,0.23373231423228613,3.825857154546549,0.8681255332467198,0.0,0.9047619047619048,0.0,0.2,0.0,0.2,0.0,0.08,0.06792452830188679,0.25136502425965845,0.25136502425965845
311,0.9791608657069771,0.4805081527809832,0.9600394150581236,0.48421599740095905,0.26558979316785597,0.4799645452450083,0.8333333333333334,0.43381578839835444,0.4040384867484592,0.10984848484848485,0.6285714285714286,0.41021344088279776,0.3875902962990782,0.08857142857142856,0.05303030303030303,0.04857142857142857,0.24571428571428572,12.934285714285714,0.045454545454545456,0.0,0.03022280300058584,0.13266506269685463,6.083333333333333,0.006620367659343437,0.013153462393335258,0.15397222059560606,0.07954545454545454,0,0.17925302695406792,0.2325636526611247,3.797911440027045,0.8507630225817854,0.0,1.0,0.0,0.2,0.0,0.2,0.0,0.08,0.05303030303030303,0.2513240735318687,0.2513240735318687
312,0.9803199264890402,0.4806196246678502,0.9609136780480227,0.48428608776328896,0.26558979316785597,0.4799486975606745,0.8598484848484849,0.4339673035498696,0.40415212311209553,0.10984848484848485,0.6485714285714286,0.41032772659708355,0.38767601058479245,0.08857142857142856,0.08712121212121213,0.07428571428571429,0.24571428571428572,12.968571428571428,0.045454545454545456,0.0,0.030246589709426806,0.1326441012904201,6.083333333333333,0.006421756629563133,0.012761387313916961,0.15385305397773788,0.07954545454545454,0,0.17955377251217258,0.23140083439781906,3.7962389255122186,0.8337477621301497,0.0,0.9615384615384616,0.0,0.2,0.0,0.2,0.0,0.08,0.08712121212121213,0.25128435132591265,0.25128435132591265
313,0.9808087803571643,0.479927065415061,0.9612824135371221,0.48326356367097284,0.26558979316785597,0.4801349058002836,0.8560606060606061,0.4342703338528998,0.40437939583936827,0.10984848484848485,0.6457142857142857,0.4105562980256549,0.38784743915622105,0.08857142857142856,0.11363636363636363,0.09428571428571429,0.24571428571428572,13.0,0.045454545454545456,0.0,0.030269694120614803,0.13262376872617865,6.083333333333333,0.006229103930676239,0.012380925655299913,0.15373746235840574,0.07954545454545454,0,0.180112149360326,0.23513983393178,3.814599861287688,0.8806948604708553,0.0,0.9393939393939394,0.0,0.2,0.0,0.2,0.0,0.08,0.11363636363636363,0.2512458207861352,0.2512458207861352
314,0.9804237413374973,0.4796910367486861,0.9608565604801323,0.48297502746344767,0.26558979316785597,0.48023935064737033,0.8212927756653993,0.43412916864138423,0.4040687752084889,0.11026615969581749,0.6171428571428571,0.4106705837399407,0.38793315344193535,0.08857142857142856,0.07224334600760456,0.06285714285714286,0.24857142857142858,13.028571428571428,0.04182509505703422,0.002857142857142857,0.030335607018792756,0.13260404613886442,6.0456273764258555,0.006042230812755952,0.012011737756823071,0.15362533848765356,0.07984790874524715,0,0.17998301718495294,0.2350840612674121,3.801165006919078,0.9053009523837666,0.0,0.9545454545454546,0.0,0.2,0.0,0.2,0.0,0.08,0.07575757575757576,0.25120844616255117,0.25120844616255117
315,0.9789930058470605,0.47935920027904577,0.9597814649544614,0.4830899712190734,0.26558979316785597,0.4804210553998785,0.8403041825095057,0.43420521426876074,0.4041258094290212,0.11026615969581749,0.6314285714285715,0.4107277265970835,0.3879760105847925,0.08857142857142856,0.08365019011406843,0.06857142857142857,0.24857142857142858,13.051428571428572,0.04182509505703422,0.0,0.030360299285694836,0.1325849152291696,6.0456273764258555,0.005860963888373273,0.011653493635690682,0.15351657833302396,0.07984790874524715,0,0.1801955342383139,0.23390864096107505,3.7937131353521245,0.9035503150264207,0.0,0.9583333333333334,0.0,0.2,0.0,0.2,0.0,0.08,0.08365019011406843,0.25117219277767466,0.25117219277767466
316,0.9795862547169756,0.47894120658028266,0.9602272491052833,0.4831567435120925,0.26558979316785597,0.48036653321781114,0.8365019011406845,0.43443335115089,0.40429691209061813,0.11026615969581749,0.6285714285714286,0.4108991551685121,0.3881045820133639,0.08857142857142856,0.09125475285171103,0.07714285714285714,0.24857142857142858,13.088571428571429,0.04182509505703422,0.0,0.030381523388415776,0.13256635824676558,6.0456273764258555,0.005685134971722075,0.011305872726485089,0.15341108098303324,0.07984790874524715,0,0.1806939858528366,0.24454792433845574,3.7949817297879394,0.9415368145401869,0.0,0.9259259259259259,0.0,0.2,0.0,0.2,0.0,0.08,0.09125475285171103,0.2511370269943444,0.2511370269943444
317,0.9804361898858862,0.4790064761463896,0.9608659146750645,0.48279364149727017,0.26558979316785597,0.4801644486408787,0.8555133079847909,0.43473753366039564,0.40452504897274744,0.11026615969581749,0.6428571428571429,0.41112772659708346,0.3882760105847925,0.08857142857142856,0.06463878326996197,0.05714285714285714,0.24857142857142858,13.12,0.04182509505703422,0.0,0.030402135435290262,0.13254835797383374,6.0456273764258555,0.005514580922570412,0.010968563626765016,0.15330874855354223,0.07984790874524715,0,0.181018659495001,0.24332518471676345,3.776224952335038,1.0012760893770976,0.0,0.9,0.0,0.2,0.0,0.2,0.0,0.08,0.06463878326996197,0.2511029161845141,0.2511029161845141
318,0.9806292911264021,0.47896258275195164,0.9610110164643665,0.48308347745617475,0.26558979316785597,0.47992909253576893,0.8479087452471483,0.43473753366039564,0.40452504897274744,0.11026615969581749,0.6371428571428571,0.41112772659708346,0.3882760105847925,0.08857142857142856,0.060836501901140684,0.054285714285714284,0.24857142857142858,13.151428571428571,0.04182509505703422,0.0,0.030422152349230083,0.13253089770908985,6.0456273764258555,0.0053491434948933,0.010641263848666926,0.15320948609693597,0.07984790874524715,0,0.18051328048324028,0.24210855879317963,3.754986167574051,0.9812505675895555,0.0,1.0,0.0,0.2,0.0,0.2,0.0,0.08,0.060836501901140684,0.25106982869897865,0.25106982869897865
319,0.9792813326564953,0.47870688913172854,0.9599981219569798,0.48308451274331576,0.26558979316785597,0.4797135139939516,0.870722433460076,0.43473753366039564,0.40452504897274744,0.11026615969581749,0.6542857142857142,0.41112772659708346,0.3882760105847925,0.08857142857142856,0.08745247148288973,0.07142857142857142,0.24857142857142858,13.197142857142858,0.04182509505703422,0.0,0.03044159062882799,0.13251396125228826,6.0456273764258555,0.005188669190046501,0.010323679576421774,0.1531132015140279,0.07984790874524715,0,0.18020900407725265,0.24089801599921376,3.7513150156511412,0.9616255562377645,0.0,1.0,0.0,0.2,0.0,0.2,0.0,0.08,0.08745247148288973,0.2510377338380093,0.2510377338380093
320,0.9791003859330994,0.47873142065371166,0.9596743724487302,0.4833080608838439,0.26558979316785597,0.47938883612655303,0.8549618320610687,0.4350066348418088,0.40347876426565676,0.11068702290076336,0.64,0.41112772659708346,0.3882760105847925,0.08857142857142856,0.0648854961832061,0.06,0.25142857142857145,13.225714285714286,0.03816793893129771,0.002857142857142857,0.030553956973052784,0.13249753288919072,5.862595419847328,0.005033009114345106,0.010015525429698746,0.15301980546860705,0.08015267175572519,0,0.17982081976758066,0.2396935259192177,3.736288715338118,0.9423930451130091,0.0,1.0,0.0,0.2,0.0,0.2,0.0,0.08,0.06844106463878327,0.25100660182286905,0.25100660182286905
321,0.9779191440200022,0.4784303281061764,0.9587901285023548,0.4832015853667284,0.26558979316785597,0.4791482021781066,0.8854961832061069,0.435159306597534,0.40359326808245066,0.11068702290076336,0.6628571428571428,0.41124201231136925,0.3883617248705067,0.08857142857142856,0.061068702290076333,0.06,0.25142857142857145,13.26,0.03816793893129771,0.0,0.021936666244101687,0.1430515320591828,5.862595419847328,0.10503300911434511,0.18946926559954713,0.21301980546860705,0.08015267175572519,0,0.17983542995445703,0.2610876429290711,3.721562941031356,0.934477575682061,0.0,0.9523809523809523,0.0,0.2,0.0,0.2,0.0,0.08,0.061068702290076333,0.271006601822869,0.271006601822869
322,0.9785342810847107,0.47812465646384433,0.9592506025336508,0.48288797148506685,0.26558979316785597,0.47885177183256233,0.8435114503816794,0.435159306597534,0.40359326808245066,0.11068702290076336,0.6314285714285715,0.41124201231136925,0.3883617248705067,0.08857142857142856,0.06870229007633588,0.06571428571428571,0.25142857142857145,13.288571428571428,0.03816793893129771,0.0,0.022119128325517743,0.14271897657187843,5.862595419847328,0.10188201884091476,0.1843451877176906,0.21112921130454884,0.08015267175572519,0,0.1793359670903991,0.25978220471442576,3.712845967925015,0.9157880241684199,0.0,1.0,0.0,0.2,0.0,0.2,0.0,0.08,0.06870229007633588,0.27037640376818295,0.27037640376818295
323,0.9776223250166352,0.47906398987582244,0.9585679382769771,0.4838071203936097,0.26558979316785597,0.4783057485784929,0.8549618320610687,0.4353119783532592,0.40370777189924456,0.11068702290076336,0.64,0.41135629802565493,0.3884474391562211,0.08857142857142856,0.08396946564885496,0.07714285714285714,0.25142857142857145,13.331428571428571,0.03816793893129771,0.0,0.02230073367259919,0.14239639774919327,5.862595419847328,0.09882555827568731,0.17934388346528107,0.2092953349654124,0.08015267175572519,0,0.17952329082280422,0.27613718259322345,3.7157319057093714,0.9024651474952995,0.0,0.9629629629629629,0.0,0.2,0.0,0.2,0.0,0.08,0.08396946564885496,0.26976511165513745,0.26976511165513745
324,0.9783935136646564,0.4783837318134205,0.9591452280649244,0.48335141600675097,0.26558979316785597,0.4777943218450638,0.8129770992366412,0.4353119783532592,0.40370777189924456,0.11068702290076336,0.6085714285714285,0.41135629802565493,0.3884474391562211,0.08857142857142856,0.0648854961832061,0.06285714285714286,0.25142857142857145,13.354285714285714,0.03816793893129771,0.0,0.02248132278507594,0.14208349629118855,5.862595419847328,0.0958607915274167,0.17446332010095666,0.20751647491645,0.08015267175572519,0,0.17902553151154735,0.2747564966802573,3.704274410452326,0.8844158445453936,0.0,1.0,0.0,0.2,0.0,0.2,0.0,0.08,0.0648854961832061,0.26917215830548336,0.26917215830548336
325,0.9789131488813853,0.4787058752606843,0.959534212141447,0.4834208084830074,0.26558979316785597,0.47711802934470804,0.8587786259541985,0.4353119783532592,0.40370777189924456,0.11068702290076336,0.6428571428571429,0.41135629802565493,0.3884474391562211,0.08857142857142856,0.06870229007633588,0.054285714285714284,0.25142857142857145,13.382857142857143,0.03816793893129771,0.0,0.022660745147027674,0.14177998187692403,5.862595419847328,0.0929849677815942,0.16970144293480105,0.2057909806689565,0.08015267175572519,0,0.17847311813970387,0.27338271419685606,3.6844746365289938,0.8667275276544856,0.0,1.0,0.0,0.2,0.0,0.2,0.0,0.08,0.06870229007633588,0.26859699355631883,0.26859699355631883
326,0.9794853960948304,0.4777635034899916,0.9598906325657744,0.48272591895067196,0.26558979316785597,0.4765632420939267,0.8314176245210728,0.43636257972031783,0.4047838044853579,0.1111111111111111,0.62,0.41135629802565493,0.3884474391562211,0.08857142857142856,0.06896551724137931,0.06857142857142857,0.2542857142857143,13.417142857142856,0.034482758620689655,0.002857142857142857,0.02284775768467498,0.14148557289508745,5.831417624521073,0.09019541874814636,0.16505617971978281,0.2041172512488878,0.08045977011494253,0,0.17848669894277236,0.2720158006258718,3.679356572369843,0.8493929771013958,0.0,1.0,0.0,0.2,0.0,0.2,0.0,0.08,0.07251908396946564,0.26803908374962926,0.26803908374962926
327,0.9791535207893539,0.47746718965749085,0.9596431484094048,0.4821550852944975,0.26558979316785597,0.4761103592401727,0.842911877394636,0.43636257972031783,0.4047838044853579,0.1111111111111111,0.6285714285714286,0.41135629802565493,0.3884474391562211,0.08857142857142856,0.07279693486590039,0.06,0.2542857142857143,13.442857142857143,0.038314176245210725,0.0,0.023036981330985768,0.1411999961827059,5.831417624521073,0.08748955618570196,0.16052544478119457,0.20249373371142118,0.08045977011494253,0,0.1780792661623442,0.2706557216227424,3.6657694409224457,0.832405117559368,0.0,1.0,0.0,0.2,0.0,0.2,0.0,0.08,0.07279693486590039,0.2674979112371404,0.2674979112371404
328,0.9789984304771358,0.47803474600692103,0.9587085999114813,0.4820945491482653,0.26558979316785597,0.4755470889229935,0.8884615384615384,0.4378045155263681,0.4047048343236582,0.11153846153846154,0.66,0.41135629802565493,0.3884474391562211,0.08857142857142856,0.057692307692307696,0.054285714285714284,0.2571428571428571,13.46,0.03461538461538462,0.002857142857142857,0.02322533215046446,0.14092298677169585,5.8,0.0848648695001309,0.15610714289299887,0.20091892170007852,0.08076923076923077,0,0.17761701268867533,0.26930244301462863,3.6467397663897114,0.8157570152081806,0.0,1.0,0.0,0.2,0.0,0.2,0.0,0.08,0.06130268199233716,0.26697297390002617,0.26697297390002617
329,0.978178765098531,0.4775521061944221,0.9580997056302321,0.4818563281543427,0.26558979316785597,0.4750066889173994,0.8923076923076924,0.4378045155263681,0.4047048343236582,0.11153846153846154,0.6628571428571428,0.41135629802565493,0.3884474391562211,0.08857142857142856,0.06923076923076923,0.06571428571428571,0.2571428571428571,13.485714285714286,0.03461538461538462,0.0,0.02340912566774062,0.1406542876430161,5.8,0.08231892341512698,0.15179917291011336,0.19939135404907618,0.08076923076923077,0,0.1772709283395177,0.2679559307995555,3.6395192567762025,0.799441874904017,0.0,1.0,0.0,0.2,0.0,0.2,0.0,0.08,0.06923076923076923,0.2664637846830254,0.2664637846830254
330,0.9775497129012872,0.47739259451982174,0.9576324097122795,0.4813322547547323,0.26558979316785597,0.4745372559143016,0.8653846153846154,0.4378045155263681,0.4047048343236582,0.11153846153846154,0.6428571428571429,0.41135629802565493,0.3884474391562211,0.08857142857142856,0.046153846153846156,0.037142857142857144,0.2571428571428571,13.52,0.03461538461538462,0.0,0.02358165045486341,0.14039364948819671,5.8,0.07984935571267317,0.14759943116573326,0.19790961342760388,0.08076923076923077,0,0.17669871655496297,0.26661615114555776,3.6038717287835356,0.7834530374059366,0.0,1.0,0.0,0.2,0.0,0.2,0.0,0.08,0.046153846153846156,0.2659698711425346,0.2659698711425346
331,0.9777931300874434,0.4786432629895467,0.9578132339077097,0.48228111421756,0.26558979316785597,0.4741040553169572,0.8384615384615385,0.43795836168021424,0.40482021893904285,0.11153846153846154,0.6228571428571429,0.4114705837399406,0.3885331534419353,0.08857142857142856,0.07307692307692308,0.05714285714285714,0.2571428571428571,13.557142857142857,0.03461538461538462,0.0,0.02375227522115343,0.14014083047802187,5.8,0.07745387504129297,0.14350581464281253,0.19647232502477577,0.08076923076923077,0,0.176757365829331,0.2699566003155308,3.588937151350722,0.7840112653415725,0.0,0.95,0.0,0.2,0.0,0.2,0.0,0.08,0.07307692307692308,0.2654907750082586,0.2654907750082586
332,0.977345912298209,0.47856118067887704,0.9574810149785643,0.4819613543831528,0.26558979316785597,0.47384228084186336,0.8,0.4381122078340604,0.4049356035544275,0.11153846153846154,0.5942857142857143,0.4115848694542264,0.38861886772764964,0.08857142857142856,0.057692307692307696,0.05142857142857143,0.2571428571428571,13.585714285714285,0.03461538461538462,0.0,0.023920908988449355,0.13989559603815235,5.8,0.07513025879005418,0.13951622392880558,0.1950781552740325,0.08076923076923077,0,0.17709661385414802,0.26860681731395314,3.568586979752279,0.775912741791132,0.0,0.9444444444444444,0.0,0.2,0.0,0.2,0.0,0.08,0.057692307692307696,0.26502605175801086,0.26502605175801086
333,0.977591049077505,0.47966261439291846,0.9576631165860411,0.48272644197543757,0.26558979316785597,0.4735327471290515,0.8538461538461538,0.4381122078340604,0.4049356035544275,0.11153846153846154,0.6342857142857142,0.4115848694542264,0.38861886772764964,0.08857142857142856,0.08846153846153847,0.07428571428571429,0.2571428571428571,13.608571428571429,0.03461538461538462,0.0,0.024087468579871013,0.1396577186314789,5.8,0.07287635102635255,0.13562856596270934,0.1937258106158115,0.08076923076923077,0,0.17675355935630585,0.26726378322738337,3.5715009544429477,0.7603944869553094,0.0,1.0,0.0,0.2,0.0,0.2,0.0,0.08,0.08846153846153847,0.2645752702052705,0.2645752702052705
334,0.9775012586438288,0.47847108428967694,0.957368285356753,0.48226570930289697,0.26558979316785597,0.47318459560816295,0.8725868725868726,0.43865387219073204,0.4043085664221668,0.11196911196911197,0.6457142857142857,0.4115848694542264,0.38861886772764964,0.08857142857142856,0.06177606177606178,0.05142857142857143,0.26,13.634285714285713,0.03088803088803089,0.002857142857142857,0.02426809312490889,0.13942697754700564,5.768339768339768,0.07069006049556198,0.1318407565833598,0.19241403629733717,0.08108108108108109,0,0.17626936370238147,0.2659274643112465,3.55149950678266,0.7451865972162032,0.0,1.0,0.0,0.2,0.0,0.2,0.0,0.08,0.06538461538461539,0.2641380120991124,0.2641380120991124
335,0.9776863254778569,0.47688722305001724,0.9571763654826887,0.48167199633974234,0.26558979316785597,0.4728095442776911,0.8715953307392996,0.43760840395137246,0.40422520491532077,0.11284046692607004,0.64,0.4116991551685121,0.3887045820133639,0.08857142857142856,0.04669260700389105,0.045714285714285714,0.26571428571428574,13.657142857142857,0.023346303501945526,0.005714285714285714,0.024453737579180998,0.1392031586950666,5.719844357976654,0.06856935868069512,0.12815072288781204,0.19114161520841708,0.08171206225680934,0,0.1761877311695838,0.26459782698969025,3.5261838023612926,0.7635047841894842,0.0,0.9375,0.0,0.2,0.0,0.2,0.0,0.08,0.05405405405405406,0.263713871736139,0.263713871736139
336,0.9788047701078463,0.4768936139195818,0.9579976233967094,0.4811937857634726,0.26558979316785597,0.47236403815066885,0.867704280155642,0.43760840395137246,0.40422520491532077,0.11284046692607004,0.6371428571428571,0.4116991551685121,0.3887045820133639,0.08857142857142856,0.054474708171206226,0.04857142857142857,0.26571428571428574,13.674285714285714,0.027237354085603113,0.0,0.024637756671399332,0.1389860544086857,5.719844357976654,0.06651227792027427,0.12455640540849067,0.18990736675216455,0.08171206225680934,0,0.1759613724958966,0.26327483785474176,3.504231554885495,0.7482346885056945,0.0,1.0,0.0,0.2,0.0,0.2,0.0,0.08,0.054474708171206226,0.26330245558405485,0.26330245558405485
337,0.9795179579327931,0.4775074781690303,0.9584078001186799,0.4817746358169809,0.26558979316785597,0.4718510402676422,0.91015625,0.43871466592605524,0.40439008448047875,0.11328125,0.6657142857142857,0.41181344088279775,0.38879029629907824,0.08857142857142856,0.0703125,0.06,0.26857142857142857,13.7,0.0234375,0.002857142857142857,0.02480097068008514,0.13877546325089624,5.703125,0.06451690958266604,0.12105576011762875,0.1887101457495996,0.08203125,0,0.17602328277270285,0.26195846366546804,3.494146923787786,0.7594150402808585,0.0,0.9523809523809523,0.0,0.2,0.0,0.2,0.0,0.08,0.07003891050583658,0.26290338191653323,0.26290338191653323
338,0.9804483233374939,0.4785985563918217,0.9590882959575467,0.48246410248903415,0.26558979316785597,0.471394368657553,0.87890625,0.4388709159260552,0.40450727198047876,0.11328125,0.6428571428571429,0.41192772659708354,0.38887601058479243,0.08857142857142856,0.0859375,0.07142857142857142,0.26857142857142857,13.717142857142857,0.0234375,0.0,0.024969490136435863,0.1385711898278405,5.703125,0.06258140229518605,0.11764676026733134,0.1875488413771116,0.078125,0,0.17614202635526793,0.2606486713471407,3.495692556740601,0.8121705997674376,0.0,0.96,0.0,0.2,0.0,0.2,0.0,0.08,0.0859375,0.2625162804590372,0.2625162804590372
339,0.9802803878702033,0.4784143764878359,0.9589654631586141,0.4826674534227102,0.26558979316785597,0.47093872094417105,0.8515625,0.43902716592605523,0.40462445948047876,0.11328125,0.6228571428571429,0.4120420123113692,0.3889617248705068,0.08857142857142856,0.0625,0.06285714285714286,0.26857142857142857,13.745714285714286,0.0234375,0.0,0.025123461544365254,0.1383730446074764,5.703125,0.06070396022633047,0.11432739807339232,0.18642237613579826,0.078125,0,0.17614645979492013,0.259345427990405,3.488635848462931,0.8693998343413086,0.0,0.9545454545454546,0.0,0.2,0.0,0.2,0.0,0.08,0.0625,0.2621407920452661,0.2621407920452661
340,0.9791756001470788,0.478393210286101,0.9581573898525575,0.48295558847725073,0.26558979316785597,0.47050111295499825,0.86328125,0.43902716592605523,0.40462445948047876,0.11328125,0.6314285714285715,0.4120420123113692,0.3889617248705068,0.08857142857142856,0.06640625,0.054285714285714284,0.26857142857142857,13.782857142857143,0.0234375,0.0,0.02527494912773206,0.13818084374372314,5.703125,0.05888284141954055,0.11109568625078814,0.18532970485172434,0.078125,0,0.17563687035308842,0.25804870085045295,3.473148845779387,0.8520118376544824,0.0,1.0,0.0,0.2,0.0,0.2,0.0,0.08,0.06640625,0.2617765682839081,0.2617765682839081
341,0.9805705680591068,0.4767464994997076,0.9591777092396406,0.4817288744829799,0.26558979316785597,0.47002083242288956,0.85546875,0.43902716592605523,0.40462445948047876,0.11328125,0.6257142857142857,0.4120420123113692,0.3889617248705068,0.08857142857142856,0.0625,0.05714285714285714,0.26857142857142857,13.822857142857142,0.0234375,0.0,0.02542392242877503,0.13799440890588263,5.703125,0.05711635617695433,0.10794965940854029,0.1842698137061726,0.078125,0,0.17530068671560867,0.2567584573462007,3.4608287260066564,0.8349716009013928,0.0,1.0,0.0,0.2,0.0,0.2,0.0,0.08,0.0625,0.2614232712353909,0.2614232712353909
342,0.9802243958122947,0.47715831054591606,0.9589245089676869,0.48172807462005834,0.26558979316785597,0.46929190288339484,0.86328125,0.43902716592605523,0.40462445948047876,0.11328125,0.6314285714285715,0.4120420123113692,0.3889617248705068,0.08857142857142856,0.05078125,0.04,0.26857142857142857,13.857142857142858,0.0234375,0.0,0.025570356343384004,0.13781356711317724,5.703125,0.0554028654916457,0.10488737531141057,0.18324171929498742,0.078125,0,0.17473804113917346,0.25547466505946964,3.431612151486523,0.818272168883365,0.0,1.0,0.0,0.2,0.0,0.2,0.0,0.08,0.05078125,0.26108057309832916,0.26108057309832916
343,0.9789492155825094,0.4771805614184662,0.9579918057139009,0.48198684098807265,0.26558979316785597,0.46862231584976394,0.890625,0.43918341592605525,0.40474164698047876,0.11328125,0.6514285714285715,0.41215629802565495,0.38904743915622103,0.08857142857142856,0.05078125,0.04285714285714286,0.26857142857142857,13.862857142857143,0.0234375,0.0,0.02571423084057612,0.13763815057425302,5.703125,0.05374077952689633,0.10190691601565216,0.18224446771613778,0.078125,0,0.17460692236204906,0.2541972917341723,3.4058370513139353,0.8019067255056976,0.0,0.9333333333333333,0.0,0.2,0.0,0.2,0.0,0.08,0.05078125,0.26074815590537925,0.26074815590537925
344,0.9807314156981345,0.4765523026941391,0.9592953577984726,0.4814606969851078,0.26558979316785597,0.467900674371745,0.87109375,0.43918341592605525,0.40474164698047876,0.11328125,0.6371428571428571,0.41215629802565495,0.38904743915622103,0.08857142857142856,0.05078125,0.054285714285714284,0.26857142857142857,13.885714285714286,0.0234375,0.0,0.02585553068651507,0.1374679965314966,5.703125,0.05212855614108944,0.0990063888857986,0.18127713368465365,0.078125,0,0.17452933555034583,0.2529263052755015,3.3920060245733707,0.7858685909955837,0.0,1.0,0.0,0.2,0.0,0.2,0.0,0.08,0.05078125,0.2604257112282179,0.2604257112282179
345,0.9805973838225215,0.4745840219023453,0.9591973230551671,0.47967457801514596,0.26558979316785597,0.46710025569917835,0.8515625,0.4393396659260552,0.40485883448047877,0.11328125,0.6228571428571429,0.4122705837399407,0.38913315344193533,0.08857142857142856,0.0859375,0.06857142857142857,0.26857142857142857,13.902857142857142,0.0234375,0.0,0.025994245173934526,0.13730294711002283,5.703125,0.05056469945685675,0.09618392749922455,0.18033881967411405,0.078125,0,0.17505540601187983,0.26790145498315815,3.3927373326533323,0.8134302139729566,0.0,0.9166666666666666,0.0,0.2,0.0,0.2,0.0,0.08,0.0859375,0.26011293989137135,0.26011293989137135
346,0.9815624869829244,0.4735627737566126,0.9599032270810618,0.4788499819775411,0.26558979316785597,0.4662231319755376,0.85546875,0.4393396659260552,0.4049760219804788,0.11328125,0.6257142857142857,0.4122705837399407,0.3892188677276496,0.08857142857142856,0.04296875,0.04285714285714286,0.26857142857142857,13.93142857142857,0.0234375,0.0,0.02613036785769879,0.1371428491711932,5.703125,0.04904775847315105,0.09343769244496569,0.1794286550838906,0.078125,0,0.17500812969610616,0.2665619477082423,3.3677397288574085,0.8030161973942099,0.0,0.9333333333333333,0.0,0.2,0.0,0.2,0.0,0.08,0.04296875,0.2598095516946302,0.2598095516946302
347,0.9814118878042268,0.4726806620665924,0.9597930745389285,0.47807775146950876,0.26558979316785597,0.4652718121678288,0.8828125,0.4393396659260552,0.4049760219804788,0.11328125,0.6457142857142857,0.4122705837399407,0.3892188677276496,0.08857142857142856,0.0625,0.05142857142857143,0.26857142857142857,13.954285714285714,0.0234375,0.0,0.026263896297115917,0.13698755417052855,5.703125,0.047576325718956515,0.09076587202303954,0.1785457954313739,0.078125,0,0.17464637547619705,0.2652291379697011,3.3518135057088316,0.7869558734463258,0.0,1.0,0.0,0.2,0.0,0.2,0.0,0.08,0.0625,0.2595152651437913,0.2595152651437913
348,0.9823655857980249,0.4726921539271133,0.9604906365001067,0.4786930788010781,0.26558979316785597,0.46438156935625274,0.86328125,0.4393396659260552,0.4049760219804788,0.11328125,0.6314285714285715,0.4122705837399407,0.3892188677276496,0.08857142857142856,0.07421875,0.06,0.26857142857142857,13.974285714285715,0.0234375,0.0,0.026394831805511602,0.13683691801988382,5.703125,0.04614903594738782,0.08816668285025797,0.17768942156843268,0.078125,0,0.1742577178809589,0.2639029922798526,3.344777235594655,0.7712167559773992,0.0,1.0,0.0,0.2,0.0,0.2,0.0,0.08,0.07421875,0.2592298071894776,0.2592298071894776
349,0.9819148247035754,0.4739469269078055,0.9601609369567379,0.47968891557211074,0.26558979316785597,0.46368208206235356,0.86328125,0.43957404092605523,0.4051518032304787,0.11328125,0.6314285714285715,0.4124420123113693,0.38934743915622105,0.08857142857142856,0.078125,0.06571428571428571,0.26857142857142857,14.0,0.0234375,0.0,0.026523179207474552,0.1366908009537584,5.703125,0.044764564868966183,0.08563837037828248,0.1768587389213797,0.078125,0,0.17478557286298269,0.26258347731845333,3.3435959765970478,0.8237179833305185,0.0,0.9130434782608695,0.0,0.2,0.0,0.2,0.0,0.08,0.078125,0.25895291297379325,0.25895291297379325
350,0.982197088248326,0.4741849869243668,0.9603673925780413,0.4800667117243302,0.26558979316785597,0.46303194755101046,0.85546875,0.43965216592605527,0.4052103969804788,0.11328125,0.6257142857142857,0.4124991551685121,0.3893902962990782,0.08857142857142856,0.0703125,0.06285714285714286,0.26857142857142857,14.022857142857143,0.0234375,0.0,0.026648946604096273,0.13654906739961678,5.703125,0.043421627922897194,0.08317920932942868,0.17605297675373832,0.078125,0,0.17471150214152492,0.2813326444984348,3.3395811999222498,0.8120744330724526,0.0,0.9545454545454546,0.0,0.2,0.0,0.2,0.0,0.08,0.0703125,0.25868432558457943,0.25868432558457943
351,0.981947910430905,0.4729053550239246,0.9601851368030132,0.47922369055174346,0.26558979316785597,0.46242126970865477,0.8515625,0.43965216592605527,0.4052103969804788,0.11328125,0.6228571428571429,0.4124991551685121,0.3893902962990782,0.08857142857142856,0.05078125,0.04285714285714286,0.26857142857142857,14.045714285714286,0.02734375,0.0,0.026772145146448878,0.13641158585209937,5.703125,0.04211897908521028,0.08078750405548829,0.17527138745112616,0.078125,0,0.1742365231844066,0.27992598127594265,3.3156467187809473,0.7958329444110036,0.0,1.0,0.0,0.2,0.0,0.2,0.0,0.08,0.05078125,0.25842379581704206,0.25842379581704206
352,0.9819935713341571,0.4733640311956361,0.9601629536824965,0.4796575336325868,0.26558979316785597,0.4616159913621745,0.8666666666666667,0.43973517067256834,0.4057845397127642,0.11372549019607843,0.6314285714285715,0.4124991551685121,0.3893902962990782,0.08857142857142856,0.047058823529411764,0.04285714285714286,0.2714285714285714,14.065714285714286,0.023529411764705882,0.002857142857142857,0.02690783972437368,0.13627822875100756,5.662745098039216,0.040855409712653966,0.07846158882460419,0.17451324582759237,0.0784313725490196,0,0.17365091199705596,0.27852635136956294,3.2921909272624714,0.7799162855227835,0.0,1.0,0.0,0.2,0.0,0.2,0.0,0.08,0.046875,0.2581710819425308,0.2581710819425308
353,0.9815506209350324,0.4751148659333396,0.9598402326774197,0.4808430537060032,0.26558979316785597,0.46092717538554134,0.8823529411764706,0.43981360204511744,0.4058433632421759,0.11372549019607843,0.6428571428571429,0.41255629802565497,0.38943315344193535,0.08857142857142856,0.054901960784313725,0.045714285714285714,0.2714285714285714,14.094285714285714,0.023529411764705882,0.0,0.027042876033529624,0.1361488723629484,5.662745098039216,0.03962974742127435,0.07619982804100356,0.17377784845276462,0.0784313725490196,0,0.17383652741208855,0.2835580640133521,3.2720613944315073,0.7643179598123278,0.0,0.9375,0.0,0.2,0.0,0.2,0.0,0.08,0.054901960784313725,0.25792594948425485,0.25792594948425485
354,0.9791802797679989,0.47493525368889355,0.9581132698271524,0.48026836639414755,0.26558979316785597,0.4605078001276532,0.8588235294117647,0.43981360204511744,0.4058433632421759,0.11372549019607843,0.6257142857142857,0.41255629802565497,0.38943315344193535,0.08857142857142856,0.06274509803921569,0.05142857142857143,0.2714285714285714,14.117142857142857,0.027450980392156862,0.0,0.027158750884543042,0.13602339666653102,5.662745098039216,0.038440854998636115,0.07400061640217215,0.17306451299918166,0.0784313725490196,0,0.1735930697536174,0.2821402736932853,3.2580487379714484,0.7490316006160812,0.0,1.0,0.0,0.2,0.0,0.2,0.0,0.08,0.06274509803921569,0.25768817099972724,0.25768817099972724
355,0.9805403672752318,0.4754497877339225,0.9591041907252793,0.4806740896705966,0.26558979316785597,0.4602280238735889,0.8549019607843137,0.4398920334176664,0.4059021867715877,0.11372549019607843,0.6228571428571429,0.4126134408827979,0.3894760105847925,0.08857142857142856,0.07058823529411765,0.06285714285714286,0.2714285714285714,14.134285714285713,0.027450980392156862,0.0,0.027272120940913653,0.13590168524100624,5.662745098039216,0.03728762934867703,0.07186237899783066,0.1723725776092062,0.0784313725490196,0,0.17380854081558142,0.2807295723248189,3.2557449060691623,0.7385374406237362,0.0,0.9545454545454546,0.0,0.2,0.0,0.2,0.0,0.08,0.07058823529411765,0.2574575258697354,0.2574575258697354
356,0.97978721874269,0.4759919550204747,0.9585554682229989,0.48098237984238185,0.26558979316785597,0.4599847726501535,0.8705882352941177,0.4398920334176664,0.4059021867715877,0.11372549019607843,0.6342857142857142,0.4126134408827979,0.3894760105847925,0.08857142857142856,0.050980392156862744,0.04285714285714286,0.2714285714285714,14.154285714285715,0.027450980392156862,0.0,0.02738300960248022,0.13578362515824716,5.662745098039216,0.036169000468216715,0.06978357135486657,0.17170140028093003,0.0784313725490196,0,0.1733106409686464,0.2793259244631948,3.2334871508049217,0.7237666918112614,0.0,1.0,0.0,0.2,0.0,0.2,0.0,0.08,0.050980392156862744,0.25723380009364333,0.25723380009364333
357,0.9803705261988636,0.4747675286278015,0.9589804493696396,0.48062433274048333,0.26558979316785597,0.45988643307804694,0.8705882352941177,0.44004889616276444,0.40601983383041124,0.11372549019607843,0.6342857142857142,0.41272772659708357,0.3895617248705068,0.08857142857142856,0.08235294117647059,0.06285714285714286,0.2714285714285714,14.18,0.027450980392156862,0.0,0.027491442141260928,0.1356691068779709,5.662745098039216,0.035083930454170215,0.06776267943216419,0.17105035827250212,0.0784313725490196,0,0.1733576599066603,0.2779292948408788,3.2316745506459665,0.721652723937093,0.0,0.9545454545454546,0.0,0.2,0.0,0.2,0.0,0.08,0.08235294117647059,0.25701678609083406,0.25701678609083406
358,0.9799121712334012,0.4742966930341215,0.9586465050376599,0.4805538593219663,0.26558979316785597,0.4596767833223216,0.8470588235294118,0.44044105302550957,0.40631395147747007,0.11372549019607843,0.6171428571428571,0.41301344088279784,0.38977601058479244,0.08857142857142856,0.0784313725490196,0.06857142857142857,0.2714285714285714,14.208571428571428,0.027450980392156862,0.0,0.02759744553396779,0.13555802414610288,5.662745098039216,0.034031412540545106,0.06579821956907816,0.17041884752432707,0.0784313725490196,0,0.17423315803569844,0.29223518083048244,3.2356124882044757,0.932620583869728,0.0,0.875,0.0,0.2,0.0,0.2,0.0,0.08,0.0784313725490196,0.256806282508109,0.256806282508109
359,0.9776467718332764,0.4733407184331802,0.9569959997604259,0.48040240759941566,0.26558979316785597,0.45950360142316526,0.8627450980392157,0.4405979157706076,0.40643159853629357,0.11372549019607843,0.6285714285714286,0.4131277265970835,0.38986172487050663,0.08857142857142856,0.06274509803921569,0.06571428571428571,0.2714285714285714,14.237142857142857,0.027450980392156862,0.0,0.027701048302747912,0.13545027389619088,5.662745098039216,0.03301047016432875,0.06388873839110187,0.16980628209859724,0.0784313725490196,0,0.17430385224194855,0.2924092975697912,3.236614524154672,0.9623600000000003,0.0,0.9565217391304348,0.0,0.2,0.0,0.2,0.0,0.08,0.06274509803921569,0.25660209403286577,0.25660209403286577
360,0.9777948569993544,0.4716004026748027,0.9571038903814256,0.479288538529924,0.26558979316785597,0.45923461279519656,0.8901960784313725,0.4406763471431566,0.4064904220657053,0.11372549019607843,0.6485714285714286,0.41318486945422633,0.3899045820133638,0.08857142857142856,0.06666666666666667,0.05714285714285714,0.2714285714285714,14.257142857142858,0.027450980392156862,0.0,0.027802280363986413,0.13534575615377628,5.662745098039216,0.03202015605939889,0.062032812676094284,0.16921209363563933,0.0784313725490196,0,0.17423190512359593,0.29304558081447674,3.229025090814435,0.961424665109525,0.0,0.95,0.0,0.2,0.0,0.2,0.0,0.08,0.06666666666666667,0.25640403121187977,0.25640403121187977
361,0.9777227030972774,0.47127101701250224,0.9570513211099125,0.47901532445690415,0.26558979316785597,0.45893547206575114,0.8784313725490196,0.4406763471431566,0.4064904220657053,0.11372549019607843,0.64,0.41318486945422633,0.3899045820133638,0.08857142857142856,0.047058823529411764,0.04285714285714286,0.2714285714285714,14.28,0.027450980392156862,0.0,0.027901172884984747,0.13524437394363403,5.662745098039216,0.03105955137761692,0.060229049184251204,0.16863573082657016,0.0784313725490196,0,0.17378846059797798,0.29158035291040435,3.207301731855289,0.9421961718073345,0.0,1.0,0.0,0.2,0.0,0.2,0.0,0.08,0.047058823529411764,0.25621191027552337,0.25621191027552337
362,0.9785628686443695,0.47099079317248466,0.9576634417227939,0.4791335476390316,0.26558979316785597,0.45846594462093476,0.8784313725490196,0.4406763471431566,0.4064904220657053,0.11372549019607843,0.64,0.41318486945422633,0.3899045820133638,0.08857142857142856,0.058823529411764705,0.045714285714285714,0.2714285714285714,14.311428571428571,0.027450980392156862,0.0,0.027997758148312103,0.1351460331997962,5.662745098039216,0.030127764836288415,0.05847608445482888,0.16807665890177304,0.0784313725490196,0,0.17348725817036242,0.29012245114585233,3.188869982932469,0.9233522483711878,0.0,1.0,0.0,0.2,0.0,0.2,0.0,0.08,0.058823529411764705,0.2560255529672577,0.2560255529672577
363,0.9786623732062952,0.47061888906813654,0.9577389525824346,0.47903770568224363,0.26558979316785597,0.4580521922631385,0.8661417322834646,0.44177918016721196,0.4070991083392999,0.1141732283464567,0.6285714285714286,0.4132420123113692,0.389947439156221,0.08857142857142856,0.06299212598425197,0.05142857142857143,0.2742857142857143,14.34,0.027559055118110236,0.002857142857142857,0.028136323646672252,0.13505064267827338,5.543307086614173,0.02922393189119976,0.05677258457246703,0.16753435913471984,0.07874015748031496,0,0.17344753759379633,0.28867183889012304,3.176521154702391,0.9148875088413607,0.0,0.9444444444444444,0.0,0.2,0.0,0.2,0.0,0.08,0.06666666666666667,0.25584478637823993,0.25584478637823993
364,0.9785690059035711,0.47005345447926367,0.9576711945970292,0.47850943977637256,0.26558979316785597,0.45757267849160405,0.8464566929133859,0.44177918016721196,0.4070991083392999,0.1141732283464567,0.6142857142857143,0.4132420123113692,0.389947439156221,0.08857142857142856,0.06692913385826772,0.06,0.2742857142857143,14.365714285714287,0.027559055118110236,0.0,0.02828125899251265,0.13495811387239634,5.543307086614173,0.028347213934463766,0.05511724490579173,0.16700832836067825,0.07874015748031496,0,0.17320701847368447,0.28722847969567245,3.172990731608343,0.8965897586645335,0.0,1.0,0.0,0.2,0.0,0.2,0.0,0.08,0.06692913385826772,0.25566944278689274,0.25566944278689274
365,0.9793810703196795,0.4687578641294174,0.9581120981210312,0.4777164844081374,0.26558979316785597,0.4571570256893256,0.8379446640316206,0.4424347089048598,0.40853108091338686,0.11462450592885376,0.6057142857142858,0.4132420123113692,0.389947439156221,0.08857142857142856,0.06719367588932806,0.05714285714285714,0.27714285714285714,14.405714285714286,0.023715415019762844,0.002857142857142857,0.02837663596797695,0.13486836093069554,5.541501976284585,0.027496797516429854,0.053508789820830516,0.1664980785098579,0.07905138339920949,0,0.17276912695274466,0.28579233729719405,3.166673774119034,0.8786579634912429,0.0,1.0,0.0,0.2,0.0,0.2,0.0,0.08,0.07086614173228346,0.25549935950328595,0.25549935950328595
366,0.9807141479733033,0.46861013515290306,0.9590757228249361,0.4771155916982025,0.26558979316785597,0.45676041022452624,0.8774703557312253,0.4424347089048598,0.40853108091338686,0.11462450592885376,0.6342857142857142,0.4132420123113692,0.389947439156221,0.08857142857142856,0.05928853754940711,0.04857142857142857,0.27714285714285714,14.43142857142857,0.023715415019762844,0.0,0.028469015172583254,0.13478130057724577,5.541501976284585,0.026671893590936958,0.05194597237162091,0.16600313615456216,0.07905138339920949,0,0.1723608598715702,0.28436337561070807,3.1519117272080814,0.861084804221418,0.0,1.0,0.0,0.2,0.0,0.2,0.0,0.08,0.05928853754940711,0.25533437871818737,0.25533437871818737
367,0.9790817536836337,0.46824495250762765,0.9579282091373664,0.4771425454810426,0.26558979316785597,0.4563785553032136,0.8293650793650794,0.4416581368171351,0.4083908581973806,0.11507936507936507,0.5971428571428572,0.4132991551685121,0.3899902962990781,0.08857142857142856,0.05952380952380952,0.05714285714285714,0.28,14.448571428571428,0.01984126984126984,0.002857142857142857,0.028550372119427663,0.13469685203439952,5.5476190476190474,0.025871736783208848,0.050427573970253325,0.1655230420699253,0.07936507936507936,0,0.1725533562330337,0.29802358208399,3.1460163498067764,0.8615953424656437,0.0,0.95,0.0,0.2,0.0,0.2,0.0,0.08,0.06324110671936758,0.2551743473566418,0.2551743473566418
368,0.9784271001679957,0.4679884452169653,0.9574568586061072,0.47706205214232006,0.26558979316785597,0.45584067540315476,0.8531746031746031,0.4416581368171351,0.4083908581973806,0.11507936507936507,0.6142857142857143,0.4132991551685121,0.3899902962990781,0.08857142857142856,0.047619047619047616,0.04857142857142857,0.28,14.457142857142857,0.01984126984126984,0.0,0.028634429690191636,0.1346149369478387,5.5476190476190474,0.025095584679712582,0.048952404038457686,0.16505735080782755,0.07936507936507936,0,0.17206187516615426,0.29653346417357,3.13166745138207,0.8443634356163309,0.0,1.0,0.0,0.2,0.0,0.2,0.0,0.08,0.047619047619047616,0.25501911693594254,0.25501911693594254
369,0.9797299955344363,0.4676777994407623,0.9583949432699445,0.47720789545178344,0.26558979316785597,0.455471566558586,0.8690476190476191,0.4416581368171351,0.4083908581973806,0.11507936507936507,0.6257142857142857,0.4132991551685121,0.3899902962990781,0.08857142857142856,0.05952380952380952,0.05142857142857143,0.28,14.482857142857142,0.027777777777777776,0.0,0.028716411981148864,0.13453547931387466,5.5476190476190474,0.024342717139321204,0.04751929964270851,0.1646056302835927,0.07936507936507936,0,0.17162956650460914,0.2950507968527022,3.120462673783,0.8274761669040043,0.0,1.0,0.0,0.2,0.0,0.2,0.0,0.08,0.05952380952380952,0.25486854342786425,0.25486854342786425
370,0.9788478782269925,0.467565810436879,0.9577598188085849,0.476809374579937,0.26558979316785597,0.4551236245200691,0.8571428571428571,0.4419755971345955,0.4086289534354758,0.11507936507936507,0.6171428571428571,0.4135277265970835,0.3901617248705067,0.08857142857142856,0.05952380952380952,0.05142857142857143,0.28,14.5,0.031746031746031744,0.0,0.028796356482102284,0.13445840540892948,5.5476190476190474,0.023612435625141568,0.04612712511470596,0.16416746137508492,0.07936507936507936,0,0.17197099081494327,0.2983884083839761,3.109481991735911,0.9030908468119775,0.0,0.8888888888888888,0.0,0.2,0.0,0.2,0.0,0.08,0.05952380952380952,0.2547224871250283,0.2547224871250283
371,0.9802001660174077,0.46623343237568543,0.9579760978858431,0.4758860658493318,0.26558979316785597,0.45471774610990323,0.8685258964143426,0.4418731859289191,0.4097122166153881,0.11553784860557768,0.6228571428571429,0.41364201231136916,0.390247439156221,0.08857142857142856,0.07171314741035857,0.06857142857142857,0.28285714285714286,14.522857142857143,0.027888446215139442,0.002857142857142857,0.028881980638371885,0.13438364372113273,5.53784860557769,0.02290406255638732,0.04477477165897081,0.16374243753383239,0.0796812749003984,0,0.17210857866454704,0.29689646634205624,3.1158637804726217,0.9098900080234484,0.0,0.9583333333333334,0.0,0.2,0.0,0.2,0.0,0.08,0.07142857142857142,0.25458081251127745,0.25458081251127745
372,0.9806031441740294,0.4648870978067742,0.9582650907924491,0.4749377247788285,0.26558979316785597,0.454249360145716,0.8605577689243028,0.44203254847872,0.40983173852773863,0.11553784860557768,0.6171428571428571,0.41375629802565494,0.39033315344193525,0.08857142857142856,0.05976095617529881,0.054285714285714284,0.28285714285714286,14.54,0.027888446215139442,0.0,0.0289579980072278,0.1343111248839699,5.53784860557769,0.0222169406796957,0.043461156949179625,0.16333016440781742,0.0796812749003984,0,0.1721041814819386,0.29541198401034596,3.107832219148883,0.9204064584159004,0.0,0.9473684210526315,0.0,0.2,0.0,0.2,0.0,0.08,0.05976095617529881,0.25444338813593914,0.25444338813593914
373,0.9806476726647944,0.46386310327783015,0.9582970240815405,0.474581112610275,0.26558979316785597,0.4537607210375912,0.8645418326693227,0.44203254847872,0.40983173852773863,0.11553784860557768,0.62,0.41375629802565494,0.39033315344193525,0.08857142857142856,0.06374501992031872,0.054285714285714284,0.28285714285714286,14.554285714285715,0.027888446215139442,0.0,0.02903209001523677,0.1342407816119219,5.53784860557769,0.021550432459304828,0.042185224714760716,0.1629302594755829,0.0796812749003984,0,0.1715862320031003,0.29393492409029426,3.0999612890516204,0.9019983292475824,0.0,1.0,0.0,0.2,0.0,0.2,0.0,0.08,0.06374501992031872,0.254310086491861,0.254310086491861
374,0.9808716922950763,0.46333659663171517,0.9584576781592569,0.4738358902180229,0.26558979316785597,0.45327651164543425,0.8844621513944223,0.44203254847872,0.40983173852773863,0.11553784860557768,0.6342857142857142,0.41375629802565494,0.39033315344193525,0.08857142857142856,0.05179282868525897,0.045714285714285714,0.28285714285714286,14.58,0.027888446215139442,0.0,0.02910429455931774,0.13417254863803532,5.53784860557769,0.020903919485525682,0.040945944319172756,0.1625423516913154,0.0796812749003984,0,0.1712694472680848,0.29246524946984276,3.0836763489848735,0.8839583626626308,0.0,1.0,0.0,0.2,0.0,0.2,0.0,0.08,0.05179282868525897,0.25418078389710513,0.25418078389710513
375,0.9799727391006844,0.46311237135259226,0.9578130002969931,0.4738667391405743,0.26558979316785597,0.45267968213456766,0.8764940239043825,0.44203254847872,0.40983173852773863,0.11553784860557768,0.6285714285714286,0.41375629802565494,0.39033315344193525,0.08857142857142856,0.06374501992031872,0.05142857142857143,0.28285714285714286,14.597142857142858,0.027888446215139442,0.0,0.02917464947601138,0.13410636265336537,5.53784860557769,0.02027680190095991,0.03974231033118736,0.16216608114057593,0.0796812749003984,0,0.17078424288888724,0.2910029232224935,3.073431393433747,0.8662791954093781,0.0,1.0,0.0,0.2,0.0,0.2,0.0,0.08,0.06374501992031872,0.254055360380192,0.254055360380192
376,0.9804793225456524,0.46121361442613024,0.9580362326575943,0.4720783400285054,0.26558979316785597,0.45219634017785604,0.888,0.44205050925465184,0.41133361091762805,0.116,0.6342857142857142,0.4138705837399406,0.39041886772764955,0.08857142857142856,0.048,0.04857142857142857,0.2857142857142857,14.62,0.024,0.002857142857142857,0.029250406662840553,0.1340421622482355,5.512,0.019668497843931113,0.03857334209041252,0.16180109870635867,0.08,0,0.17075803738872855,0.289547908606381,3.0605341941365007,0.9309845589379466,0.0,0.9411764705882353,0.0,0.2,0.0,0.2,0.0,0.08,0.05179282868525897,0.2539336995687862,0.2539336995687862
377,0.9810454202903236,0.46201613598369407,0.9584405881895025,0.4732701599957584,0.26558979316785597,0.4517279756511908,0.884,0.4421305092546518,0.41139361091762805,0.116,0.6314285714285715,0.41392772659708355,0.39046172487050673,0.08857142857142856,0.056,0.04857142857142857,0.2857142857142857,14.634285714285713,0.024,0.0,0.02933728069629223,0.13397988785525955,5.512,0.01907844290861318,0.03743808326820253,0.1614470657451679,0.08,0,0.17073210505892777,0.2881001690633491,3.0478949388251997,0.9162814756743602,0.0,0.9411764705882353,0.0,0.2,0.0,0.2,0.0,0.08,0.056,0.25381568858172265,0.25381568858172265
378,0.9806070389737573,0.46245248147423057,0.9581274586776694,0.4734094353425514,0.26558979316785597,0.45134960217021985,0.848,0.4421305092546518,0.41139361091762805,0.116,0.6057142857142858,0.41392772659708355,0.39046172487050673,0.08857142857142856,0.048,0.04,0.2857142857142857,14.651428571428571,0.024,0.0,0.029402425341810215,0.13391948169407294,5.512,0.018506089621354783,0.03633560142501968,0.16110365377281285,0.08,0,0.17019215953363312,0.28665966821803235,3.0269370400486957,0.8979558461608731,0.0,1.0,0.0,0.2,0.0,0.2,0.0,0.08,0.048,0.25370121792427097,0.25370121792427097
379,0.9806481131087196,0.46318458458649214,0.9581567973454996,0.4742061789521905,0.26558979316785597,0.4510059882772577,0.86,0.44229050925465185,0.41151361091762806,0.116,0.6142857142857143,0.4140420123113692,0.390547439156221,0.08857142857142856,0.056,0.054285714285714284,0.2857142857142857,14.67142857142857,0.024,0.0,0.029465867025480628,0.1338608877177218,5.512,0.01795090693271414,0.03526498756523999,0.1607705441596285,0.08,0,0.17036749228955422,0.2852263698769422,3.0206840135334354,0.8924162145961404,0.0,0.9473684210526315,0.0,0.2,0.0,0.2,0.0,0.08,0.056,0.2535901813865428,0.2535901813865428
380,0.9780794216630059,0.4632752674855278,0.9563220177414185,0.47417532130611073,0.26558979316785597,0.45086630409545725,0.872,0.44229050925465185,0.41151361091762806,0.116,0.6228571428571429,0.4140420123113692,0.390547439156221,0.08857142857142856,0.056,0.06,0.2857142857142857,14.691428571428572,0.024,0.0,0.029527642633896307,0.13380405156066133,5.512,0.017412379724732717,0.03422535569031393,0.16044742783483962,0.08,0,0.17008565839596357,0.2838002380275575,3.0202703332627667,0.8745678903042176,0.0,1.0,0.0,0.2,0.0,0.2,0.0,0.08,0.056,0.25348247594494655,0.25348247594494655
381,0.9786911843974097,0.4633333678891616,0.9567589911231354,0.4745284210758868,0.26558979316785597,0.45066005615086785,0.828,0.44229050925465185,0.41151361091762806,0.116,0.5914285714285714,0.4140420123113692,0.390547439156221,0.08857142857142856,0.04,0.03142857142857143,0.2857142857142857,14.705714285714286,0.024,0.0,0.029587788729677798,0.1337489204883126,5.512,0.016890008332990734,0.033215842351134284,0.16013400499979444,0.08,0,0.16943523010398379,0.2823812368374197,2.9912934980260824,0.8570765324981332,0.0,1.0,0.0,0.2,0.0,0.2,0.0,0.08,0.04,0.25337800166659813,0.25337800166659813
382,0.9787619214545448,0.46317305342304604,0.9568095175925175,0.474053179959595,0.26558979316785597,0.45064894659664123,0.86,0.44229050925465185,0.41151361091762806,0.116,0.6142857142857143,0.4140420123113692,0.390547439156221,0.08857142857142856,0.056,0.045714285714285714,0.2857142857142857,14.72,0.024,0.0,0.029646341519842658,0.1336954433481343,5.512,0.01638330808300101,0.032235606200388345,0.1598299848498006,0.08,0,0.16912976895346385,0.2809693306532326,2.9771819137798468,0.8399350018481705,0.0,1.0,0.0,0.2,0.0,0.2,0.0,0.08,0.056,0.25327666161660023,0.25327666161660023
383,0.9777127655483308,0.46293944001730447,0.9560601205166505,0.4738171184210252,0.26558979316785597,0.4507830794013894,0.884,0.44229050925465185,0.41151361091762806,0.116,0.6314285714285715,0.4140420123113692,0.390547439156221,0.08857142857142856,0.06,0.05714285714285714,0.2857142857142857,14.737142857142857,0.024,0.0,0.029703336827145776,0.13364357052216141,5.512,0.01589180884051098,0.03128382754561865,0.15953508530430657,0.08,0,0.1686549779658394,0.2795644839999664,2.9747811326471076,0.8231363018112071,0.0,1.0,0.0,0.2,0.0,0.2,0.0,0.08,0.06,0.2531783617681022,0.2531783617681022
384,0.978612592998818,0.461843369454385,0.9567028544098555,0.47294293059716147,0.26558979316785597,0.45082827724680496,0.852,0.44229050925465185,0.41151361091762806,0.116,0.6085714285714285,0.4140420123113692,0.390547439156221,0.08857142857142856,0.052,0.045714285714285714,0.2857142857142857,14.754285714285714,0.024,0.0,0.02975881006421803,0.13359325388096766,5.512,0.01541505457529565,0.030359707903652278,0.15924903274517738,0.08,0,0.16815356307243876,0.2781666615799666,2.96099979570845,0.806673575774983,0.0,1.0,0.0,0.2,0.0,0.2,0.0,0.08,0.052,0.25308301091505914,0.25308301091505914
385,0.9774415225145792,0.46218103446561404,0.9558663754925419,0.4732714005115297,0.26558979316785597,0.45088567914446626,0.896,0.4426105092546518,0.4117536109176281,0.116,0.64,0.4142705837399407,0.3907188677276495,0.08857142857142856,0.056,0.054285714285714284,0.2857142857142857,14.774285714285714,0.024,0.0,0.029812796210337774,0.13354444673900975,5.512,0.01495260293803678,0.029462469557007154,0.15897156176282207,0.08,0,0.16876851097136228,0.27677582827206676,2.9560655140799956,0.8200993773052584,0.0,0.8947368421052632,0.0,0.2,0.0,0.2,0.0,0.08,0.056,0.25299052058760735,0.25299052058760735
386,0.9775146467451358,0.4616836998128198,0.9559186070857969,0.4727127315835272,0.26558979316785597,0.4509940812343556,0.828,0.4426105092546518,0.4117536109176281,0.116,0.5914285714285714,0.4142705837399407,0.3907188677276495,0.08857142857142856,0.028,0.03142857142857143,0.2857142857142857,14.788571428571428,0.024,0.0,0.02986532979067653,0.13349710381131058,5.512,0.014504024849895677,0.02859135511283384,0.1587024149099374,0.08,0,0.1681532398450769,0.2753919491307064,2.9283727752269675,0.8036973897591532,0.0,1.0,0.0,0.2,0.0,0.2,0.0,0.08,0.028,0.25290080496997913,0.25290080496997913
387,0.9762649600666407,0.4608177268568142,0.9550259737440148,0.4717129149463952,0.26558979316785597,0.45098362358497873,0.888,0.4426105092546518,0.4117536109176281,0.116,0.6342857142857142,0.4142705837399407,0.3907188677276495,0.08857142857142856,0.056,0.04857142857142857,0.2857142857142857,14.808571428571428,0.024,0.0,0.029916444857867288,0.13345118117144236,5.512,0.014068904104398806,0.02774562706489825,0.15844134246263927,0.08,0,0.1677686172172801,0.27401498938505287,2.9183767482938565,0.7876234419639702,0.0,1.0,0.0,0.2,0.0,0.2,0.0,0.08,0.056,0.25281378082087974,0.25281378082087974
388,0.9804702971475794,0.4606980251284756,0.9563140870180175,0.4716553414919794,0.26558979316785597,0.45119644429684014,0.8634538152610441,0.4417812927239986,0.4111463888360223,0.11646586345381527,0.6142857142857143,0.4142705837399407,0.3907188677276495,0.08857142857142856,0.04417670682730924,0.045714285714285714,0.2885714285714286,14.82857142857143,0.020080321285140562,0.002857142857142857,0.030121204460742224,0.1334066362107702,5.228915662650603,0.013646836981266841,0.02692456735907056,0.1581881021887601,0.08032128514056225,0,0.16730063198833656,0.2726449144381276,2.905723499042265,0.7718709731246907,0.0,1.0,0.0,0.2,0.0,0.2,0.0,0.08,0.048,0.25272936739625335,0.25272936739625335
389,0.9798652925391516,0.46096592845755474,0.9558836694537362,0.471731417409471,0.26558979316785597,0.4512655446000209,0.8755020080321285,0.4417812927239986,0.4111463888360223,0.11646586345381527,0.6228571428571429,0.4142705837399407,0.3907188677276495,0.08857142857142856,0.04819277108433735,0.04,0.2885714285714286,14.845714285714285,0.020080321285140562,0.0,0.03021701149215638,0.13336342759891823,5.228915662650603,0.013237431871828836,0.026127476962740204,0.1579424591230973,0.08032128514056225,0,0.16677784382839486,0.2712816898659369,2.88760902906142,0.7564335536621968,0.0,1.0,0.0,0.2,0.0,0.2,0.0,0.08,0.04819277108433735,0.2526474863743658,0.2526474863743658
390,0.9788938077926366,0.4600271117438357,0.9551925274483584,0.47059598243280415,0.26558979316785597,0.45142739631978424,0.8433734939759037,0.4417812927239986,0.4111463888360223,0.11646586345381527,0.6,0.4142705837399407,0.3907188677276495,0.08857142857142856,0.04819277108433735,0.04,0.2885714285714286,14.86,0.020080321285140562,0.0,0.030264672247407896,0.13332151524542177,5.228915662650603,0.01284030891567397,0.025353675438536172,0.15770418534940436,0.08032128514056225,0,0.16642795817711004,0.26992528141660727,2.8698568484801914,0.7413048825889528,0.0,1.0,0.0,0.2,0.0,0.2,0.0,0.08,0.04819277108433735,0.2525680617831348,0.2525680617831348
391,0.9804575805950805,0.4602993950141201,0.9563050400992398,0.47086061978073135,0.26558979316785597,0.45134926989741386,0.8554216867469879,0.4417812927239986,0.4111463888360223,0.11646586345381527,0.6085714285714285,0.4142705837399407,0.3907188677276495,0.08857142857142856,0.04417670682730924,0.03142857142857143,0.2885714285714286,14.868571428571428,0.020080321285140562,0.0,0.03031102890863206,0.13328086026253025,5.228915662650603,0.012455099648203752,0.02460250052269808,0.15747305978892223,0.08032128514056225,0,0.16590967552908162,0.2685756550095242,2.8438882829391594,0.7264787849371738,0.0,1.0,0.0,0.2,0.0,0.2,0.0,0.08,0.04417670682730924,0.25249101992964074,0.25249101992964074
392,0.9808313250313101,0.4610583719290312,0.9565709325695859,0.4716437049319169,0.26558979316785597,0.45147861354427804,0.9076305220883534,0.4419419352942797,0.41126687076373314,0.11646586345381527,0.6457142857142857,0.41438486945422637,0.3908045820133639,0.08857142857142856,0.040160642570281124,0.02857142857142857,0.2885714285714286,14.888571428571428,0.020080321285140562,0.0,0.030356113389173246,0.1332414249291254,5.228915662650603,0.01208144665875764,0.023873307708403013,0.1572488679952546,0.08032128514056225,0,0.1658222707228648,0.2672327767344766,2.8155819458518043,0.7252748587977867,0.0,0.9,0.0,0.2,0.0,0.2,0.0,0.08,0.040160642570281124,0.25241628933175153,0.25241628933175153
393,0.9794870086053885,0.4599860289991731,0.9556145474551446,0.4708710139992409,0.26558979316785597,0.4515356142828916,0.9116465863453815,0.4419419352942797,0.41126687076373314,0.11646586345381527,0.6485714285714286,0.41438486945422637,0.3908045820133639,0.08857142857142856,0.05220883534136546,0.04285714285714286,0.2885714285714286,14.905714285714286,0.020080321285140562,0.0,0.030399957051823526,0.1332031726557228,5.228915662650603,0.01171900325899491,0.02316546983432588,0.15703140195539694,0.08032128514056225,0,0.16556316079782193,0.26589661285080424,2.802127449791911,0.710769361621831,0.0,1.0,0.0,0.2,0.0,0.2,0.0,0.08,0.05220883534136546,0.25234380065179896,0.25234380065179896
394,0.9792379019076171,0.46019655521202446,0.955437325833016,0.4712598976318723,0.26558979316785597,0.45157413604717234,0.891566265060241,0.4419419352942797,0.41126687076373314,0.11646586345381527,0.6342857142857142,0.41438486945422637,0.3908045820133639,0.08857142857142856,0.05220883534136546,0.037142857142857144,0.2885714285714286,14.925714285714285,0.020080321285140562,0.0,0.030442590702964574,0.13316606795052222,5.228915662650603,0.011367433161225063,0.022478376678675915,0.15682045989673504,0.08032128514056225,0,0.16499248785097564,0.2645671297865502,2.78322775793893,0.6965539743893944,0.0,1.0,0.0,0.2,0.0,0.2,0.0,0.08,0.05220883534136546,0.252273486632245,0.252273486632245
395,0.9781682629346024,0.4598862343187834,0.9546763541064995,0.47116585266365796,0.26558979316785597,0.45138454757098523,0.8714859437751004,0.4419419352942797,0.41126687076373314,0.11646586345381527,0.62,0.41438486945422637,0.3908045820133639,0.08857142857142856,0.028112449799196786,0.02,0.2885714285714286,14.945714285714285,0.020080321285140562,0.0,0.030484044588062992,0.13313007638647764,5.228915662650603,0.01102641016638831,0.02181143455892587,0.15661584609983298,0.08032128514056225,0,0.16436738255457792,0.26324429413761746,2.7475632027801513,0.6826228949016064,0.0,1.0,0.0,0.2,0.0,0.2,0.0,0.08,0.028112449799196786,0.2522052820332777,0.2522052820332777
396,0.9794558053533329,0.4599467647152934,0.9548509127146001,0.4707464511532869,0.26558979316785597,0.4511195994013048,0.8306451612903226,0.4420359715575464,0.4121824854767661,0.11693548387096774,0.5885714285714285,0.41449915516851205,0.3908902962990781,0.08857142857142856,0.06451612903225806,0.045714285714285714,0.2914285714285714,14.962857142857143,0.016129032258064516,0.002857142857142857,0.030531574540356828,0.1330951645693545,5.225806451612903,0.01069561786139666,0.02116406593742237,0.15641737071683798,0.08064516129032258,0,0.16475994852728842,0.2619280726669294,2.7383262244388336,0.6840415384339681,0.0,0.9375,0.0,0.2,0.0,0.2,0.0,0.08,0.0642570281124498,0.25213912357227936,0.25213912357227936
397,0.9808080285516341,0.4606415948260459,0.9558090594379678,0.4711261902438193,0.26558979316785597,0.45092248970814003,0.8709677419354839,0.44219726188012703,0.4123034532187016,0.11693548387096774,0.6171428571428571,0.41461344088279783,0.3909760105847925,0.08857142857142856,0.05241935483870968,0.037142857142857144,0.2914285714285714,14.977142857142857,0.016129032258064516,0.0,0.030570772930630694,0.1330613001067449,5.225806451612903,0.01037474932555476,0.020535709033042693,0.15622484959533284,0.08064516129032258,0,0.16465000664179485,0.26061843230359477,2.720702557092914,0.7048933635026522,0.0,0.9230769230769231,0.0,0.2,0.0,0.2,0.0,0.08,0.05241935483870968,0.252074949865111,0.252074949865111
398,0.9820768728626939,0.4613362027927417,0.9562935953410322,0.47219846923543285,0.26558979316785597,0.4507491118904198,0.8906882591093117,0.4433776149811902,0.4127905163943568,0.11740890688259109,0.6285714285714286,0.41461344088279783,0.3909760105847925,0.08857142857142856,0.04048582995951417,0.03142857142857143,0.29428571428571426,14.997142857142856,0.012145748987854251,0.002857142857142857,0.03060791275244006,0.13302845157801374,5.2145748987854255,0.010063506845788116,0.01992581743903754,0.15603810410747287,0.08097165991902834,0,0.16416904303715726,0.2593153401420768,2.697717077379627,0.6907954962325992,0.0,1.0,0.0,0.2,0.0,0.2,0.0,0.08,0.04435483870967742,0.2520127013691576,0.2520127013691576
399,0.9818606190386509,0.4605472417277946,0.9561409819280647,0.47163578746409623,0.26558979316785597,0.4505390409504384,0.902834008097166,0.4437015016208663,0.41303343137411386,0.1214574898785425,0.6371428571428571,0.4148420123113693,0.3911474391562211,0.09142857142857143,0.044534412955465584,0.03142857142857143,0.29428571428571426,15.008571428571429,0.012145748987854251,0.0,0.03066674507527209,0.13299658850514443,5.2145748987854255,0.009761601640414473,0.01933385974717905,0.15585696098424867,0.08097165991902834,0,0.1645459263399357,0.2580187634413664,2.675191307260606,0.7665946499178833,0.0,0.8181818181818182,0.0,0.2,0.0,0.2,0.0,0.08,0.044534412955465584,0.2519523203280829,0.2519523203280829
400,0.9807632636913198,0.45902159574409657,0.9553665625829483,0.47047615734901665,0.26558979316785597,0.450232888308528,0.8704453441295547,0.4437015016208663,0.41303343137411386,0.1214574898785425,0.6142857142857143,0.4148420123113693,0.3911474391562211,0.09142857142857143,0.048582995951417005,0.03428571428571429,0.29428571428571426,15.022857142857143,0.012145748987854251,0.0,0.03070278877376626,0.1329656813244612,5.2145748987854255,0.009468753591202039,0.01875931917831508,0.15568125215472123,0.08097165991902834,0,0.16426321094048596,0.2567286696241596,2.655973195401108,0.7512627569195255,0.0,1.0,0.0,0.2,0.0,0.2,0.0,0.08,0.048582995951417005,0.2518937507182404,0.2518937507182404
401,0.9795842402480108,0.4585409749947221,0.9545287548733089,0.4702853602075886,0.26558979316785597,0.4498284264713067,0.8983739837398373,0.4438699627459856,0.4126797271954061,0.12195121951219512,0.6314285714285715,0.4148420123113693,0.3911474391562211,0.09142857142857143,0.04065040650406504,0.03142857142857143,0.29714285714285715,15.037142857142857,0.012195121951219513,0.002857142857142857,0.03073340089625212,0.13293570135919852,5.211382113821138,0.009184690983465978,0.01820169321940779,0.1555108145900796,0.08130081300813008,0,0.16372746631435495,0.2554450262760388,2.6342823029216573,0.736237501781135,0.0,1.0,0.0,0.2,0.0,0.2,0.0,0.08,0.04048582995951417,0.25183693819669317,0.25183693819669317
402,0.9808605505024317,0.4587971929859267,0.9553085295957107,0.4704124526417323,0.26558979316785597,0.4493437564754007,0.8734693877551021,0.4440863665573164,0.4129479052551603,0.12244897959183673,0.6114285714285714,0.4148420123113693,0.3911474391562211,0.09142857142857143,0.036734693877551024,0.03142857142857143,0.3,15.051428571428572,0.00816326530612245,0.002857142857142857,0.03077470269771278,0.1329066207928937,5.208163265306123,0.008909150253961998,0.01766049326712238,0.1553454901523772,0.08163265306122448,0,0.16339155892931878,0.25416780114465864,2.6130252282917956,0.7215127517455123,0.0,1.0,0.0,0.2,0.0,0.2,0.0,0.08,0.04065040650406504,0.2517818300507924,0.2517818300507924
403,0.980914557850643,0.4592347911069236,0.9553463347394586,0.46999258228688195,0.26558979316785597,0.44904955193313745,0.8530612244897959,0.44424963186343885,0.41307035423475214,0.12244897959183673,0.5971428571428572,0.414956298025655,0.39123315344193527,0.09142857142857143,0.0326530612244898,0.025714285714285714,0.3,15.057142857142857,0.00816326530612245,0.0,0.03080779536926718,0.13287841264357797,5.208163265306123,0.008641875746343139,0.017135244278011386,0.15518512544780588,0.08163265306122448,0,0.16320302970610076,0.25289696213893537,2.5864790094402457,0.7123029605495289,0.0,0.8888888888888888,0.0,0.2,0.0,0.2,0.0,0.08,0.0326530612244898,0.2517283751492686,0.2517283751492686
404,0.9797134964446442,0.45991120899176946,0.9545055917552595,0.4703106938937804,0.26558979316785597,0.448879009905315,0.8938775510204081,0.44424963186343885,0.41307035423475214,0.12244897959183673,0.6257142857142857,0.414956298025655,0.39123315344193527,0.09142857142857143,0.053061224489795916,0.04285714285714286,0.3,15.065714285714286,0.00816326530612245,0.0,0.030839953438473892,0.13285105073874173,5.208163265306123,0.008382619473952845,0.01662548442532863,0.1550295716843717,0.08163265306122448,0,0.16295601955399885,0.2516324773282407,2.5776065721085835,0.6980569013385384,0.0,1.0,0.0,0.2,0.0,0.2,0.0,0.08,0.053061224489795916,0.25167652389479056,0.25167652389479056
405,0.980678610388778,0.4598374644632204,0.9551811715161531,0.46985727943120503,0.26558979316785597,0.44879154094469115,0.889795918367347,0.44424963186343885,0.41307035423475214,0.12244897959183673,0.6228571428571429,0.414956298025655,0.39123315344193527,0.09142857142857143,0.05714285714285714,0.04,0.3,15.077142857142857,0.00816326530612245,0.0,0.030871201572754105,0.13282450969105056,5.208163265306123,0.008131140889734259,0.016130764762490424,0.15487868453384054,0.08163265306122448,0,0.16254052588480025,0.25037431494159945,2.5660544406664116,0.6840957633117676,0.0,1.0,0.0,0.2,0.0,0.2,0.0,0.08,0.05714285714285714,0.25162622817794683,0.25162622817794683
406,0.9817825506592611,0.45959695077480983,0.9559539297054912,0.4702019294461752,0.26558979316785597,0.44869590185845404,0.9061224489795918,0.4444128971695613,0.41319280321434393,0.12244897959183673,0.6342857142857142,0.41507058373994066,0.3913188677276496,0.09142857142857143,0.0653061224489796,0.05142857142857143,0.3,15.085714285714285,0.012244897959183673,0.0,0.030901563892816276,0.13279876487479012,5.208163265306123,0.007887206663042231,0.015650648893192565,0.15473232399782533,0.08163265306122448,0,0.16244196611251913,0.24912244336689146,2.5661619232816553,0.7101683690697803,0.0,0.9444444444444444,0.0,0.2,0.0,0.2,0.0,0.08,0.0653061224489796,0.25157744133260845,0.25157744133260845
407,0.9808669893301736,0.45913172804432867,0.9553130367751299,0.4691071993934423,0.26558979316785597,0.4486458472478183,0.9061224489795918,0.4444128971695613,0.41319280321434393,0.12244897959183673,0.6342857142857142,0.41507058373994066,0.3913188677276496,0.09142857142857143,0.036734693877551024,0.02857142857142857,0.3,15.09142857142857,0.012244897959183673,0.0,0.03093106397814611,0.13277379240301765,5.208163265306123,0.007650590463150964,0.01518471264817578,0.15459035427789058,0.08163265306122448,0,0.1620004712819565,0.247876831150057,2.54341011338745,0.6959650016883847,0.0,1.0,0.0,0.2,0.0,0.2,0.0,0.08,0.036734693877551024,0.2515301180926302,0.2515301180926302
408,0.9821565124612601,0.4594397125819985,0.9562157029668905,0.46919777360801374,0.26558979316785597,0.4486069780767068,0.8653061224489796,0.444657795128745,0.4133764766837318,0.12244897959183673,0.6057142857142858,0.4152420123113692,0.39144743915622104,0.09142857142857143,0.05714285714285714,0.04285714285714286,0.3,15.1,0.012244897959183673,0.0,0.030959724872932127,0.1327495691053982,5.208163265306123,0.0074210727492564355,0.014732543768625317,0.15445264364955386,0.08163265306122448,0,0.16239004035411816,0.2619354992323155,2.535399053976844,0.7150066510787737,0.0,0.8666666666666667,0.0,0.2,0.0,0.2,0.0,0.08,0.05714285714285714,0.25148421454985126,0.25148421454985126
409,0.9825192797118714,0.4594730337643884,0.9564696400423184,0.4693906415488272,0.26558979316785597,0.4486070271615416,0.9102040816326531,0.444657795128745,0.4133764766837318,0.12244897959183673,0.6371428571428571,0.4152420123113692,0.39144743915622104,0.09142857142857143,0.044897959183673466,0.04285714285714286,0.3,15.111428571428572,0.012244897959183673,0.0,0.030987569092382053,0.13272607250670737,5.208163265306123,0.007198440566778742,0.014293741596179688,0.15431906434006723,0.08163265306122448,0,0.161863661580919,0.26062582173615395,2.5275482157544498,0.7007065180571982,0.0,1.0,0.0,0.2,0.0,0.2,0.0,0.08,0.044897959183673466,0.25143968811335576,0.25143968811335576
410,0.9808660288879792,0.45819491958065617,0.955312364465594,0.4688264403600845,0.26558979316785597,0.44854177804544876,0.8653061224489796,0.44482106043486735,0.41349892566332364,0.12244897959183673,0.6057142857142858,0.41535629802565494,0.39153315344193534,0.09142857142857143,0.053061224489795916,0.04,0.3,15.12,0.012244897959183673,0.0,0.031014618629388296,0.13270328080597718,5.208163265306123,0.0069824873497753796,0.013867916769512711,0.1541894924098652,0.08163265306122448,0,0.16196522600553165,0.25932269262747315,2.516997251439361,0.7004444941860508,0.0,0.9285714285714286,0.0,0.2,0.0,0.2,0.0,0.08,0.053061224489795916,0.25139649746995507,0.25139649746995507
411,0.9798085753780715,0.45665263371719134,0.9545721470086587,0.46781093844486576,0.26558979316785597,0.44833587944242115,0.8408163265306122,0.44482106043486735,0.41349892566332364,0.12244897959183673,0.5885714285714285,0.41535629802565494,0.39153315344193534,0.09142857142857143,0.024489795918367346,0.017142857142857144,0.3,15.125714285714286,0.012244897959183673,0.0,0.031040894961503505,0.1326811728562691,5.208163265306123,0.006773012729282118,0.013454690927448443,0.15406380763756927,0.08163265306122448,0,0.16141154558621826,0.2580260791643358,2.483800163553431,0.6864356043023297,0.0,1.0,0.0,0.2,0.0,0.2,0.0,0.08,0.024489795918367346,0.2513546025458564,0.2513546025458564
412,0.9812540886278532,0.4561810740754923,0.9555840062835058,0.4677043733800729,0.26558979316785597,0.44788417126279706,0.8612244897959184,0.4451475910471123,0.4137438236225073,0.12244897959183673,0.6028571428571429,0.41558486945422635,0.3917045820133639,0.09142857142857143,0.04897959183673469,0.03428571428571429,0.3,15.134285714285713,0.012244897959183673,0.0,0.031066419058189545,0.13265972814505209,5.208163265306123,0.006569822347403655,0.013053696418557914,0.1539418934084422,0.08163265306122448,0,0.16226063142971575,0.26277963466821175,2.468409874568076,0.7750616792657148,0.0,0.75,0.0,0.2,0.0,0.2,0.0,0.08,0.04897959183673469,0.25131396446948073,0.25131396446948073
413,0.9802035953364184,0.4553918575328453,0.9548486609795015,0.46723923040826226,0.26558979316785597,0.44761195173841606,0.9102040816326531,0.4451475910471123,0.4137438236225073,0.12244897959183673,0.6371428571428571,0.41558486945422635,0.3917045820133639,0.09142857142857143,0.04081632653061224,0.02857142857142857,0.3,15.14,0.012244897959183673,0.0,0.031091211388305985,0.13263892677517158,5.208163265306123,0.006372727676981545,0.01266457601718185,0.15382363660618892,0.08163265306122448,0,0.16179147184399575,0.2614657364948707,2.447613105648143,0.7595604456804004,0.0,1.0,0.0,0.2,0.0,0.2,0.0,0.08,0.04081632653061224,0.2512745455353963,0.2512745455353963
414,0.9808291454681386,0.4555493865000282,0.9552865460717057,0.467227902277701,0.26558979316785597,0.44732723322787077,0.8693877551020408,0.44547412165935724,0.4139887215816909,0.12244897959183673,0.6085714285714285,0.4158134408827978,0.3918760105847925,0.09142857142857143,0.04081632653061224,0.02857142857142857,0.3,15.14,0.012244897959183673,0.0,0.031115291927806366,0.13261874944638752,5.208163265306123,0.006181545846672099,0.012286982645817623,0.15370892750800325,0.08163265306122448,0,0.16206794305620434,0.27325065794769055,2.427232272106609,0.7508632693832554,0.0,0.8,0.0,0.2,0.0,0.2,0.0,0.08,0.04081632653061224,0.2512363091693344,0.2512363091693344
415,0.9803840499884071,0.4550343783775625,0.9549749792358936,0.46662140638901956,0.26558979316785597,0.4470725104600141,0.8816326530612245,0.44555575431241845,0.4140499460714868,0.12244897959183673,0.6171428571428571,0.4158705837399407,0.39191886772764956,0.09142857142857143,0.044897959183673466,0.04,0.3,15.142857142857142,0.012244897959183673,0.0,0.03113868016761263,0.13259917743746708,5.208163265306123,0.005996099471271936,0.011920579103801288,0.15359765968276315,0.08163265306122448,0,0.16239492390917268,0.2718844046579521,2.418687626664477,0.7558354548996639,0.0,0.9285714285714286,0.0,0.2,0.0,0.2,0.0,0.08,0.044897959183673466,0.25119921989425437,0.25119921989425437
416,0.9814707068317835,0.454277954613753,0.9557356390262568,0.4659943764277187,0.26558979316785597,0.446779922903664,0.9020408163265307,0.44555575431241845,0.4140499460714868,0.12244897959183673,0.6314285714285715,0.4158705837399407,0.39191886772764956,0.09142857142857143,0.053061224489795916,0.04,0.3,15.148571428571428,0.012244897959183673,0.0,0.03116139512164032,0.13258019258881418,5.208163265306123,0.005816216487133778,0.011565037802213185,0.15348972989228027,0.08163265306122448,0,0.1618966642896268,0.2705249826346623,2.4103138741311874,0.7407187458016706,0.0,1.0,0.0,0.2,0.0,0.2,0.0,0.08,0.053061224489795916,0.25116324329742673,0.25116324329742673
417,0.9825070984108798,0.4536380570734258,0.9564611131316243,0.46562133420209073,0.26558979316785597,0.446497077672048,0.9183673469387755,0.44555575431241845,0.4140499460714868,0.12244897959183673,0.6428571428571429,0.4158705837399407,0.39191886772764956,0.09142857142857143,0.05714285714285714,0.04,0.3,15.148571428571428,0.012244897959183673,0.0,0.031183455334948994,0.13256177728562088,5.208163265306123,0.005641729992519764,0.011220040504929751,0.15338503799551184,0.08163265306122448,0,0.16137260953960725,0.269172357721489,2.4021075966485634,0.7259043708856372,0.0,1.0,0.0,0.2,0.0,0.2,0.0,0.08,0.05714285714285714,0.251128345998504,0.251128345998504
418,0.9819354400129915,0.4535126929812038,0.9560609522531026,0.46533916345424187,0.26558979316785597,0.4462093131520558,0.8979591836734694,0.44555575431241845,0.4140499460714868,0.12244897959183673,0.6285714285714286,0.4158705837399407,0.39191886772764956,0.09142857142857143,0.036734693877551024,0.02857142857142857,0.3,15.154285714285715,0.012244897959183673,0.0,0.031204878891994147,0.1325439144415234,5.208163265306123,0.005472478092744171,0.010885278075740024,0.1532834868556465,0.08163265306122448,0,0.16093561075978421,0.26782649593288155,2.3826368732870207,0.7113862834679244,0.0,1.0,0.0,0.2,0.0,0.2,0.0,0.08,0.036734693877551024,0.25109449561854885,0.25109449561854885
419,0.9813724553203974,0.4538296528691217,0.9556668629682865,0.4659688875915942,0.26558979316785597,0.4459905106367219,0.8530612244897959,0.44555575431241845,0.4140499460714868,0.12244897959183673,0.5971428571428572,0.4158705837399407,0.39191886772764956,0.09142857142857143,0.036734693877551024,0.02857142857142857,0.3,15.16,0.00816326530612245,0.0,0.031225683424958815,0.13252658748274876,5.208163265306123,0.0053083037499618456,0.01056045023144403,0.1531849822499771,0.08163265306122448,0,0.16038750484884245,0.26648736345321716,2.363555564392709,0.697158557798566,0.0,1.0,0.0,0.2,0.0,0.2,0.0,0.08,0.036734693877551024,0.25106166074999237,0.25106166074999237
420,0.9798587962629935,0.4538913919076606,0.9546073016281039,0.46647093336589707,0.26558979316785597,0.44577724805689506,0.889795918367347,0.44555575431241845,0.4140499460714868,0.12244897959183673,0.6228571428571429,0.4158705837399407,0.39191886772764956,0.09142857142857143,0.061224489795918366,0.045714285714285714,0.3,15.17142857142857,0.012244897959183673,0.0,0.031245886122144448,0.13250978033273733,5.208163265306123,0.00514905463746299,0.01024526530084413,0.15308943278247777,0.08163265306122448,0,0.16015386728891964,0.2651549266359511,2.3619987388191404,0.6832153866425946,0.0,1.0,0.0,0.2,0.0,0.2,0.0,0.08,0.061224489795918366,0.2510298109274926,0.2510298109274926
421,0.9790277288726775,0.45330173154832903,0.9540255544548827,0.4661691020679051,0.26558979316785597,0.4456802384089369,0.8489795918367347,0.44563738696547966,0.41411117056128277,0.12244897959183673,0.5942857142857143,0.4159277265970835,0.3919617248705068,0.09142857142857143,0.053061224489795916,0.037142857142857144,0.3,15.18,0.00816326530612245,0.0,0.03126550373640234,0.1324934773972264,5.208163265306123,0.0049945829983391,0.009939439989540277,0.15299674979900346,0.08163265306122448,0,0.16015181580604648,0.2638291520027713,2.3519016211856147,0.698619280170522,0.0,0.9230769230769231,0.0,0.2,0.0,0.2,0.0,0.08,0.053061224489795916,0.25099891659966783,0.25099891659966783
422,0.9799687804997665,0.4540071404327058,0.954684290593845,0.4674191493326636,0.26558979316785597,0.4456400142749534,0.8938775510204081,0.44563738696547966,0.41411117056128277,0.12244897959183673,0.6257142857142857,0.4159277265970835,0.3919617248705068,0.09142857142857143,0.0326530612244898,0.022857142857142857,0.3,15.185714285714285,0.00816326530612245,0.0,0.031284552593588345,0.13247766354978072,5.208163265306123,0.004844745508388927,0.00964269915043725,0.15290684730503334,0.08163265306122448,0,0.1595509138698734,0.26251000624275744,2.327720731619045,0.6846468945671116,0.0,1.0,0.0,0.2,0.0,0.2,0.0,0.08,0.0326530612244898,0.2509689491016778,0.2509689491016778
423,0.9800519256635423,0.45385219045070757,0.9547424922084881,0.46755143048044306,0.26558979316785597,0.44573763083690265,0.9102040816326531,0.44563738696547966,0.41411117056128277,0.12244897959183673,0.6371428571428571,0.4159277265970835,0.3919617248705068,0.09142857142857143,0.0326530612244898,0.022857142857142857,0.3,15.194285714285714,0.00816326530612245,0.0,0.03130304860102492,0.13246232411775843,5.208163265306123,0.0046994031431372586,0.009354775559869521,0.15281964188588235,0.08163265306122448,0,0.15909402428268474,0.26119745621154367,2.304023459843807,0.6709539566757693,0.0,1.0,0.0,0.2,0.0,0.2,0.0,0.08,0.0326530612244898,0.25093988062862743,0.25093988062862743
424,0.9795106509935306,0.45426859432142885,0.9543635999394798,0.4675047970146591,0.26558979316785597,0.44586598450956705,0.8938775510204081,0.44563738696547966,0.41411117056128277,0.12244897959183673,0.6257142857142857,0.4159277265970835,0.3919617248705068,0.09142857142857143,0.044897959183673466,0.03142857142857143,0.3,15.2,0.00816326530612245,0.0,0.03132100725595586,0.13244744486869675,5.208163265306123,0.0045584210488431405,0.00907540969924825,0.15273505262930587,0.08163265306122448,0,0.15869727130055702,0.2598914689304859,2.289371562075502,0.6575348775422539,0.0,1.0,0.0,0.2,0.0,0.2,0.0,0.08,0.044897959183673466,0.2509116842097686,0.2509116842097686
425,0.9822049858326375,0.4537325241996757,0.9562496343268546,0.4677382196671523,0.26558979316785597,0.4460775122406325,0.8653061224489796,0.4457190196185408,0.41417239505107867,0.12244897959183673,0.6057142857142858,0.4159848694542263,0.39200458201336397,0.09142857142857143,0.04897959183673469,0.03428571428571429,0.3,15.211428571428572,0.00816326530612245,0.0,0.03133844365398023,0.13243301199710708,5.208163265306123,0.004421668417377846,0.008804349542133605,0.1526530010504267,0.08163265306122448,0,0.15881522420835778,0.25859201158583356,2.2778698451197066,0.6443841799914088,0.0,0.9166666666666666,0.0,0.2,0.0,0.2,0.0,0.08,0.04897959183673469,0.25088433368347557,0.25088433368347557
426,0.981382423750951,0.4531463754579055,0.9556738408696741,0.46707029553311463,0.26558979316785597,0.4463501523784121,0.8734693877551021,0.4458006522716021,0.41423361954087456,0.12244897959183673,0.6114285714285714,0.41604201231136917,0.39204743915622103,0.09142857142857143,0.036734693877551024,0.02857142857142857,0.3,15.211428571428572,0.00816326530612245,0.0,0.031355372497453224,0.13241901211166485,5.208163265306123,0.004289018364856511,0.008541350346634835,0.1525734110189139,0.08163265306122448,0,0.15881929806947673,0.25729905152790433,2.260883876788741,0.6610798714824032,0.0,0.9,0.0,0.2,0.0,0.2,0.0,0.08,0.036734693877551024,0.2508578036729713,0.2508578036729713
427,0.9813009140246772,0.45282879040054563,0.9556167840612826,0.46709432596407446,0.26558979316785597,0.4466260973462106,0.8816326530612245,0.4458006522716021,0.41423361954087456,0.12244897959183673,0.6171428571428571,0.41604201231136917,0.39204743915622103,0.09142857142857143,0.04081632653061224,0.03142857142857143,0.3,15.217142857142857,0.00816326530612245,0.0,0.03137180810384278,0.1324054322227861,5.208163265306123,0.0041603478139108155,0.008286174453038697,0.15249620868834649,0.08163265306122448,0,0.1583387737219865,0.2560125562702648,2.2470947706815374,0.6478582740527551,0.0,1.0,0.0,0.2,0.0,0.2,0.0,0.08,0.04081632653061224,0.25083206956278215,0.25083206956278215
428,0.9807494811726571,0.45220846403210857,0.9552307810648686,0.4664671649552937,0.26558979316785597,0.44681327917720126,0.8816326530612245,0.4458006522716021,0.41423361954087456,0.12244897959183673,0.6171428571428571,0.41604201231136917,0.39204743915622103,0.09142857142857143,0.044897959183673466,0.03428571428571429,0.3,15.222857142857142,0.00816326530612245,0.0,0.03138776441403146,0.13239225973057356,5.208163265306123,0.004035537379493491,0.008038591086568347,0.1524213224276961,0.08163265306122448,0,0.158059796281948,0.2547324934889135,2.236438589553621,0.6349011085717001,0.0,1.0,0.0,0.2,0.0,0.2,0.0,0.08,0.044897959183673466,0.2508071074758987,0.2508071074758987
429,0.9815225649100491,0.45183667953865403,0.9557719396810428,0.467110776394846,0.26558979316785597,0.44690696589601286,0.8857142857142857,0.4458006522716021,0.41423361954087456,0.12244897959183673,0.62,0.41604201231136917,0.39204743915622103,0.09142857142857143,0.02857142857142857,0.02,0.3,15.228571428571428,0.012244897959183673,0.0,0.03140325500055457,0.1323794824131275,5.208163265306123,0.003914471258108686,0.007798376165171983,0.1523486827548652,0.08163265306122448,0,0.15755379013984183,0.25345883102146893,2.2117098177625483,0.6222030864002661,0.0,1.0,0.0,0.2,0.0,0.2,0.0,0.08,0.02857142857142857,0.25078289425162176,0.25078289425162176
430,0.9810170445366483,0.45168457030780507,0.9554180754196623,0.467202757717358,0.26558979316785597,0.44702279448185483,0.9142857142857143,0.4458006522716021,0.41423361954087456,0.12244897959183673,0.64,0.41604201231136917,0.39204743915622103,0.09142857142857143,0.0326530612244898,0.022857142857142857,0.3,15.234285714285715,0.012244897959183673,0.0,0.03141829307576582,0.1323670884152048,5.208163265306123,0.0037970371203654256,0.007565312112242317,0.15227822227221924,0.08163265306122448,0,0.15716473690342833,0.2521915368663616,2.1903327642644403,0.6097590246722607,0.0,1.0,0.0,0.2,0.0,0.2,0.0,0.08,0.0326530612244898,0.2507594074240731,0.2507594074240731
431,0.9822198280984875,0.4515276491427233,0.9562600239129496,0.46690764670829044,0.26558979316785597,0.4470194390594112,0.8612244897959184,0.4458006522716021,0.41423361954087456,0.12244897959183673,0.6028571428571429,0.41604201231136917,0.39204743915622103,0.09142857142857143,0.05714285714285714,0.04285714285714286,0.3,15.245714285714286,0.012244897959183673,0.0,0.031432891499923066,0.13235506623721974,5.208163265306123,0.0036831260067544625,0.007339187674166858,0.15220987560405266,0.08163265306122448,0,0.15674948536176833,0.25093057918202977,2.189383251836295,0.5975638441788156,0.0,1.0,0.0,0.2,0.0,0.2,0.0,0.08,0.05714285714285714,0.25073662520135087,0.25073662520135087
432,0.9821753639294872,0.4515653216076886,0.9562288989946495,0.46701568821244127,0.26558979316785597,0.4470223229683231,0.8938775510204081,0.44588228492466336,0.4142948440306705,0.12244897959183673,0.6257142857142857,0.4160991551685121,0.39209029629907816,0.09142857142857143,0.02857142857142857,0.02,0.3,15.245714285714286,0.012244897959183673,0.0,0.03144706278918718,0.13234340472457432,5.208163265306123,0.0035726322265518286,0.007119797742611067,0.1521435793359311,0.08163265306122448,0,0.15662188364567378,0.2496759262861196,2.1655955867995687,0.5976624327630455,0.0,0.8571428571428571,0.0,0.2,0.0,0.2,0.0,0.08,0.02857142857142857,0.2507145264453104,0.2507145264453104
433,0.9822089106787352,0.4516027793664599,0.9562523817191232,0.46699492324314973,0.26558979316785597,0.4471169190239795,0.8775510204081632,0.4462088155369082,0.4145397419898542,0.12244897959183673,0.6142857142857143,0.41632772659708356,0.39226172487050676,0.09142857142857143,0.053061224489795916,0.045714285714285714,0.3,15.251428571428571,0.012244897959183673,0.0,0.03146081912352786,0.13233209305730817,5.208163265306123,0.0034654532597552736,0.006906943181432812,0.15207927195585316,0.08163265306122448,0,0.157208349223874,0.248427546654689,2.1679979607778628,0.6309791806374235,0.0,0.875,0.0,0.2,0.0,0.2,0.0,0.08,0.053061224489795916,0.25069309065195106,0.25069309065195106
434,0.9823293032206675,0.4516388076679412,0.9563366564984758,0.4673358060842201,0.26558979316785597,0.4471452611886721,0.8775510204081632,0.4463720808430307,0.41466219096944607,0.12244897959183673,0.6142857142857143,0.41644201231136924,0.392347439156221,0.09142857142857143,0.0326530612244898,0.022857142857142857,0.3,15.257142857142858,0.012244897959183673,0.0,0.03147417235453091,0.13232112074006006,5.208163265306123,0.0033614896619626154,0.006700430658132306,0.15201689379717756,0.08163265306122448,0,0.1570223074777546,0.24718540892141558,2.1474951444194486,0.6183595970246751,0.0,0.875,0.0,0.2,0.0,0.2,0.0,0.08,0.0326530612244898,0.25067229793239254,0.25067229793239254
435,0.9842245763934167,0.45208997914519083,0.9576633477194001,0.4680259566118522,0.26558979316785597,0.44726378663092203,0.889795918367347,0.4463720808430307,0.41466219096944607,0.12244897959183673,0.6228571428571429,0.41644201231136924,0.392347439156221,0.09142857142857143,0.04897959183673469,0.03428571428571429,0.3,15.268571428571429,0.012244897959183673,0.0,0.03148713401310228,0.1323104775923294,5.208163265306123,0.003260644972103737,0.006500072479738717,0.15195638698326225,0.08163265306122448,0,0.15680605950465154,0.2459494818768085,2.1388309558167733,0.6059924050841816,0.0,1.0,0.0,0.2,0.0,0.2,0.0,0.08,0.04897959183673469,0.25065212899442074,0.25065212899442074
436,0.9837807582769018,0.45172936103170086,0.9573526750378396,0.4670667635393168,0.26558979316785597,0.4473926872294465,0.889795918367347,0.4463720808430307,0.41466219096944607,0.12244897959183673,0.6228571428571429,0.41644201231136924,0.392347439156221,0.09142857142857143,0.044897959183673466,0.03142857142857143,0.3,15.277142857142858,0.012244897959183673,0.0,0.03149971531706421,0.13230015373903065,5.208163265306123,0.0031628256229406246,0.006305686433034863,0.15189769537376438,0.08163265306122448,0,0.15625045777855684,0.24471973446742445,2.12748290812901,0.593872556982498,0.0,1.0,0.0,0.2,0.0,0.2,0.0,0.08,0.044897959183673466,0.25063256512458815,0.25063256512458815
437,0.9828122450959738,0.45216851055514706,0.95667471581119,0.46717035504258236,0.26558979316785597,0.44757886707823724,0.8938775510204081,0.4463720808430307,0.41466219096944607,0.12244897959183673,0.6257142857142857,0.41644201231136924,0.392347439156221,0.09142857142857143,0.04081632653061224,0.03428571428571429,0.3,15.282857142857143,0.012244897959183673,0.0,0.03151192717864007,0.13229013960133076,5.208163265306123,0.0030679408542524057,0.0061170956290268474,0.15184076451255143,0.08163265306122448,0,0.1558112069182355,0.24349613579508733,2.119218964252144,0.581995105842848,0.0,1.0,0.0,0.2,0.0,0.2,0.0,0.08,0.04081632653061224,0.2506135881708505,0.2506135881708505
438,0.9817404309246629,0.4523823893785687,0.9559244458912726,0.4668947305190317,0.26558979316785597,0.44788897019284607,0.889795918367347,0.4463720808430307,0.41466219096944607,0.12244897959183673,0.6228571428571429,0.41644201231136924,0.392347439156221,0.09142857142857143,0.044897959183673466,0.037142857142857144,0.3,15.294285714285714,0.012244897959183673,0.0,0.031523780211824455,0.1322804258877619,5.208163265306123,0.0029759026286248335,0.005934128351560153,0.1517855415771749,0.08163265306122448,0,0.15551347706321325,0.24227865511611188,2.1139774421099577,0.570355203725991,0.0,1.0,0.0,0.2,0.0,0.2,0.0,0.08,0.044897959183673466,0.250595180525725,0.250595180525725
439,0.9835033891189131,0.4528887620897045,0.9571774695123287,0.4675638978139095,0.26558979316785597,0.4480924580306708,0.8934426229508197,0.4468390075113449,0.41575708950104906,0.12295081967213115,0.6228571428571429,0.41644201231136924,0.392347439156221,0.09142857142857143,0.040983606557377046,0.03142857142857143,0.3028571428571429,15.305714285714286,0.00819672131147541,0.002857142857142857,0.03154433823182638,0.1322710035856003,5.188524590163935,0.0028866255497660884,0.005756617909990158,0.15173197532985966,0.08196721311475409,0,0.15504919824575433,0.24106726184053134,2.1031264646963304,0.5589480996514713,0.0,1.0,0.0,0.2,0.0,0.2,0.0,0.08,0.044897959183673466,0.25057732510995323,0.25057732510995323
440,0.9836556161845473,0.4526603758292277,0.9563047170082661,0.46764363372484824,0.26558979316785597,0.44840968109071855,0.8683127572016461,0.44786607566750236,0.41540483881373674,0.12345679012345678,0.6028571428571429,0.41649915516851205,0.39239029629907823,0.09142857142857143,0.0411522633744856,0.03428571428571429,0.3057142857142857,15.311428571428571,0.00411522633744856,0.002857142857142857,0.031578401906368625,0.13226186395250328,5.152263374485597,0.002800026783273106,0.0055844024958126015,0.15168001606996387,0.0823045267489712,0,0.1549308093973827,0.23986192553132868,2.0953496496881177,0.5708677511014895,0.0,0.9166666666666666,0.0,0.2,0.0,0.2,0.0,0.08,0.045081967213114756,0.2505600053566546,0.2505600053566546
441,0.9835388891977394,0.45252701443624477,0.9562236751288538,0.46721619413916254,0.26558979316785597,0.4485982178027913,0.8930041152263375,0.44786607566750236,0.41540483881373674,0.12345679012345678,0.62,0.41649915516851205,0.39239029629907823,0.09142857142857143,0.0411522633744856,0.03142857142857143,0.3057142857142857,15.311428571428571,0.00411522633744856,0.0,0.03161132757122907,0.13225299850839933,5.152263374485597,0.0027160259797749126,0.00541732504316228,0.15162961558786495,0.07818930041152264,0,0.15449829892182435,0.23866261590367205,2.084871228122927,0.5594503960794597,0.0,1.0,0.0,0.2,0.0,0.2,0.0,0.08,0.0411522633744856,0.25054320519595497,0.25054320519595497
442,0.9846986623034656,0.4521453322303299,0.9570288890279725,0.4671966131350208,0.26558979316785597,0.44887615770504236,0.9012345679012346,0.44803068472100027,0.4155282956038602,0.12345679012345678,0.6257142857142857,0.4166134408827978,0.3924760105847924,0.09142857142857143,0.04526748971193416,0.03142857142857143,0.3057142857142857,15.314285714285715,0.00411522633744856,0.0,0.03162187618738435,0.13224439902761853,5.152263374485597,0.002634545200381665,0.005255233093089617,0.151580727120229,0.07818930041152264,0,0.15432580742721524,0.23746930282415368,2.0746023749890394,0.5711143121019209,0.0,0.9090909090909091,0.0,0.2,0.0,0.2,0.0,0.08,0.04526748971193416,0.25052690904007635,0.25052690904007635
443,0.9839589625121605,0.45075802030320206,0.9565153260300092,0.46577371330622097,0.26558979316785597,0.44907857980372906,0.8888888888888888,0.4481952937744983,0.41565175239398366,0.12345679012345678,0.6171428571428571,0.41672772659708357,0.3925617248705067,0.09142857142857143,0.0411522633744856,0.03142857142857143,0.3057142857142857,15.32,0.00411522633744856,0.0,0.031632113918681225,0.13223605753126105,5.152263374485597,0.002555508844370215,0.005097978661524283,0.15153330530662212,0.07818930041152264,0,0.15477283153084379,0.2362819563100329,2.06453889891783,0.5747014009509618,0.0,0.9090909090909091,0.0,0.2,0.0,0.2,0.0,0.08,0.0411522633744856,0.25051110176887403,0.25051110176887403
444,0.9834393558359718,0.4492952044285656,0.9561545705376838,0.4643767775649867,0.26558979316785597,0.4493024930499996,0.8930041152263375,0.4481952937744983,0.41565175239398366,0.12345679012345678,0.62,0.41672772659708357,0.3925617248705067,0.09142857142857143,0.03292181069958848,0.025714285714285714,0.3057142857142857,15.325714285714286,0.00411522633744856,0.0,0.031642049764190196,0.1322279662797943,5.152263374485597,0.0024788435790391084,0.004945418110839261,0.15148730614742345,0.07818930041152264,0,0.1543126823731896,0.23510054652848275,2.0489624066537595,0.5632073729319426,0.0,1.0,0.0,0.2,0.0,0.2,0.0,0.08,0.03292181069958848,0.2504957687158078,0.2504957687158078
445,0.9853387592686024,0.44953560358875344,0.9574732992066244,0.4648300975040653,0.26558979316785597,0.44945937187146323,0.9053497942386831,0.4482775983012472,0.4157134807890453,0.12345679012345678,0.6285714285714286,0.4167848694542264,0.3926045820133639,0.09142857142857143,0.0205761316872428,0.017142857142857144,0.3057142857142857,15.32857142857143,0.00411522633744856,0.0,0.0316516924721953,0.13222011776587156,5.152263374485597,0.002404478271667935,0.004797412024927561,0.15144268696300076,0.07818930041152264,0,0.1541976911041808,0.24878740232233718,2.025126015663541,0.610644075912889,0.0,0.8333333333333334,0.0,0.2,0.0,0.2,0.0,0.08,0.0205761316872428,0.25048089565433357,0.25048089565433357
446,0.9840524577775297,0.45012803624783265,0.9565802384571084,0.46520247871535947,0.26558979316785597,0.44964910524223956,0.8930041152263375,0.4482775983012472,0.4157134807890453,0.12345679012345678,0.62,0.4167848694542264,0.3926045820133639,0.09142857142857143,0.02880658436213992,0.02857142857142857,0.3057142857142857,15.331428571428571,0.00411522633744856,0.0,0.031661050546598554,0.13221250470736656,5.152263374485597,0.002332343923517897,0.004653825087704844,0.15139940635411073,0.07818930041152264,0,0.1538812840558206,0.2475434653107255,2.013194923921699,0.5984311943946312,0.0,1.0,0.0,0.2,0.0,0.2,0.0,0.08,0.02880658436213992,0.2504664687847036,0.2504664687847036
447,0.9829013577462417,0.4493967308919894,0.9557810461496713,0.4647497987970738,0.26558979316785597,0.44988771399444516,0.897119341563786,0.4482775983012472,0.4157134807890453,0.12345679012345678,0.6228571428571429,0.4167848694542264,0.3926045820133639,0.09142857142857143,0.0411522633744856,0.02857142857142857,0.3057142857142857,15.32857142857143,0.00411522633744856,0.0,0.031670132253197016,0.13220512004061669,5.152263374485597,0.0022623736058123597,0.00451452596495705,0.1513574241634874,0.07818930041152264,0,0.15348202263554148,0.24630574798417185,2.0015024540146937,0.5864625705067387,0.0,1.0,0.0,0.2,0.0,0.2,0.0,0.08,0.0411522633744856,0.2504524747211625,0.2504524747211625
448,0.9825199338204508,0.4489346213384369,0.9555162289669079,0.4645292217665321,0.26558979316785597,0.4502023834407265,0.9012345679012346,0.44844220735474516,0.4158369375791688,0.12345679012345678,0.6257142857142857,0.41689915516851217,0.3926902962990781,0.09142857142857143,0.04938271604938271,0.03428571428571429,0.3057142857142857,15.331428571428571,0.00411522633744856,0.0,0.03167894562583281,0.13219795691386932,5.152263374485597,0.002194502397637989,0.0043793871894469705,0.15131670143858278,0.07818930041152264,0,0.1534567560937924,0.245074219244251,1.995758119220114,0.5747333190966039,0.0,0.9166666666666666,0.0,0.2,0.0,0.2,0.0,0.08,0.04938271604938271,0.2504389004795276,0.2504389004795276
449,0.9834550473683638,0.4495919060845228,0.9561654649444589,0.4650947131154482,0.26558979316785597,0.45050603488927715,0.8930041152263375,0.44844220735474516,0.4158369375791688,0.12345679012345678,0.62,0.41689915516851217,0.3926902962990781,0.09142857142857143,0.02880658436213992,0.02,0.3057142857142857,15.331428571428571,0.00411522633744856,0.0,0.03168749847241612,0.13219100868092437,5.152263374485597,0.002128667325708849,0.004248285049200606,0.1512772003954253,0.07818930041152264,0,0.15288932945618053,0.24384884814802976,1.9758429568357114,0.5632386527146718,0.0,1.0,0.0,0.2,0.0,0.2,0.0,0.08,0.02880658436213992,0.25042573346514174,0.25042573346514174
