t,mean_x,mean_y,mean_x_all,mean_y_all,mean_L,y0,mean_epc,mean_r,mean_b,fund_prevalence,mean_epc_all,mean_r_all,mean_b_all,fund_prevalence_all,punish_rate,mean_punished,exit_rate,mean_exit_intent,exit_attempt_rate,exit_success_rate,p_opp_mean,stay_value,mean_degree_active,threat,A,budget,enforcer_frac,n_cadre_fallback,cap_mean,cap_p90,service_mean,service_p90,monopoly_on,enforcer_punish_share_step,alpha_punish_revalue,delta_outside_degrade,mu_membership_reward,current_delta,eta_delta_drift,punish_floor,punish_intensity_step,pi_reward,lam_punish
0,0.3560567298399871,0.4960547417470088,0.3560567298399871,0.4960547417470088,0.23632945151062196,0.5,0.0,0.33037189852242743,0.340846062413867,0.0,0.0,0.33037189852242743,0.340846062413867,0.0,0.0,0.0,0.0,0.0,0.0,0.0,0.5,0.0,11.794285714285714,0.0,0.0,0.0,0.0,0,0.0,0.0,0.0,0.0,0.0,0.0,0.0,0.1,0.0,0.1,0.0,0.08,0.0,0.25,0.25
1,0.36312580155530527,0.49684280281411075,0.36312580155530527,0.49684280281411075,0.23632945151062196,0.5,0.6971428571428572,0.3308861842367132,0.3412317766995813,0.0,0.6971428571428572,0.3308861842367132,0.3412317766995813,0.0,0.014285714285714285,0.014285714285714285,0.0,0.02857142857142857,0.0,0.0,0.03109926329431149,0.11836634914903713,11.794285714285714,0.0,0.0,0.15,0.08,28,0.002142857142857143,0.0,0.014285714285714285,0.0,0.0,0.8,0.0,0.1,0.0,0.1,0.0,0.08,0.014285714285714285,0.25,0.25
2,0.37264058202905176,0.4963372001619272,0.37264058202905176,0.4963372001619272,0.23632945151062196,0.5,0.8971428571428571,0.3316861842367132,0.34183177669958137,0.0,0.8971428571428571,0.3316861842367132,0.34183177669958137,0.0,0.022857142857142857,0.022857142857142857,0.0,0.03428571428571429,0.0,0.0,0.03109926329431149,0.11836634914903713,11.794285714285714,0.0,0.0,0.15,0.08,27,0.005560714285714286,0.0,0.03685714285714286,0.0,0.0,0.875,0.0,0.1,0.0,0.1,0.0,0.08,0.022857142857142857,0.25,0.25
3,0.381238213667338,0.49696000741251767,0.381238213667338,0.49696000741251767,0.23632945151062196,0.5,0.9,0.3329484976252096,0.3428174909852956,0.002857142857142857,0.9,0.3329484976252096,0.3428174909852956,0.002857142857142857,0.03428571428571429,0.03428571428571429,0.0,0.03142857142857143,0.0,0.0,0.03109926329431149,0.11836634914903713,11.794285714285714,0.0,0.0,0.15,0.08,24,0.010675767857142858,0.0,0.07040571428571428,0.0,0.0,1.0,0.0,0.1,0.0,0.1,0.0,0.08,0.03428571428571429,0.25,0.25
4,0.3890483357880128,0.496507773918585,0.3890483357880128,0.496507773918585,0.23632945151062196,0.5055365128854308,0.8971428571428571,0.33414849762520965,0.3438889195567242,0.002857142857142857,0.8971428571428571,0.33414849762520965,0.3438889195567242,0.002857142857142857,0.037142857142857144,0.037142857142857144,0.0,0.02,0.0,0.0,0.03109926329431149,0.11836634914903713,11.794285714285714,0.0,0.0,0.15,0.08,20,0.016193817589285713,0.0,0.10614045714285712,0.0,0.0,0.9230769230769231,0.0,0.1,0.0,0.1,0.0,0.08,0.037142857142857144,0.25,0.25
5,0.3963677297433024,0.49791550476513813,0.3963677297433024,0.49791550476513813,0.23632945151062196,0.510188393814928,0.9057142857142857,0.33471992619663826,0.34444606241386705,0.005714285714285714,0.9057142857142857,0.33471992619663826,0.34444606241386705,0.005714285714285714,0.02,0.02,0.0,0.022857142857142857,0.0,0.0,0.03109926329431149,0.11836634914903713,11.794285714285714,0.0,0.0,0.15,0.08,17,0.019112848501339284,0.0,0.124017648,0.0,0.0,1.0,0.0,0.1,0.0,0.1,0.0,0.08,0.02,0.25,0.25
6,0.4051053715343268,0.4979876426199545,0.4051053715343268,0.4979876426199545,0.23632945151062196,0.5064540647442661,0.9485714285714286,0.33557706905378104,0.3451746338424385,0.005714285714285714,0.9485714285714286,0.33557706905378104,0.3451746338424385,0.005714285714285714,0.025714285714285714,0.025714285714285714,0.0,0.022857142857142857,0.0,0.0,0.03109926329431149,0.11836634914903713,11.794285714285714,0.0,0.0,0.15,0.08,17,0.022874427115975444,0.0,0.1472515807542857,0.0,0.0,0.8888888888888888,0.0,0.1,0.0,0.1,0.0,0.08,0.025714285714285714,0.25,0.25
7,0.4154092123674948,0.4978312961453467,0.4154092123674948,0.4978312961453467,0.23632945151062196,0.5034518703068841,0.92,0.3370056404823525,0.3464174909852956,0.011428571428571429,0.92,0.3370056404823525,0.3464174909852956,0.011428571428571429,0.045714285714285714,0.045714285714285714,0.0,0.022857142857142857,0.0,0.0,0.03109926329431149,0.11836634914903713,11.794285714285714,0.0,0.0,0.15,0.08,16,0.029617197837538422,0.0,0.1900208348534857,0.0,0.0,0.8125,0.0,0.1,0.0,0.1,0.0,0.08,0.045714285714285714,0.25,0.25
8,0.4276034225345701,0.4985143877636329,0.4276034225345701,0.4985143877636329,0.23632945151062196,0.501386694803121,0.9257142857142857,0.33820564048235247,0.3474032052710099,0.011428571428571429,0.9257142857142857,0.33820564048235247,0.3474032052710099,0.011428571428571429,0.037142857142857144,0.037142857142857144,0.0,0.02,0.0,0.0,0.03109926329431149,0.11836634914903713,11.794285714285714,0.0,0.0,0.15,0.08,13,0.035040540419779304,0.0,0.2233632752992731,0.0,0.0,0.9230769230769231,0.0,0.1,0.0,0.1,0.0,0.08,0.037142857142857144,0.25,0.25
9,0.43665392729073543,0.4978673130738785,0.43665392729073543,0.4978673130738785,0.23632945151062196,0.49925189610834353,0.8971428571428571,0.3396124706682028,0.34877463384243845,0.011428571428571429,0.8971428571428571,0.3396124706682028,0.34877463384243845,0.011428571428571429,0.04285714285714286,0.04857142857142857,0.0,0.014285714285714285,0.0,0.0,0.03109926329431149,0.11836634914903713,11.794285714285714,0.0,0.0,0.15,0.08,12,0.04113323985697981,0.0,0.2674674383647162,0.0,0.0,1.0,0.0,0.1,0.0,0.1,0.0,0.08,0.04285714285714286,0.25,0.25
10,0.44538532792479746,0.4974032199173931,0.44538532792479746,0.4974032199173931,0.23632945151062196,0.4970558039550727,0.9171428571428571,0.3404896835567689,0.34984606241386706,0.014285714285714285,0.9171428571428571,0.3404896835567689,0.34984606241386706,0.014285714285714285,0.037142857142857144,0.037142857142857144,0.0,0.025714285714285714,0.0,0.0,0.03109926329431149,0.11836634914903713,11.794285714285714,0.0,0.0,0.15,0.08,11,0.046099002229123484,0.0,0.2992609467402791,0.0,0.0,0.9230769230769231,0.0,0.1,0.0,0.1,0.0,0.08,0.037142857142857144,0.25,0.25
11,0.4547222466257496,0.4970734350269422,0.4547222466257496,0.4970734350269422,0.23632945151062196,0.4963581685266817,0.9114285714285715,0.341888935236263,0.351046062413867,0.014285714285714285,0.9114285714285715,0.341888935236263,0.351046062413867,0.014285714285714285,0.045714285714285714,0.045714285714285714,0.0,0.04,0.0,0.0,0.03109926329431149,0.11836634914903713,11.794285714285714,0.0,0.0,0.15,0.08,11,0.05213612549105438,0.0,0.33899001351975916,0.0,0.0,0.9375,0.0,0.1,0.0,0.1,0.0,0.08,0.045714285714285714,0.25,0.25
12,0.465452815018282,0.4974796739312759,0.465452815018282,0.4974796739312759,0.23632945151062196,0.4953611648878574,0.8885714285714286,0.343229861227986,0.3526317766995813,0.014285714285714285,0.8885714285714286,0.343229861227986,0.3526317766995813,0.014285714285714285,0.05142857142857143,0.054285714285714284,0.0,0.06285714285714286,0.0,0.0,0.03109926329431149,0.11836634914903713,11.794285714285714,0.0,0.0,0.15,0.08,9,0.058655263092722794,0.0,0.3864959275350783,0.0,0.0,1.0,0.0,0.1,0.0,0.1,0.0,0.08,0.05142857142857143,0.25,0.25
13,0.47415728813762664,0.4978533048205589,0.47415728813762664,0.4978533048205589,0.23632945151062196,0.4942891080336068,0.9228571428571428,0.34422422208515413,0.3541374670918105,0.022857142857142857,0.9228571428571428,0.34422422208515413,0.3541374670918105,0.022857142857142857,0.054285714285714284,0.06,0.0,0.04857142857142857,0.0,0.0,0.03109926329431149,0.11836634914903713,11.794285714285714,0.0,0.0,0.15,0.08,8,0.06444770106297347,0.0,0.43876600898437673,0.0,0.0,1.0,0.0,0.1,0.0,0.1,0.0,0.08,0.054285714285714284,0.25,0.25
14,0.482718460194243,0.4981002980430365,0.482718460194243,0.4981002980430365,0.23632945151062196,0.4960228229828305,0.8942857142857142,0.34554072708293065,0.35559460994895337,0.025714285714285714,0.8942857142857142,0.34554072708293065,0.35559460994895337,0.025714285714285714,0.04857142857142857,0.054285714285714284,0.0,0.04285714285714286,0.0,0.0,0.03109926329431149,0.11836634914903713,11.794285714285714,0.0,0.0,0.15,0.08,6,0.07101117684337288,0.0,0.4842764030904034,0.0,0.0,1.0,0.0,0.1,0.0,0.1,0.0,0.08,0.04857142857142857,0.25,0.25
15,0.49181934358391816,0.49709262089910816,0.49181934358391816,0.49709262089910816,0.23632945151062196,0.4982253806688708,0.9485714285714286,0.34685501279721637,0.35728538259901865,0.025714285714285714,0.9485714285714286,0.34685501279721637,0.35728538259901865,0.025714285714285714,0.06571428571428571,0.06571428571428571,0.0,0.06571428571428571,0.0,0.0,0.03109926329431149,0.11836634914903713,11.794285714285714,0.0,0.0,0.15,0.08,5,0.0775132793625741,0.0,0.5403051607428812,0.0,0.0,1.0,0.0,0.1,0.0,0.1,0.0,0.08,0.06571428571428571,0.25,0.25
16,0.5030852944135386,0.49757002579694926,0.5030852944135386,0.49757002579694926,0.23632945151062196,0.5001443794248924,0.9028571428571428,0.34799786994007353,0.3583123111029574,0.02857142857142857,0.9028571428571428,0.34799786994007353,0.3583123111029574,0.02857142857142857,0.045714285714285714,0.045714285714285714,0.0,0.037142857142857144,0.0,0.0,0.03109926329431149,0.11836634914903713,11.794285714285714,0.0,0.0,0.15,0.08,3,0.08298472095999715,0.0,0.5752133432423091,0.0,0.0,1.0,0.0,0.1,0.0,0.1,0.0,0.08,0.045714285714285714,0.25,0.25
17,0.511710252102969,0.49855491151293907,0.511710252102969,0.49855491151293907,0.23632945151062196,0.5013873538031844,0.9371428571428572,0.34862644136864496,0.3594265968172431,0.02857142857142857,0.9371428571428572,0.34862644136864496,0.3594265968172431,0.02857142857142857,0.05142857142857143,0.05142857142857143,0.0,0.054285714285714284,0.0,0.0,0.03109926329431149,0.11836634914903713,11.794285714285714,0.0,0.0,0.15,0.08,2,0.08713432866088969,0.013913534532278076,0.6151376478060344,0.07385691026455715,0.0,0.8888888888888888,0.0,0.1,0.0,0.1,0.0,0.08,0.05142857142857143,0.25,0.25
18,0.5219029047334193,0.49802262184431423,0.5219029047334193,0.49802262184431423,0.23632945151062196,0.5024633716877258,0.92,0.3497121556543592,0.3606134810386058,0.03142857142857143,0.92,0.3497121556543592,0.3606134810386058,0.03142857142857143,0.06,0.06285714285714286,0.0,0.10285714285714286,0.0,0.0,0.03109926329431149,0.11836634914903713,11.794285714285714,0.0,0.0,0.15,0.08,2,0.09164094344615667,0.013843966859616686,0.6656920377070565,0.07237977205926602,0.0,1.0,0.0,0.1,0.0,0.1,0.0,0.08,0.06,0.25,0.25
19,0.5292957171673968,0.4991961028292768,0.5292957171673968,0.4991961028292768,0.23632945151062196,0.5034875949027198,0.9257142857142857,0.35102644136864497,0.36202110936364995,0.03142857142857143,0.9257142857142857,0.35102644136864497,0.36202110936364995,0.03142857142857143,0.07142857142857142,0.07714285714285714,0.0,0.11714285714285715,0.0,0.0,0.03109926329431149,0.11836634914903713,11.794285714285714,0.0,0.0,0.15,0.08,2,0.09653428378631097,0.1392755311836713,0.7295210540957726,0.7416144313068743,0.0,0.9259259259259259,0.0,0.1,0.0,0.1,0.0,0.08,0.07142857142857142,0.25,0.25
20,0.5379126179323642,0.49846901573873204,0.5379126179323642,0.49846901573873204,0.23632945151062196,0.5042575172001543,0.9,0.3521873958254082,0.36330682364936423,0.037142857142857144,0.9,0.3521873958254082,0.36330682364936423,0.037142857142857144,0.06285714285714286,0.06285714285714286,0.0,0.16857142857142857,0.0,0.0,0.03109926329431149,0.11836634914903713,11.794285714285714,0.0,0.0,0.15,0.08,2,0.10093732665309371,0.13990478651427668,0.777787775871,0.7551799862534223,0.0,0.9545454545454546,0.0,0.1,0.0,0.1,0.0,0.08,0.06285714285714286,0.25,0.25
21,0.5479201388610306,0.4996494285071003,0.5479201388610306,0.4996494285071003,0.23632945151062196,0.5052631178097504,0.8885714285714286,0.3540087134982553,0.3654851266271687,0.04,0.8885714285714286,0.3540087134982553,0.3654851266271687,0.04,0.09142857142857143,0.09428571428571429,0.0,0.17714285714285713,0.0,0.0,0.03109926329431149,0.11836634914903713,11.794285714285714,0.0,0.0,0.15,0.08,2,0.10823406617212442,0.142386599571643,0.8565177346392943,0.8110502953548185,0.0,0.9090909090909091,0.0,0.1,0.0,0.1,0.0,0.08,0.09142857142857143,0.25,0.25
22,0.5580179146977479,0.5003152221581819,0.5580179146977479,0.5003152221581819,0.23632945151062196,0.5063649153823611,0.9171428571428571,0.3548087134982554,0.3665994123414544,0.04,0.9171428571428571,0.3548087134982554,0.3665994123414544,0.04,0.07428571428571429,0.08,0.0,0.2,0.0,0.0,0.03109926329431149,0.11836634914903713,11.794285714285714,0.0,0.0,0.15,0.08,2,0.11133547588636887,0.14562902005992398,0.9193873799465083,0.8876502224576002,0.0,0.9642857142857143,0.0,0.1,0.0,0.1,0.0,0.08,0.07428571428571429,0.25,0.25
23,0.5690256121351182,0.500428989841889,0.5690256121351182,0.500428989841889,0.23632945151062196,0.5075472888680598,0.9142857142857143,0.35577536985433467,0.36809941234145444,0.04,0.9142857142857143,0.35577536985433467,0.36809941234145444,0.04,0.07428571428571429,0.08571428571428572,0.0,0.22857142857142856,0.002857142857142857,0.0,0.03109926329431149,0.11836634914903713,11.794285714285714,0.0,0.0,0.15,0.08,2,0.1149215127926513,0.14570253127247088,0.9867139180618639,0.8894949587776007,0.0,0.9333333333333333,0.0,0.1,0.0,0.1,0.0,0.08,0.07428571428571429,0.25,0.25
24,0.577681872936988,0.5010333152036374,0.577681872936988,0.5010333152036374,0.23632945151062196,0.508991608781972,0.8971428571428571,0.3566325127114775,0.36917084091288294,0.04285714285714286,0.8971428571428571,0.3566325127114775,0.36917084091288294,0.04285714285714286,0.06,0.06571428571428571,0.0,0.24571428571428572,0.0,0.0,0.03109926329431149,0.11836634914903713,11.794285714285714,0.0,0.0,0.15,0.08,2,0.11843124802015634,0.14628731296828124,1.0326939254149123,0.9039207967999998,0.0,0.9565217391304348,0.0,0.1,0.0,0.1,0.0,0.08,0.06,0.25,0.25
25,0.5871818553304838,0.5016979724054583,0.5871818553304838,0.5016979724054583,0.23632945151062196,0.5101870801279256,0.92,0.35748965556862033,0.37058512662716875,0.04285714285714286,0.92,0.35748965556862033,0.37058512662716875,0.04285714285714286,0.07428571428571429,0.07714285714285714,0.0,0.2885714285714286,0.005714285714285714,0.0,0.03109926329431149,0.11836634914903713,11.794285714285714,0.0,0.0,0.15,0.08,2,0.121638094633627,0.14702242509375,1.0891829040494712,0.9223681599999999,0.0,0.9259259259259259,0.0,0.1,0.0,0.1,0.0,0.08,0.07428571428571429,0.25,0.25
26,0.5964927875574426,0.5017769006750564,0.5964927875574426,0.5017769006750564,0.23632945151062196,0.5113498163102874,0.8771428571428571,0.3590175285259965,0.3725565551985973,0.045714285714285714,0.8771428571428571,0.3590175285259965,0.3725565551985973,0.045714285714285714,0.09714285714285714,0.09714285714285714,0.0,0.31142857142857144,0.005714285714285714,0.0,0.03109926329431149,0.11836634914903713,11.794285714285714,0.0,0.0,0.15,0.08,1,0.12721516947944023,0.14628731296828124,1.1645421031113388,0.9039207967999998,0.0,1.0,0.0,0.1,0.0,0.1,0.0,0.08,0.09714285714285714,0.25,0.25
27,0.6061359386448805,0.5009510882376461,0.6061359386448805,0.5009510882376461,0.23632945151062196,0.512582785517982,0.8971428571428571,0.36052372735468863,0.3748279837700259,0.05714285714285714,0.8971428571428571,0.36052372735468863,0.3748279837700259,0.05714285714285714,0.09428571428571429,0.10285714285714286,0.0,0.36,0.005714285714285714,0.0,0.03109926329431149,0.11836634914903713,11.794285714285714,0.0,0.0,0.15,0.08,1,0.13309138718563232,0.14636082418082813,1.2441084039062549,0.9057655331200002,0.0,0.9166666666666666,0.0,0.1,0.0,0.1,0.0,0.08,0.09428571428571429,0.25,0.25
28,0.6151322692718133,0.5012647277747944,0.6151322692718133,0.5012647277747944,0.23632945151062196,0.5128333529469221,0.9142857142857143,0.36149515592611714,0.37672301087554544,0.05714285714285714,0.9142857142857143,0.36149515592611714,0.37672301087554544,0.05714285714285714,0.10571428571428572,0.11142857142857143,0.0,0.3942857142857143,0.011428571428571429,0.0,0.03109926329431149,0.11836634914903713,11.794285714285714,0.0,0.0,0.15,0.08,1,0.13668121980945225,0.14628731296828124,1.330654807256701,0.9039207967999998,0.0,0.9743589743589743,0.0,0.1,0.0,0.1,0.0,0.08,0.10571428571428572,0.25,0.25
29,0.6250022395760023,0.5012177788552252,0.6250022395760023,0.5012177788552252,0.23632945151062196,0.5130983896909453,0.8885714285714286,0.36269515592611723,0.3779791288665146,0.06,0.8885714285714286,0.36269515592611723,0.3779791288665146,0.06,0.08,0.09142857142857143,0.0,0.4257142857142857,0.014285714285714285,0.0,0.03109926329431149,0.11836634914903713,11.794285714285714,0.0,0.0,0.15,0.08,1,0.141454813710405,0.14636082418082813,1.3954702825401386,0.9057655331200002,0.0,0.9375,0.0,0.1,0.0,0.1,0.0,0.08,0.08,0.25,0.25
30,0.6337699680534387,0.5016915831963735,0.6337699680534387,0.5016915831963735,0.23632945151062196,0.5132711840126972,0.8628571428571429,0.363482168809799,0.37954419578507764,0.06285714285714286,0.8628571428571429,0.363482168809799,0.37954419578507764,0.06285714285714286,0.08571428571428572,0.08857142857142856,0.0,0.5,0.014285714285714285,0.0,0.03109926329431149,0.11836634914903713,11.794285714285714,0.0,0.0,0.15,0.08,1,0.14388967223632204,0.14562902005992398,1.4561323054607642,0.8876502224576002,0.0,1.0,0.0,0.1,0.0,0.1,0.0,0.08,0.08571428571428572,0.25,0.25
31,0.6433839135000744,0.5024937149897922,0.6433839135000744,0.5024937149897922,0.23632945151062196,0.5135653513810098,0.8514285714285714,0.3647712759261635,0.380829910070792,0.06285714285714286,0.8514285714285714,0.3647712759261635,0.380829910070792,0.06285714285714286,0.11142857142857143,0.11428571428571428,0.0,0.52,0.014285714285714285,0.0,0.03109926329431149,0.11836634914903713,11.794285714285714,0.0,0.0,0.15,0.08,1,0.1479647590772208,0.14490087495962437,1.5412953736372634,0.8698972180084482,0.0,1.0,0.0,0.1,0.0,0.1,0.0,0.08,0.11142857142857143,0.25,0.25
32,0.6524594741384929,0.5027981984164496,0.6524594741384929,0.5027981984164496,0.23632945151062196,0.5139244449001497,0.88,0.3655220471052351,0.3815422020727628,0.06571428571428571,0.88,0.3655220471052351,0.3815422020727628,0.06571428571428571,0.08,0.08571428571428572,0.0,0.6,0.014285714285714285,0.0,0.03109926329431149,0.11836634914903713,11.794285714285714,0.0,0.0,0.15,0.08,1,0.1505797425202282,0.14497401861610854,1.5961837518788038,0.8717050596020486,0.0,0.9333333333333333,0.0,0.1,0.0,0.1,0.0,0.08,0.08,0.25,0.25
33,0.6595754194669718,0.504019853669186,0.6595754194669718,0.504019853669186,0.23632945151062196,0.514206907851069,0.8657142857142858,0.3655220471052351,0.38218505921562,0.06571428571428571,0.8657142857142858,0.3655220471052351,0.38218505921562,0.06571428571428571,0.08857142857142856,0.09142857142857143,0.0,0.64,0.014285714285714285,0.0,0.03109926329431149,0.11836634914903713,11.794285714285714,0.0,0.0,0.15,0.08,1,0.15034041595048422,0.14424914852302798,1.6556886482697992,0.8542709584100077,0.0,1.0,0.0,0.1,0.0,0.1,0.0,0.08,0.08857142857142856,0.25,0.25
34,0.669307324669983,0.5044536881165234,0.669307324669983,0.5044536881165234,0.23632945151062196,0.5144593110302639,0.8685714285714285,0.3671220471052351,0.38384572000223327,0.06857142857142857,0.8685714285714285,0.3671220471052351,0.38384572000223327,0.06857142857142857,0.09428571428571429,0.10571428571428572,0.0,0.6857142857142857,0.014285714285714285,0.0,0.03109926329431149,0.11836634914903713,11.794285714285714,0.0,0.0,0.15,0.08,1,0.15531953208672175,0.14490087495962437,1.7282891610186886,0.8698972180084482,0.0,0.918918918918919,0.0,0.1,0.0,0.1,0.0,0.08,0.09428571428571429,0.25,0.25
35,0.6770401288460716,0.5054808394853181,0.6770401288460716,0.5054808394853181,0.23632945151062196,0.5146931998617968,0.8342857142857143,0.36832204710523514,0.38474057544275486,0.07142857142857142,0.8342857142857143,0.36832204710523514,0.38474057544275486,0.07142857142857142,0.09142857142857143,0.1,0.0,0.8,0.022857142857142857,0.0,0.03109926329431149,0.11836634914903713,11.794285714285714,0.0,0.0,0.15,0.08,0,0.1574133981682553,0.14490087495962437,1.7937233777983153,0.8698972180084482,0.0,0.9714285714285714,0.0,0.1,0.0,0.1,0.0,0.08,0.09142857142857143,0.25,0.25
36,0.6866451818396193,0.5044782841646183,0.6866451818396193,0.5044782841646183,0.23632945151062196,0.5152391040027281,0.8371428571428572,0.36904739725204383,0.3859405754427548,0.07142857142857142,0.8371428571428572,0.36904739725204383,0.3859405754427548,0.07142857142857142,0.09714285714285714,0.10857142857142857,0.0,0.8457142857142858,0.022857142857142857,0.0,0.03109926329431149,0.11836634914903713,11.794285714285714,0.0,0.0,0.15,0.08,0,0.15936833189169972,0.1450475298286554,1.8664203388137772,0.8735497959220491,0.0,0.9473684210526315,0.0,0.1,0.0,0.1,0.0,0.08,0.09714285714285714,0.25,0.25
37,0.6957075780977854,0.5042374700461382,0.6957075780977854,0.5042374700461382,0.23632945151062196,0.5156019813155968,0.8914285714285715,0.36967596868061525,0.3868544822450958,0.07142857142857142,0.8914285714285715,0.36967596868061525,0.3868544822450958,0.07142857142857142,0.09142857142857143,0.10285714285714286,0.0,0.9085714285714286,0.022857142857142857,0.0,0.03109926329431149,0.11836634914903713,11.794285714285714,0.0,0.0,0.15,0.08,0,0.1606495891743406,0.14628731296828124,1.9319490748946444,0.9039207967999998,0.0,0.9722222222222222,0.0,0.1,0.0,0.1,0.0,0.08,0.09142857142857143,0.25,0.25
38,0.7051283420500014,0.5047642638678095,0.7051283420500014,0.5047642638678095,0.23632945151062196,0.5159488556013544,0.8514285714285714,0.3706436447060702,0.3876071905859391,0.07142857142857142,0.8514285714285714,0.3706436447060702,0.3876071905859391,0.07142857142857142,0.09714285714285714,0.10857142857142857,0.0,0.9942857142857143,0.022857142857142857,0.0,0.03109926329431149,0.11836634914903713,11.794285714285714,0.0,0.0,0.15,0.08,0,0.1613594855141832,0.14555587640343984,2.0018815219681803,0.8858423808639998,0.0,1.0,0.0,0.1,0.0,0.1,0.0,0.08,0.09714285714285714,0.25,0.25
39,0.7141837995057981,0.5056506178717589,0.7141837995057981,0.5056506178717589,0.23632945151062196,0.5161519791163762,0.8514285714285714,0.37098650184892734,0.38803576201451057,0.07142857142857142,0.8514285714285714,0.37098650184892734,0.38803576201451057,0.07142857142857142,0.12571428571428572,0.13142857142857142,0.0,1.1114285714285714,0.02857142857142857,0.0,0.03109926329431149,0.11836634914903713,11.794285714285714,0.0,0.0,0.15,0.08,0,0.16295197380089801,0.14497401861610854,2.093272462957388,0.8717050596020486,0.0,0.9782608695652174,0.0,0.1,0.0,0.1,0.0,0.08,0.12571428571428572,0.25,0.25
40,0.7215421409295281,0.5062344453017522,0.7215421409295281,0.5062344453017522,0.23632945151062196,0.5163373151839113,0.8314285714285714,0.3721865018489273,0.38913214161261,0.07142857142857142,0.8314285714285714,0.3721865018489273,0.38913214161261,0.07142857142857142,0.13428571428571429,0.15428571428571428,0.0,1.1628571428571428,0.037142857142857144,0.0,0.03109926329431149,0.11836634914903713,11.794285714285714,0.0,0.0,0.15,0.08,0,0.1641233872058135,0.14562902005992398,2.2056927279839544,0.8876502224576002,0.0,0.9629629629629629,0.0,0.1,0.0,0.1,0.0,0.08,0.13428571428571429,0.25,0.25
41,0.7307859832369881,0.5059054939545371,0.729914301990885,0.5060241249508082,0.23632945151062196,0.5165279612794227,0.8567335243553008,0.3738423238776682,0.3900002157374207,0.07163323782234957,0.8542857142857143,0.37286489266423944,0.3899892844697529,0.07142857142857142,0.10601719197707736,0.12,0.002857142857142857,1.2342857142857142,0.04011461318051576,0.002857142857142857,0.03119229389268405,0.11836634914903713,11.57593123209169,0.0,0.0,0.15,0.08022922636103152,0,0.16444434455192727,0.14562902005992398,2.2815788734242752,0.8876502224576002,0.0,0.9761904761904762,0.0,0.1,0.0,0.1,0.0,0.08,0.10857142857142857,0.25,0.25
42,0.7377104467196482,0.506836392612836,0.7368189812921662,0.50693686990763,0.23632945151062196,0.5166952943932255,0.830945558739255,0.3744228101905006,0.39117375088413264,0.07163323782234957,0.8285714285714286,0.37344372044474944,0.3911594666589027,0.07142857142857142,0.13753581661891118,0.14857142857142858,0.002857142857142857,1.3428571428571427,0.04297994269340974,0.0,0.03126751463414703,0.11836634914903713,11.57593123209169,0.0,0.0,0.15,0.08022922636103152,0,0.16527840854345335,0.14643470479645315,2.3845187245272186,0.9076479171200007,0.0,0.9615384615384616,0.0,0.1,0.0,0.1,0.0,0.08,0.13753581661891118,0.25,0.25
43,0.7434392781653968,0.5078515486429811,0.7425314446480696,0.5079180195937268,0.23632945151062196,0.5169853115745519,0.8624641833810889,0.37468473690813525,0.39158537112755487,0.07163323782234957,0.86,0.3737048988003338,0.3915699108444866,0.07142857142857142,0.09742120343839542,0.10285714285714286,0.002857142857142857,1.46,0.04871060171919771,0.0,0.03126751463414703,0.11836634914903713,11.57593123209169,0.0,0.0,0.15,0.08022922636103152,0,0.16579473078645038,0.14776123124999999,2.4396854928938168,0.9411919999999999,0.0,0.9444444444444444,0.0,0.1,0.0,0.1,0.0,0.08,0.09742120343839542,0.25,0.25
44,0.7518131664190794,0.5082624211885871,0.7498098303386811,0.5083004107081422,0.23632945151062196,0.5173893558331891,0.8189655172413793,0.3751719922508642,0.3918252417699933,0.07183908045977011,0.8142857142857143,0.373990613086048,0.39182877130555915,0.07142857142857142,0.12643678160919541,0.14,0.005714285714285714,1.5542857142857143,0.04597701149425287,0.002857142857142857,0.031271717248896845,0.11836634914903711,11.551724137931034,0.0,0.0,0.15,0.08045977011494253,0,0.16702175784680381,0.147096305709375,2.5308917830359405,0.9242505440000003,0.0,0.9795918367346939,0.0,0.1,0.0,0.1,0.0,0.08,0.12893982808022922,0.25,0.25
45,0.7605602570424025,0.5094623718371492,0.7585069375870142,0.5094633018215224,0.23632945151062196,0.5178912823766683,0.8189655172413793,0.3753444060439676,0.3920139620870186,0.07471264367816093,0.8142857142857143,0.3741620416574766,0.39201641322077274,0.07428571428571429,0.1235632183908046,0.13714285714285715,0.005714285714285714,1.6457142857142857,0.05172413793103448,0.0,0.03129152177596469,0.11836634914903711,11.551724137931034,0.0,0.0,0.15,0.08045977011494253,0,0.16784222405399837,0.14636082418082813,2.617416804518079,0.9057655331200002,0.0,1.0,0.0,0.1,0.0,0.1,0.0,0.08,0.1235632183908046,0.25,0.25
46,0.7681596938035306,0.5098848581669266,0.7650850528815306,0.5099352251817412,0.23632945151062196,0.5186617621548978,0.7809798270893372,0.37542927937435644,0.39221524740560404,0.07492795389048991,0.7742857142857142,0.3742763273717623,0.39210212750648704,0.07428571428571429,0.11815561959654179,0.12571428571428572,0.008571428571428572,1.7571428571428571,0.05475504322766571,0.002857142857142857,0.031346185821340834,0.11836634914903714,11.469740634005763,0.0,0.0,0.15,0.08069164265129683,0,0.16814458721587125,0.14562902005992398,2.6907827541420026,0.8876502224576002,0.0,1.0,0.0,0.1,0.0,0.1,0.0,0.08,0.11781609195402298,0.25,0.25
47,0.7740965454941695,0.5100828223432103,0.7709710172719642,0.5101899451638873,0.23632945151062196,0.5196767959196522,0.7723342939481268,0.37560219003718065,0.39234493040272217,0.07492795389048991,0.7657142857142857,0.3744477559431909,0.3922306989350584,0.07428571428571429,0.12968299711815562,0.15142857142857144,0.008571428571428572,1.8542857142857143,0.06051873198847262,0.0,0.031359762831311505,0.11836634914903714,11.469740634005763,0.0,0.0,0.15,0.08069164265129683,0,0.16890314999407763,0.14562902005992398,2.788395670487734,0.8876502224576002,0.0,0.9811320754716981,0.0,0.1,0.0,0.1,0.0,0.08,0.12968299711815562,0.25,0.25
48,0.77990055038002,0.5094631779586268,0.775803554977596,0.5097823830403435,0.23632945151062196,0.5206584087310285,0.7658959537572254,0.3759114143716467,0.39216426188306774,0.07514450867052024,0.7571428571428571,0.3746763273717623,0.392402127506487,0.07428571428571429,0.11560693641618497,0.14,0.011428571428571429,1.9857142857142858,0.057803468208092484,0.002857142857142857,0.031444624953270134,0.11836634914903713,11.369942196531792,0.0,0.0,0.15,0.08092485549132948,0,0.16968481456245207,0.14555587640343984,2.8726277570779795,0.8858423808639998,0.0,0.9795918367346939,0.0,0.1,0.0,0.1,0.0,0.08,0.11815561959654179,0.25,0.25
49,0.7839975445710705,0.5106535849260192,0.7801764953451469,0.5112839974636563,0.23632945151062196,0.5215535576505322,0.736231884057971,0.3759741931836221,0.39341894193991334,0.07536231884057971,0.7257142857142858,0.37507632737176233,0.3927021275064871,0.07428571428571429,0.13043478260869565,0.1457142857142857,0.014285714285714285,2.1342857142857143,0.057971014492753624,0.002857142857142857,0.03150121080372725,0.11836634914903711,11.327536231884057,0.0,0.0,0.15,0.08115942028985507,0,0.17040710548963983,0.14482809702142263,2.960889487650706,0.8681255332467198,0.0,1.0,0.0,0.1,0.0,0.1,0.0,0.08,0.1329479768786127,0.25,0.25
50,0.7912521353954333,0.5112117365204852,0.7864646400890148,0.5113804461658552,0.23632945151062196,0.5226205623298832,0.7201166180758017,0.376997955577578,0.39469252074070904,0.07580174927113703,0.7057142857142857,0.3754763273717623,0.39300212750648705,0.07428571428571429,0.10787172011661808,0.13714285714285715,0.02,2.22,0.05539358600583091,0.005714285714285714,0.03160741472655519,0.11836634914903713,11.142857142857142,0.0,0.0,0.15,0.08163265306122448,0,0.17120993494435233,0.14417637058482624,3.038814555040548,0.8524992736482793,0.0,0.9791666666666666,0.0,0.1,0.0,0.1,0.0,0.08,0.11304347826086956,0.25,0.25
51,0.7974940179083825,0.5110176218869352,0.792581684951705,0.5110880184946508,0.23632945151062196,0.5236280296101007,0.7551020408163265,0.3775299699604875,0.3952173020818169,0.07871720116618076,0.74,0.37599770146701367,0.3935164132207727,0.07714285714285714,0.11078717201166181,0.12857142857142856,0.02,2.34,0.0641399416909621,0.0,0.03163478666080153,0.11836634914903713,11.142857142857142,0.0,0.0,0.15,0.07871720116618076,0,0.17283874241248773,0.14410395653631553,3.1066096925111664,0.8507630225817854,0.0,0.9777777777777777,0.0,0.1,0.0,0.1,0.0,0.08,0.11078717201166181,0.25,0.25
52,0.805965804830647,0.5112071677704234,0.8003872602503876,0.5112413031107995,0.23632945151062196,0.5241384915656885,0.7748538011695907,0.3781931107894074,0.3960502984273185,0.07894736842105263,0.7571428571428571,0.37622627289558513,0.3936878417922013,0.07714285714285714,0.13450292397660818,0.15428571428571428,0.022857142857142857,2.4857142857142858,0.07017543859649122,0.002857142857142857,0.03168797955077928,0.11836634914903711,11.076023391812866,0.0,0.0,0.15,0.07894736842105263,0,0.17337352187614796,0.14338343675363394,3.1987632129466577,0.8337477621301497,0.0,1.0,0.0,0.1,0.0,0.1,0.0,0.08,0.13411078717201166,0.25,0.25
53,0.811865783395021,0.5107546096434933,0.8061523821618617,0.5108294900670348,0.23632945151062196,0.5246699907406681,0.7339181286549707,0.3781931107894074,0.3960502984273185,0.07894736842105263,0.7171428571428572,0.37622627289558513,0.3936878417922013,0.07714285714285714,0.11695906432748537,0.12571428571428572,0.022857142857142857,2.6314285714285712,0.08187134502923976,0.0,0.031688685212854485,0.11836634914903711,11.076023391812866,0.0,0.0,0.15,0.07894736842105263,0,0.17313508283819581,0.14266651956986576,3.2605022344020096,0.8170728068875467,0.0,1.0,0.0,0.1,0.0,0.1,0.0,0.08,0.11695906432748537,0.25,0.25
54,0.8176956336197173,0.5108799588333718,0.8118489786671362,0.5111130072948985,0.23632945151062196,0.5253196082128995,0.7280701754385965,0.37860246751455356,0.39653275456766934,0.07894736842105263,0.7114285714285714,0.3766262728955851,0.3941592703636299,0.07714285714285714,0.14912280701754385,0.17142857142857143,0.022857142857142857,2.7742857142857145,0.0847953216374269,0.0,0.031688685212854485,0.11836634914903711,11.076023391812866,0.0,0.0,0.15,0.07894736842105263,0,0.17355398028114769,0.14202452023180137,3.3667207611425405,0.8023654963635712,0.0,0.9833333333333333,0.0,0.1,0.0,0.1,0.0,0.08,0.14912280701754385,0.25,0.25
55,0.8242137196941576,0.5111594351912669,0.8178691057353584,0.5115370154459183,0.23632945151062196,0.5259173242318739,0.7147058823529412,0.37862185287843536,0.39779464640330897,0.07941176470588235,0.6942857142857143,0.3769638759458803,0.3945449846493442,0.07714285714285714,0.12941176470588237,0.1457142857142857,0.02857142857142857,2.902857142857143,0.08235294117647059,0.005714285714285714,0.03188592625879852,0.11836634914903713,10.758823529411766,0.0,0.0,0.15,0.07941176470588235,0,0.17345664037974196,0.14131439763064235,3.4451006316339754,0.7863181864362998,0.0,1.0,0.0,0.1,0.0,0.1,0.0,0.08,0.13157894736842105,0.25,0.25
56,0.8301044639278797,0.5115674146277487,0.8235915429909743,0.512056318602263,0.23632945151062196,0.5263916762908153,0.7676470588235295,0.37891597052549425,0.3981344273687926,0.07941176470588235,0.7457142857142857,0.3772495902315946,0.39487505758724245,0.07714285714285714,0.13529411764705881,0.1657142857142857,0.02857142857142857,3.085714285714286,0.09117647058823529,0.0,0.031924843694301236,0.11836634914903713,10.758823529411766,0.0,0.0,0.15,0.07941176470588235,0,0.17470292860641465,0.14562902005992398,3.541912904715582,0.8876502224576002,0.0,0.9482758620689655,0.0,0.1,0.0,0.1,0.0,0.08,0.13529411764705881,0.25,0.25
57,0.8340109766395762,0.5120427882118074,0.8273864410537654,0.5123757206190015,0.23632945151062196,0.5268247333057159,0.6941176470588235,0.37891597052549425,0.3982214788465737,0.07941176470588235,0.6742857142857143,0.3772495902315946,0.39495962187994416,0.07714285714285714,0.13823529411764707,0.14285714285714285,0.02857142857142857,3.202857142857143,0.09411764705882353,0.0,0.031924843694301236,0.11836634914903713,10.758823529411766,0.0,0.0,0.15,0.07941176470588235,0,0.17451484253481117,0.14490087495962437,3.613931789478413,0.8698972180084482,0.0,1.0,0.0,0.1,0.0,0.1,0.0,0.08,0.13823529411764707,0.25,0.25
58,0.8398749612076776,0.512423302778577,0.8330828832056351,0.5127276441908113,0.23632945151062196,0.5271424027531658,0.711764705882353,0.37891597052549425,0.3982214788465737,0.07941176470588235,0.6914285714285714,0.3772495902315946,0.39495962187994416,0.07714285714285714,0.15,0.17714285714285713,0.02857142857142857,3.3457142857142856,0.1,0.0,0.031924843694301236,0.11836634914903713,10.758823529411766,0.0,0.0,0.15,0.07941176470588235,0,0.17449855475070852,0.14417637058482624,3.7187960108317015,0.8524992736482793,0.0,1.0,0.0,0.1,0.0,0.1,0.0,0.08,0.15,0.25,0.25
59,0.8467333356593484,0.5117817892403388,0.8387029105836359,0.5118310303910201,0.23632945151062196,0.5274735413196313,0.7366863905325444,0.379558228196509,0.3984683198644893,0.07988165680473373,0.7114285714285714,0.3772495902315946,0.39495962187994416,0.07714285714285714,0.1242603550295858,0.14285714285714285,0.03428571428571429,3.4714285714285715,0.10355029585798817,0.005714285714285714,0.032024020553863414,0.11836634914903714,10.633136094674557,0.0,0.0,0.15,0.07988165680473373,0,0.17433977697695496,0.14345548873190211,3.78727723347221,0.8354492881753136,0.0,1.0,0.0,0.1,0.0,0.1,0.0,0.08,0.1264705882352941,0.25,0.25
60,0.8492554634190733,0.512315350942363,0.8411385653915988,0.5123239274914306,0.23632945151062196,0.5277076213172052,0.7159763313609467,0.37967657139177524,0.39855707726093886,0.07988165680473373,0.6914285714285714,0.3773638759458803,0.39504533616565846,0.07714285714285714,0.14201183431952663,0.1657142857142857,0.03428571428571429,3.625714285714286,0.10946745562130178,0.0,0.03205781885124452,0.11836634914903714,10.633136094674557,0.0,0.0,0.15,0.07988165680473373,0,0.17463893523492735,0.14360068071861457,3.8772459745170518,0.8389572240035359,0.0,0.9827586206896551,0.0,0.1,0.0,0.1,0.0,0.08,0.14201183431952663,0.25,0.25
61,0.8524282456244696,0.5120913511924139,0.8447858212753444,0.5124545747644371,0.23632945151062196,0.5278603766529134,0.7104477611940299,0.37929238855325675,0.39987551010850036,0.08059701492537313,0.68,0.37747816166016607,0.39513105045137276,0.07714285714285714,0.13134328358208955,0.14285714285714285,0.04285714285714286,3.777142857142857,0.11044776119402985,0.008571428571428572,0.03226987496020028,0.11836634914903711,10.280597014925373,0.0,0.0,0.15,0.08059701492537313,0,0.1749077412730384,0.14497401861610854,3.9425581978838533,0.8717050596020486,0.0,0.98,0.0,0.1,0.0,0.1,0.0,0.08,0.1390532544378698,0.25,0.25
62,0.85742715543771,0.5118485040714497,0.8490882668680115,0.5125875389358626,0.23632945151062196,0.5279672849696774,0.6867469879518072,0.3799593217117473,0.3998043059205492,0.08132530120481928,0.6514285714285715,0.37747816166016607,0.39513105045137276,0.07714285714285714,0.14156626506024098,0.16,0.05142857142857143,3.914285714285714,0.10542168674698796,0.008571428571428572,0.03248823614053575,0.11836634914903713,10.036144578313253,0.0,0.0,0.15,0.08132530120481928,0,0.17488920328095892,0.14424914852302798,4.0237070339261765,0.8542709584100077,0.0,1.0,0.0,0.1,0.0,0.1,0.0,0.08,0.14328358208955225,0.25,0.25
63,0.8622778080449315,0.5128160711903179,0.8529693606649009,0.5133849761243021,0.23632945151062196,0.5280637083755695,0.6858006042296072,0.38002642744970133,0.3997665999968561,0.08157099697885196,0.6485714285714286,0.3775353045173089,0.39517390759422993,0.07714285714285714,0.12386706948640483,0.14,0.054285714285714284,4.025714285714286,0.10574018126888217,0.002857142857142857,0.03254296190857814,0.11836634914903711,10.006042296072508,0.0,0.0,0.15,0.08157099697885196,0,0.17510004297883988,0.14482809702142263,4.0832328932476525,0.8681255332467198,0.0,0.9795918367346939,0.0,0.1,0.0,0.1,0.0,0.08,0.12650602409638553,0.25,0.25
64,0.8678206261990852,0.513644535461609,0.8583266713595995,0.5134377742391758,0.23632945151062196,0.5281283130047923,0.7051671732522796,0.38030663610140236,0.4012807637587508,0.08206686930091185,0.6628571428571428,0.3776495902315946,0.39525962187994423,0.07714285714285714,0.1337386018237082,0.16,0.06,4.1571428571428575,0.10030395136778116,0.005714285714285714,0.03256545019584592,0.11836634914903713,9.98176291793313,0.0,0.0,0.15,0.0790273556231003,0,0.1754523999068028,0.14410395653631553,4.1615682353827,0.8507630225817854,0.0,0.9821428571428571,0.0,0.1,0.0,0.1,0.0,0.08,0.13897280966767372,0.25,0.25
65,0.8715807413899042,0.512298430350286,0.861760664044782,0.5127135192932789,0.23632945151062196,0.5282870111761468,0.7339449541284404,0.38101163215135786,0.4018913067123042,0.08256880733944955,0.6857142857142857,0.37776387594588035,0.39534533616565853,0.07714285714285714,0.12538226299694188,0.13714285714285715,0.06571428571428571,4.2457142857142856,0.09785932721712538,0.005714285714285714,0.032858800047564134,0.11836634914903711,9.327217125382264,0.0,0.0,0.15,0.07951070336391437,0,0.17566056647869735,0.14367382437509874,4.215479727817902,0.8407650655971363,0.0,0.9791666666666666,0.0,0.1,0.0,0.1,0.0,0.08,0.12462006079027356,0.25,0.25
66,0.872929297169647,0.5131301798369335,0.8630206004447133,0.5132511325132547,0.23632945151062196,0.52836775659015,0.7217125382262997,0.3810727942308686,0.4019371782719372,0.08256880733944955,0.6742857142857143,0.3778210188030232,0.3953881933085156,0.07714285714285714,0.14984709480122324,0.15428571428571428,0.06571428571428571,4.38,0.09785932721712538,0.0,0.033040852027478876,0.11836634914903711,9.327217125382264,0.0,0.0,0.15,0.07951070336391437,0,0.17603670644998237,0.1430285989097074,4.285455847547259,0.8249140116697439,0.0,0.9814814814814815,0.0,0.1,0.0,0.1,0.0,0.08,0.14984709480122324,0.25,0.25
67,0.8775527312799525,0.5144235256914297,0.8673402088849129,0.5143446703166593,0.23632945151062196,0.5284945473517156,0.709480122324159,0.3810727942308686,0.4019371782719372,0.08256880733944955,0.6628571428571428,0.3778210188030232,0.3953881933085156,0.07714285714285714,0.12844036697247707,0.13714285714285715,0.06571428571428571,4.474285714285714,0.10397553516819572,0.0,0.033040852027478876,0.11836634914903711,9.327217125382264,0.0,0.0,0.15,0.07951070336391437,0,0.17587009434630388,0.14231345591515884,4.336889587739171,0.808415731436349,0.0,1.0,0.0,0.1,0.0,0.1,0.0,0.08,0.12844036697247707,0.25,0.25
68,0.881662883799134,0.5152362237968264,0.870892501527787,0.5147737298197946,0.23632945151062196,0.5286650337065947,0.7407407407407407,0.3816468295288591,0.40401109141912706,0.08333333333333333,0.6857142857142857,0.3779353045173089,0.3954739075942299,0.07714285714285714,0.11419753086419752,0.12,0.07428571428571429,4.588571428571429,0.09876543209876543,0.008571428571428572,0.03315061360137644,0.11836634914903711,9.098765432098766,0.0,0.0,0.15,0.08024691358024691,0,0.17604717316028662,0.14497401861610854,4.370151795984387,0.8608338423413766,0.0,0.9761904761904762,0.0,0.1,0.0,0.1,0.0,0.08,0.11926605504587157,0.25,0.25
69,0.88545332852518,0.5151379840269837,0.8733453915610265,0.5148234101722475,0.23632945151062196,0.528759178315753,0.7360248447204969,0.38227791392892807,0.4027220442184467,0.08385093167701864,0.6771428571428572,0.3779924473744518,0.3955167647370871,0.07714285714285714,0.14596273291925466,0.15428571428571428,0.08,4.6971428571428575,0.09627329192546584,0.005714285714285714,0.03323832189783631,0.11836634914903711,9.080745341614907,0.0,0.0,0.15,0.08074534161490683,0,0.1765365108659138,0.14570253127247088,4.437034474350413,0.8542709584100077,0.0,0.9814814814814815,0.0,0.1,0.0,0.1,0.0,0.08,0.14814814814814814,0.25,0.25
70,0.8894293185062367,0.5154496799665723,0.8770033023435989,0.5151559471580973,0.23632945151062196,0.5287475799935996,0.7204968944099379,0.3823400257301703,0.4027686280693783,0.08385093167701864,0.6628571428571428,0.37804959023159457,0.3955596218799442,0.07714285714285714,0.12111801242236025,0.12,0.08,4.768571428571429,0.10248447204968944,0.0,0.03326215584405454,0.11836634914903711,9.080745341614907,0.0,0.0,0.15,0.08074534161490683,0,0.17662497116872705,0.14650895667145317,4.4682937848634054,0.8717050596020486,0.0,0.9761904761904762,0.0,0.1,0.0,0.1,0.0,0.08,0.12111801242236025,0.25,0.25
71,0.8938591276335762,0.5151553669858766,0.8793873107152461,0.5146320707587103,0.23632945151062196,0.5286777026207827,0.7178683385579937,0.3826794014042241,0.40297866267745763,0.08463949843260188,0.6542857142857142,0.3781067330887375,0.3956024790228014,0.07714285714285714,0.15673981191222572,0.17714285714285713,0.08857142857142856,4.8914285714285715,0.10344827586206896,0.008571428571428572,0.033325085697068,0.1183663491490371,8.978056426332289,0.0,0.0,0.15,0.08150470219435736,0,0.1771684205950263,0.147835483125,4.556070766308994,0.8913773427776011,0.0,0.9838709677419355,0.0,0.1,0.0,0.1,0.0,0.08,0.16149068322981366,0.25,0.25
72,0.8961737873387342,0.5152941277908778,0.8814969577036618,0.5147626122823523,0.23632945151062196,0.5286048279475565,0.7084639498432602,0.3828047932537539,0.403072706564605,0.0877742946708464,0.6457142857142857,0.37822101880302317,0.3956881933085157,0.08,0.14420062695924765,0.15428571428571428,0.08857142857142856,5.005714285714285,0.10658307210031348,0.0,0.03338105698561785,0.1183663491490371,8.978056426332289,0.0,0.0,0.15,0.08150470219435736,0,0.17736814992062258,0.147835483125,4.619235065268528,0.9242505440000003,0.0,0.9814814814814815,0.0,0.1,0.0,0.1,0.0,0.08,0.14420062695924765,0.25,0.25
73,0.8978823565602947,0.514089640161267,0.8830541965084552,0.5140390104607215,0.23632945151062196,0.5284485253156517,0.677115987460815,0.3828047932537539,0.403072706564605,0.0877742946708464,0.6171428571428571,0.37822101880302317,0.3956881933085157,0.08,0.14420062695924765,0.1457142857142857,0.08857142857142856,5.102857142857143,0.10658307210031348,0.0,0.03338105698561785,0.1183663491490371,8.978056426332289,0.0,0.0,0.15,0.08150470219435736,0,0.17716659488530517,0.147096305709375,4.672564649677444,0.9057655331200002,0.0,1.0,0.0,0.1,0.0,0.1,0.0,0.08,0.14420062695924765,0.25,0.25
74,0.9008729232743882,0.5140172547274803,0.8855149931167877,0.5143523235559816,0.23632945151062196,0.5283321677570961,0.7295597484276729,0.38387570553424244,0.40291197760620523,0.0880503144654088,0.6628571428571428,0.37839244737445177,0.39581676473708716,0.08,0.14150943396226415,0.16,0.09142857142857143,5.22,0.1069182389937107,0.002857142857142857,0.03337814320517602,0.11836634914903711,8.962264150943396,0.0,0.0,0.15,0.08176100628930817,0,0.17785176191087868,0.14865337500000003,4.7391133566838946,0.9261713440000008,0.0,0.9642857142857143,0.0,0.1,0.0,0.1,0.0,0.08,0.14420062695924765,0.25,0.25
75,0.9035360676904299,0.5149423015305059,0.8879346500433626,0.5149977240949879,0.23632945151062196,0.5281972869907094,0.7295597484276729,0.38387570553424244,0.40291197760620523,0.0880503144654088,0.6628571428571428,0.37839244737445177,0.39581676473708716,0.08,0.1069182389937107,0.10571428571428572,0.09142857142857143,5.325714285714286,0.11006289308176101,0.0,0.03339717019005346,0.11836634914903711,8.962264150943396,0.0,0.0,0.15,0.07861635220125786,0,0.1775050745298957,0.14791010812500002,4.750045375264503,0.9076479171200007,0.0,1.0,0.0,0.1,0.0,0.1,0.0,0.08,0.1069182389937107,0.25,0.25
76,0.9060564452796752,0.5146322597924576,0.8898526718284289,0.5146062409367409,0.23632945151062196,0.5280490374063191,0.740506329113924,0.38369299748536867,0.4027792465080436,0.08860759493670886,0.6685714285714286,0.37839244737445177,0.39581676473708716,0.08,0.1360759493670886,0.16285714285714287,0.09714285714285714,5.42,0.10759493670886076,0.005714285714285714,0.033450646266437324,0.1183663491490371,8.905063291139241,0.0,0.0,0.15,0.07911392405063292,0,0.1774166920143891,0.14717055758437503,4.817901610616356,0.8894949587776007,0.0,1.0,0.0,0.1,0.0,0.1,0.0,0.08,0.13836477987421383,0.25,0.25
77,0.9072172162789962,0.5134555984390992,0.8910019683399709,0.5134481145910466,0.23632945151062196,0.5278256517058638,0.6952380952380952,0.383886741139653,0.4026412642228829,0.08888888888888889,0.6257142857142857,0.3785638759458803,0.3959453361656585,0.08,0.13333333333333333,0.13714285714285715,0.1,5.551428571428572,0.10793650793650794,0.002857142857142857,0.03348284534930298,0.11836634914903713,8.882539682539683,0.0,0.0,0.15,0.07936507936507936,0,0.17801517998288854,0.14798510812500004,4.858686435546885,0.9295157301251005,0.0,0.9583333333333334,0.0,0.1,0.0,0.1,0.0,0.08,0.13291139240506328,0.25,0.25
78,0.9106155595877297,0.5131408180074845,0.894060477317831,0.5128410575398585,0.23632945151062196,0.5273815965745321,0.7111111111111111,0.3840772173301292,0.40278412136574,0.08888888888888889,0.64,0.3787353045173089,0.39607390759423,0.08,0.14285714285714285,0.14285714285714285,0.1,5.674285714285714,0.10793650793650794,0.0,0.03348284534930298,0.11836634914903713,8.882539682539683,0.0,0.0,0.15,0.07936507936507936,0,0.17863839265083126,0.14925,4.90436984969309,0.9223681599999999,0.0,0.96,0.0,0.1,0.0,0.1,0.0,0.08,0.14285714285714285,0.25,0.25
79,0.9132731268024298,0.5131058477605592,0.8964522878110613,0.5132137735548769,0.23632945151062196,0.5269577581588057,0.7238095238095238,0.3841407093936212,0.40283174041335906,0.08888888888888889,0.6514285714285715,0.3787924473744518,0.3961167647370871,0.08,0.10158730158730159,0.10571428571428572,0.1,5.771428571428571,0.1111111111111111,0.0,0.03348284534930298,0.11836634914903713,8.882539682539683,0.0,0.0,0.15,0.07936507936507936,0,0.1787447721161485,0.148578375,4.911996738413514,0.9095687171200011,0.0,0.972972972972973,0.0,0.1,0.0,0.1,0.0,0.08,0.10158730158730159,0.25,0.25
80,0.9162970475577435,0.5122664833212557,0.8991738164908436,0.5126669739979004,0.23632945151062196,0.5265016948143683,0.6952380952380952,0.3841407093936212,0.40283174041335906,0.08888888888888889,0.6257142857142857,0.3787924473744518,0.3961167647370871,0.08,0.16507936507936508,0.16285714285714287,0.1,5.8914285714285715,0.1111111111111111,0.0,0.03348284534930298,0.11836634914903713,8.882539682539683,0.0,0.0,0.15,0.07936507936507936,0,0.17870662253771064,0.147835483125,4.976613946502386,0.8913773427776011,0.0,1.0,0.0,0.1,0.0,0.1,0.0,0.08,0.16507936507936508,0.25,0.25
81,0.9218700111485086,0.5121251497629307,0.901964372782359,0.5123433985131072,0.23632945151062196,0.5261177927867156,0.6762820512820513,0.38419846236272265,0.4022824624557191,0.08974358974358974,0.6028571428571429,0.3787924473744518,0.3961167647370871,0.08,0.1282051282051282,0.13428571428571429,0.10857142857142857,5.991428571428571,0.10576923076923077,0.008571428571428572,0.03364791906428706,0.11836634914903713,8.685897435897436,0.0,0.0,0.15,0.08012820512820513,0,0.1787212946879789,0.147096305709375,5.011367381858053,0.8735497959220491,0.0,0.9787234042553191,0.0,0.1,0.0,0.1,0.0,0.08,0.13333333333333333,0.25,0.25
82,0.9238788371466783,0.5128154867405095,0.9037550976721558,0.5128776952108568,0.23632945151062196,0.5257342628478506,0.7083333333333334,0.38419846236272265,0.4022824624557191,0.08974358974358974,0.6314285714285715,0.3787924473744518,0.3961167647370871,0.08,0.13141025641025642,0.13428571428571429,0.10857142857142857,6.1,0.10576923076923077,0.0,0.033706822603548195,0.11836634914903713,8.685897435897436,0.0,0.0,0.15,0.08012820512820513,0,0.17848425964311043,0.14636082418082813,5.045425748506606,0.856078800003608,0.0,1.0,0.0,0.1,0.0,0.1,0.0,0.08,0.13141025641025642,0.25,0.25
83,0.9281617335984944,0.5136117237600425,0.9058370052041275,0.5129638742686868,0.23632945151062196,0.5254556948511603,0.7266881028938906,0.38343368765273717,0.40241865347671313,0.09003215434083602,0.6457142857142857,0.3787924473744518,0.3961167647370871,0.08,0.1189710610932476,0.12571428571428572,0.11142857142857143,6.1657142857142855,0.10610932475884244,0.002857142857142857,0.033707952161714946,0.11836634914903711,8.67524115755627,0.0,0.0,0.15,0.08038585209003216,0,0.17827683834489488,0.14562902005992398,5.070231519250759,0.8389572240035359,0.0,1.0,0.0,0.1,0.0,0.1,0.0,0.08,0.12179487179487179,0.25,0.25
84,0.9307320824914149,0.5150358463118686,0.9081209437918366,0.513898844794599,0.23632945151062196,0.5252098545642593,0.7106109324758842,0.38356230501608124,0.40251511649922117,0.09003215434083602,0.6314285714285715,0.37890673308873746,0.3962024790228014,0.08,0.12540192926045016,0.14285714285714285,0.11142857142857143,6.268571428571429,0.10610932475884244,0.0,0.033719053921514065,0.11836634914903711,8.67524115755627,0.0,0.0,0.15,0.08038585209003216,0,0.17904117129245609,0.15405432860773147,5.111684031722887,0.8698972180084482,0.0,0.96,0.0,0.1,0.0,0.1,0.0,0.08,0.12540192926045016,0.25,0.25
85,0.9319678019752785,0.5144200992433529,0.9091624812706635,0.5134672794277143,0.23632945151062196,0.5251301642335888,0.6709677419354839,0.3836620981451305,0.40152626979320005,0.09032258064516129,0.5942857142857143,0.37890673308873746,0.3962024790228014,0.08,0.13548387096774195,0.15714285714285714,0.11428571428571428,6.385714285714286,0.1064516129032258,0.002857142857142857,0.03371316916457868,0.1183663491490371,8.664516129032258,0.0,0.0,0.15,0.08064516129032258,0,0.17891653757885098,0.15328405696469283,5.166593208231286,0.8524992736482793,0.0,1.0,0.0,0.1,0.0,0.1,0.0,0.08,0.13504823151125403,0.25,0.25
86,0.9333496915368821,0.5141818454832939,0.9103864405966553,0.5132148970956556,0.23632945151062196,0.5249924840214587,0.6967741935483871,0.38379113040319507,0.4016230439867484,0.09032258064516129,0.6171428571428571,0.37902101880302325,0.3962881933085157,0.08,0.13870967741935483,0.15428571428571428,0.11428571428571428,6.505714285714285,0.10967741935483871,0.0,0.03372938707782231,0.1183663491490371,8.664516129032258,0.0,0.0,0.15,0.08064516129032258,0,0.17953595489095672,0.223165412754455,5.217547058352375,0.8813129799220508,0.0,0.9629629629629629,0.0,0.1,0.0,0.1,0.0,0.08,0.13870967741935483,0.25,0.25
87,0.9346880588905627,0.5145800056808224,0.9115718516813438,0.5133132182763771,0.23632945151062196,0.5247976560557033,0.6903225806451613,0.38379113040319507,0.4016230439867484,0.09032258064516129,0.6114285714285714,0.37902101880302325,0.3962881933085157,0.08,0.13548387096774195,0.14,0.11428571428571428,6.602857142857143,0.11612903225806452,0.0,0.03372938707782231,0.1183663491490371,8.664516129032258,0.0,0.0,0.15,0.08064516129032258,0,0.17932327583078767,0.22204958569068273,5.253196117185328,0.8636867203236098,0.0,1.0,0.0,0.1,0.0,0.1,0.0,0.08,0.13548387096774195,0.25,0.25
88,0.935412403274388,0.5142049964135315,0.9120784318297277,0.5125738666520143,0.23632945151062196,0.5244788089660328,0.7411003236245954,0.38498997574400595,0.4018409775078773,0.09061488673139159,0.6542857142857142,0.37919244737445185,0.3964167647370871,0.08,0.12297734627831715,0.12571428571428572,0.11714285714285715,6.708571428571428,0.11974110032362459,0.002857142857142857,0.03374354655484154,0.11836634914903713,8.647249190938512,0.0,0.0,0.15,0.08090614886731391,0,0.17996866016591945,0.22093933776222932,5.273846480555907,0.9954691834062808,0.0,0.9545454545454546,0.0,0.1,0.0,0.1,0.0,0.08,0.12258064516129032,0.25,0.25
89,0.9377386896646877,0.5141082283872442,0.9141322103857348,0.5128876567800669,0.23632945151062196,0.5241211243077434,0.7152103559870551,0.38498997574400595,0.4018409775078773,0.09061488673139159,0.6314285714285715,0.37919244737445185,0.3964167647370871,0.08,0.14563106796116504,0.15142857142857144,0.11714285714285715,6.8,0.1262135922330097,0.0,0.03375607956592905,0.11836634914903713,8.647249190938512,0.0,0.0,0.15,0.08090614886731391,0,0.17981110257937558,0.21983464107341816,5.319798122373359,0.9755597997381552,0.0,1.0,0.0,0.1,0.0,0.1,0.0,0.08,0.14563106796116504,0.25,0.25
90,0.9420004254711387,0.5145262061060634,0.9163274062833937,0.5131274937093173,0.23632945151062196,0.5238441143021032,0.7091503267973857,0.3844325605484988,0.40280496121103265,0.0915032679738562,0.62,0.37919244737445185,0.3964167647370871,0.08,0.12091503267973856,0.13142857142857142,0.12571428571428572,6.908571428571428,0.11764705882352941,0.008571428571428572,0.0337680869765284,0.11836634914903713,8.601307189542483,0.0,0.0,0.15,0.08169934640522876,0,0.17954004778076438,0.2187354678680511,5.344830731354464,0.9560486037433921,0.0,1.0,0.0,0.1,0.0,0.1,0.0,0.08,0.12297734627831715,0.25,0.25
91,0.9439866137710106,0.5155206152360768,0.9175561115387073,0.5136186034901795,0.23632945151062196,0.5236650304691275,0.740983606557377,0.3850222907260832,0.40332357052220846,0.09180327868852459,0.6457142857142857,0.3793638759458804,0.3965453361656585,0.08,0.11147540983606558,0.12285714285714286,0.12857142857142856,7.011428571428572,0.11475409836065574,0.002857142857142857,0.03383517518076547,0.11836634914903711,8.544262295081968,0.0,0.0,0.15,0.07868852459016394,0,0.1800704903990034,0.21764179052871083,5.360791259584517,0.9470728000000013,0.0,0.9534883720930233,0.0,0.1,0.0,0.1,0.0,0.08,0.1111111111111111,0.25,0.25
92,0.9453586643038827,0.5155629507222054,0.9184659890526787,0.5140836143768154,0.23632945151062196,0.5236320330116642,0.7185430463576159,0.3872607127834039,0.40415934043656526,0.09271523178807947,0.62,0.379478161660166,0.39663105045137276,0.08,0.11589403973509933,0.12,0.13714285714285715,7.105714285714286,0.10264900662251655,0.008571428571428572,0.03405527752098582,0.11836634914903711,8.344370860927153,0.0,0.0,0.15,0.07947019867549669,0,0.1803115679470084,0.21655358157606727,5.373575434392826,0.98,0.0,0.9761904761904762,0.0,0.1,0.0,0.1,0.0,0.08,0.12131147540983607,0.25,0.25
93,0.9469396909171759,0.5153424313104857,0.9198301891590059,0.5135494942686522,0.23632945151062196,0.5236878259144915,0.7052980132450332,0.3873269379489668,0.4042090093107374,0.09271523178807947,0.6085714285714285,0.379535304517309,0.39667390759422994,0.08,0.13245033112582782,0.13142857142857142,0.13714285714285715,7.188571428571429,0.10927152317880795,0.0,0.03410042419252102,0.11836634914903711,8.344370860927153,0.0,0.0,0.15,0.07947019867549669,0,0.1806372965358448,0.21547081366818693,5.397532497133541,0.9623600000000003,0.0,0.9782608695652174,0.0,0.1,0.0,0.1,0.0,0.08,0.13245033112582782,0.25,0.25
94,0.9473252934687643,0.5151426599534783,0.9199157513692889,0.513741555213765,0.23632945151062196,0.5235467333384934,0.7566666666666667,0.38689598057697966,0.4060492703788309,0.09333333333333334,0.6485714285714286,0.3796495902315946,0.3967596218799442,0.08,0.13,0.13428571428571429,0.14285714285714285,7.288571428571428,0.10333333333333333,0.005714285714285714,0.03407186250061765,0.11836634914903713,8.353333333333333,0.0,0.0,0.15,0.08,0,0.18087639576745126,0.214393459599846,5.423867561476585,0.9623600000000003,0.0,0.9787234042553191,0.0,0.1,0.0,0.1,0.0,0.08,0.13245033112582782,0.25,0.25
95,0.9494854337037096,0.5162395321584399,0.9217673001420992,0.5147584666613282,0.23632945151062196,0.5233897019666346,0.7666666666666667,0.38689598057697966,0.4060492703788309,0.09333333333333334,0.6571428571428571,0.3796495902315946,0.3967596218799442,0.08,0.13333333333333333,0.1457142857142857,0.14285714285714285,7.382857142857143,0.10666666666666667,0.0,0.03408617636361522,0.11836634914903713,8.353333333333333,0.0,0.0,0.15,0.08,0,0.1807144423600426,0.21332149230184677,5.461104495961338,0.9431128000000003,0.0,1.0,0.0,0.1,0.0,0.1,0.0,0.08,0.13333333333333333,0.25,0.25
96,0.9512654283000556,0.5155425178859281,0.9232930097961098,0.5140425781434409,0.23632945151062196,0.5231594354861415,0.72,0.3869626472436463,0.40609927037883087,0.09333333333333334,0.6171428571428571,0.3797067330887375,0.3968024790228014,0.08,0.13,0.14285714285714285,0.14285714285714285,7.5,0.10666666666666667,0.0,0.03408617636361522,0.11836634914903713,8.353333333333333,0.0,0.0,0.15,0.08,0,0.18081087014824238,0.21225488484033753,5.494739548899255,0.9431128000000003,0.0,0.98,0.0,0.1,0.0,0.1,0.0,0.08,0.13,0.25,0.25
97,0.953377707762138,0.5149584570009935,0.9236914168891635,0.5136269244755622,0.23632945151062196,0.5228833608918699,0.6989966555183946,0.387297940950142,0.4068145017337671,0.09364548494983277,0.5971428571428572,0.37982101880302316,0.39688819330851566,0.08,0.12709030100334448,0.13142857142857142,0.1457142857142857,7.591428571428572,0.10702341137123746,0.002857142857142857,0.03408423114144951,0.1183663491490371,8.341137123745819,0.0,0.0,0.15,0.0802675585284281,0,0.18139181651178687,0.22511253578072196,5.516273329349841,0.9817847417985055,0.0,0.9565217391304348,0.0,0.1,0.0,0.1,0.0,0.08,0.12666666666666668,0.25,0.25
98,0.9548372189950463,0.5159133011364762,0.9238939966691239,0.514856206054257,0.23632945151062196,0.522559567331873,0.7315436241610739,0.38819487868642155,0.4060843809169636,0.09395973154362416,0.6228571428571429,0.3798781616601661,0.3969310504513727,0.08,0.11073825503355705,0.11142857142857143,0.14857142857142858,7.6971428571428575,0.1040268456375839,0.002857142857142857,0.03416087829756752,0.11836634914903711,8.302013422818792,0.0,0.0,0.15,0.08053691275167785,0,0.18154114385779935,0.2391095699015073,5.517376434191416,0.9781014226628152,0.0,0.9743589743589743,0.0,0.1,0.0,0.1,0.0,0.08,0.11371237458193979,0.25,0.25
99,0.9555453571064418,0.514781010379405,0.9235909042146779,0.5141439780023433,0.23632945151062196,0.5222780865001335,0.7567567567567568,0.38826137235228864,0.40795129417975096,0.0945945945945946,0.64,0.3799924473744518,0.397016764737087,0.08,0.15202702702702703,0.1657142857142857,0.15428571428571428,7.7942857142857145,0.09797297297297297,0.005714285714285714,0.0342166740210026,0.1183663491490371,8.236486486486486,0.0,0.0,0.15,0.08108108108108109,0,0.18200329670993892,0.23791402205199977,5.572743191221873,0.961180180809039,0.0,0.9827586206896551,0.0,0.1,0.0,0.1,0.0,0.08,0.15771812080536912,0.25,0.25
100,0.9563944442336165,0.5147787824030436,0.9242985818227761,0.514197401616942,0.23632945151062196,0.5219750182882994,0.7585034013605442,0.3892171694469374,0.4093627770571284,0.09523809523809523,0.6371428571428571,0.3799924473744518,0.397016764737087,0.08,0.12244897959183673,0.12857142857142856,0.16,7.897142857142857,0.09523809523809523,0.005714285714285714,0.034305243969151404,0.11836634914903711,8.183673469387756,0.0,0.0,0.15,0.08163265306122448,0,0.1816647087978178,0.23672445194173974,5.589859755968864,0.9419565771928582,0.0,1.0,0.0,0.1,0.0,0.1,0.0,0.08,0.12837837837837837,0.25,0.25
101,0.9570372411923078,0.5157716566685313,0.9248385312680767,0.5146757147434179,0.23632945151062196,0.5216200302502578,0.7585034013605442,0.38928519665782174,0.4094137974652917,0.09523809523809523,0.6371428571428571,0.3800495902315946,0.3970596218799442,0.08,0.12585034013605442,0.12,0.16,7.98,0.09523809523809523,0.0,0.024655453159161983,0.12892034831902927,8.183673469387756,0.1,0.18126924692201818,0.21,0.08163265306122448,0,0.18184167096811443,0.23554082968203105,5.5980625608494865,0.930596710113753,0.0,0.9761904761904762,0.0,0.1,0.0,0.1,0.0,0.08,0.12585034013605442,0.27,0.27
102,0.956371724884071,0.5157880878376488,0.9242306244941264,0.5146316391917062,0.23632945151062196,0.521317353818974,0.7030716723549488,0.38947455157988464,0.4094909667283542,0.09556313993174062,0.5885714285714285,0.38016387594588036,0.3971453361656585,0.08,0.12627986348122866,0.1457142857142857,0.16285714285714287,8.094285714285714,0.09556313993174062,0.002857142857142857,0.02494706759748255,0.12860372834392944,7.802047781569966,0.097,0.17634209573142312,0.2082,0.08191126279863481,0,0.1820748911847024,0.2343631255336209,5.631815595346782,0.9207454343056065,0.0,0.9803921568627451,0.0,0.1,0.0,0.1,0.0,0.08,0.1292517006802721,0.2694,0.2694
103,0.9568312678812573,0.5151847868494749,0.9246987927477381,0.5139978792559069,0.23632945151062196,0.5209027614495242,0.7465753424657534,0.3888562463848548,0.4099719403106124,0.0958904109589041,0.6228571428571429,0.38016387594588036,0.3971453361656585,0.08,0.11986301369863013,0.12,0.1657142857142857,8.2,0.08904109589041095,0.002857142857142857,0.025205798377127976,0.12829660696808268,7.684931506849315,0.09409000000000001,0.1715344299918684,0.206454,0.07876712328767123,0,0.1817636624394932,0.2331913099059528,5.639179283439846,0.9023305256194943,0.0,1.0,0.0,0.1,0.0,0.1,0.0,0.08,0.12286689419795221,0.268818,0.268818
104,0.9586954319201526,0.5151080552304976,0.9262162444911755,0.5145514341364634,0.23632945151062196,0.5203215374002472,0.7628865979381443,0.38954775940674435,0.41118118008851506,0.09621993127147767,0.6342857142857142,0.38016387594588036,0.3971453361656585,0.08,0.13058419243986255,0.13714285714285715,0.16857142857142857,8.274285714285714,0.09278350515463918,0.002857142857142857,0.025496276519872754,0.12799869923351137,7.573883161512027,0.09126730000000001,0.16684418376162757,0.20476038,0.07903780068728522,0,0.1815969869844386,0.23202535335642302,5.663538554913908,0.8842839151071045,0.0,1.0,0.0,0.1,0.0,0.1,0.0,0.08,0.13356164383561644,0.26825346,0.26825346
105,0.9596185736607387,0.5154772935663314,0.9261664534923469,0.5153148847412506,0.23632945151062196,0.5198963290617973,0.7586206896551724,0.38976590631364794,0.4108131535780278,0.09655172413793103,0.6285714285714286,0.38027816166016604,0.3972310504513728,0.08,0.1103448275862069,0.11428571428571428,0.17142857142857143,8.345714285714285,0.08620689655172414,0.002857142857142857,0.02568741122472102,0.1277097287309771,7.56551724137931,0.088529281,0.16226927610018926,0.2031175686,0.07931034482758621,0,0.18166028776380216,0.23483982232415715,5.664553498101343,0.8894949587776007,0.0,0.975,0.0,0.1,0.0,0.1,0.0,0.08,0.1134020618556701,0.2677058562,0.2677058562
106,0.9615825159030434,0.5157374360966991,0.9262048281718712,0.5150529301928253,0.23632945151062196,0.5195204493872378,0.7301038062283737,0.38971232428417424,0.4103468899956821,0.09688581314878893,0.6028571428571429,0.38027816166016604,0.3972310504513728,0.08,0.11418685121107267,0.10571428571428572,0.1742857142857143,8.425714285714285,0.08650519031141868,0.002857142857142857,0.02589623349502181,0.12742942734351886,7.536332179930795,0.08587340257,0.15780761504170115,0.201524041542,0.07958477508650519,0,0.18152113702142952,0.23366562321253634,5.6569767138536005,0.8717050596020486,0.0,0.972972972972973,0.0,0.1,0.0,0.1,0.0,0.08,0.11724137931034483,0.267174680514,0.267174680514
107,0.9602675081485486,0.5152990966240933,0.9251190074831597,0.5153156273658778,0.23632945151062196,0.5191430755978061,0.7474048442906575,0.38971232428417424,0.4103468899956821,0.09688581314878893,0.6171428571428571,0.38027816166016604,0.3972310504513728,0.08,0.11418685121107267,0.10857142857142857,0.1742857142857143,8.52,0.08996539792387544,0.0,0.02610053078608496,0.12715753499768445,7.536332179930795,0.08329720049289999,0.15345710132083934,0.19997832029573998,0.07958477508650519,0,0.18129824633632238,0.23249729509647366,5.652408608147958,0.8542709584100077,0.0,1.0,0.0,0.1,0.0,0.1,0.0,0.08,0.11418685121107267,0.26665944009858,0.26665944009858
108,0.9599003953895004,0.5153281724826562,0.9248158772335455,0.5152162536710178,0.23632945151062196,0.5186989957296446,0.698961937716263,0.38978152843642333,0.41039879310986893,0.09688581314878893,0.5771428571428572,0.3803353045173089,0.3972739075942299,0.08,0.11418685121107267,0.11428571428571428,0.1742857142857143,8.577142857142857,0.08996539792387544,0.0,0.026291610037918,0.12689379942222503,7.536332179930795,0.08079828447811299,0.14921563186018072,0.1984789706868678,0.07958477508650519,0,0.18150518439035507,0.23210310507813703,5.6536461502707125,0.8698972180084482,0.0,0.975,0.0,0.1,0.0,0.1,0.0,0.08,0.11418685121107267,0.2661596568956226,0.2661596568956226
109,0.9612469383416735,0.5150011738388379,0.9248855458179129,0.5150423963986843,0.23632945151062196,0.5182317950045172,0.6944444444444444,0.3908090149133452,0.41029648682392583,0.09722222222222222,0.5714285714285714,0.3803353045173089,0.3972739075942299,0.08,0.10069444444444445,0.10285714285714286,0.17714285714285713,8.642857142857142,0.08680555555555555,0.002857142857142857,0.02654156468787061,0.1266379759140294,7.381944444444445,0.0783743359437696,0.14508110302819666,0.19702460156626175,0.0798611111111111,0,0.18128251632554615,0.23094258955274635,5.6434303701224415,0.8524992736482793,0.0,1.0,0.0,0.1,0.0,0.1,0.0,0.08,0.10380622837370242,0.26567486718875394,0.26567486718875394
110,0.9612565458270895,0.5150999070994866,0.9248934514059126,0.5149556560105368,0.23632945151062196,0.5177843725998773,0.6944444444444444,0.39094790380223404,0.4104006534905925,0.09722222222222222,0.5714285714285714,0.3804495902315947,0.39735962187994417,0.08,0.125,0.12571428571428572,0.17714285714285713,8.737142857142857,0.09375,0.0,0.026748445250806083,0.12638982711107963,7.381944444444445,0.0760231058654565,0.1410514136769826,0.1956138635192739,0.0798611111111111,0,0.18137567517248987,0.23574209080257477,5.656276048434278,0.8584953954547276,0.0,0.9772727272727273,0.0,0.1,0.0,0.1,0.0,0.08,0.125,0.2652046211730913,0.2652046211730913
111,0.9623118352064933,0.5152960501907201,0.9257618038095362,0.5153592763227107,0.23632945151062196,0.5174887218404387,0.7673611111111112,0.39101734824667855,0.4104527368239258,0.09722222222222222,0.6314285714285715,0.3805067330887375,0.3974024790228014,0.08,0.1284722222222222,0.12285714285714286,0.17714285714285713,8.82857142857143,0.09722222222222222,0.0,0.026934615112128128,0.12614912277221835,7.381944444444445,0.0737424126894928,0.13712446796878974,0.19424544761369567,0.0798611111111111,0,0.1818090903502167,0.23456338034856186,5.666007670322736,0.9123549014272373,0.0,0.9534883720930233,0.0,0.1,0.0,0.1,0.0,0.08,0.1284722222222222,0.26474848253789857,0.26474848253789857
112,0.9618402011997773,0.5168736075754428,0.9253737163982958,0.5166196521399361,0.23632945151062196,0.517207310818131,0.7256944444444444,0.39101734824667855,0.4104527368239258,0.09722222222222222,0.5971428571428572,0.3805067330887375,0.3974024790228014,0.08,0.09722222222222222,0.09714285714285714,0.17714285714285713,8.90857142857143,0.09722222222222222,0.0,0.027118421205444818,0.12591563956352292,7.381944444444445,0.07153014030880801,0.13329817800035182,0.1929180841852848,0.0798611111111111,0,0.18147104489846558,0.23339056344681908,5.649830374059137,0.8941078033986924,0.0,1.0,0.0,0.1,0.0,0.1,0.0,0.08,0.09722222222222222,0.2643060280617616,0.2643060280617616
113,0.9607690690991342,0.5174004558286615,0.9244923276983377,0.5171590560591197,0.23632945151062196,0.5169119476937979,0.7534722222222222,0.39101734824667855,0.4104527368239258,0.09722222222222222,0.62,0.3805067330887375,0.3974024790228014,0.08,0.09375,0.09428571428571429,0.17714285714285713,8.997142857142856,0.09722222222222222,0.0,0.027299784672919734,0.12568916085108836,7.381944444444445,0.06938423609954376,0.1295704662338868,0.19163054165972626,0.0798611111111111,0,0.1812202611025447,0.232223610629585,5.63111948086367,0.8762256473307186,0.0,1.0,0.0,0.1,0.0,0.1,0.0,0.08,0.09375,0.26387684721990873,0.26387684721990873
114,0.9605402283950524,0.5176736449673854,0.9243040244904076,0.5172363105248845,0.23632945151062196,0.5164997353422893,0.7604166666666666,0.3911562371355674,0.4105569034905925,0.09722222222222222,0.6257142857142857,0.3806210188030232,0.3974881933085156,0.08,0.09722222222222222,0.1,0.17714285714285713,9.071428571428571,0.10069444444444445,0.0,0.027478634568483998,0.1254694765000268,7.381944444444445,0.06730270901655745,0.1259392677435177,0.19038162540993447,0.0798611111111111,0,0.18185587551131766,0.24450401086254256,5.618497091246396,0.8935333180306926,0.0,0.9428571428571428,0.0,0.1,0.0,0.1,0.0,0.08,0.09722222222222222,0.26346054180331147,0.26346054180331147
115,0.9632692519847943,0.5185598257079606,0.92465939852106,0.5177220652085224,0.23632945151062196,0.5161691167596301,0.7272727272727273,0.3904603030816953,0.41064633026950037,0.0979020979020979,0.5942857142857143,0.3806210188030232,0.3974881933085156,0.08,0.10139860139860139,0.12285714285714286,0.18285714285714286,9.148571428571428,0.09090909090909091,0.005714285714285714,0.02769782426756562,0.1252563826794971,7.27972027972028,0.06528362774606072,0.12240253228570042,0.1891701766476364,0.08041958041958042,0,0.18168888184804685,0.24328149080822986,5.62898429227861,0.8756626516700787,0.0,1.0,0.0,0.1,0.0,0.1,0.0,0.08,0.10416666666666667,0.26305672554921217,0.26305672554921217
116,0.9642044227052153,0.5186625602918309,0.9254235665954612,0.5182229558675809,0.23632945151062196,0.5158983247610055,0.7517482517482518,0.3906001632215555,0.4107512253743955,0.0979020979020979,0.6142857142857143,0.38073530451730886,0.39757390759422995,0.08,0.10139860139860139,0.09714285714285714,0.18285714285714286,9.22,0.0979020979020979,0.0,0.027908399921233194,0.12504968167358332,7.27972027972028,0.0633251189136789,0.11895822620206453,0.18799507134820734,0.08041958041958042,0,0.18169472315309232,0.24206508335418872,5.6135474635758955,0.913528717120002,0.0,0.9705882352941176,0.0,0.1,0.0,0.1,0.0,0.08,0.10139860139860139,0.26266502378273576,0.26266502378273576
117,0.9635574173991003,0.5191066998233126,0.9249035309066072,0.518504728516523,0.23632945151062196,0.5156087786543034,0.7403508771929824,0.391760315322217,0.41214863255045847,0.09824561403508772,0.6028571428571429,0.3807924473744518,0.39761676473708707,0.08,0.11578947368421053,0.11142857142857143,0.18571428571428572,9.325714285714286,0.09824561403508772,0.002857142857142857,0.028091347978210772,0.12484918169784695,7.242105263157895,0.06142536534626853,0.1156043341628803,0.1868552192077611,0.08070175438596491,0,0.1819563952480411,0.2449854778942347,5.612705085732949,0.9877996290280615,0.0,0.9743589743589743,0.0,0.1,0.0,0.1,0.0,0.08,0.11538461538461539,0.2622850730692537,0.2622850730692537
118,0.9645805005800079,0.5201231954305423,0.9257366129253465,0.5197672798173664,0.23632945151062196,0.5155111558153395,0.6912280701754386,0.3918304907608135,0.41220126412940583,0.09824561403508772,0.5628571428571428,0.38084959023159465,0.39765962187994414,0.08,0.11578947368421053,0.11714285714285715,0.18571428571428572,9.417142857142856,0.09824561403508772,0.0,0.028283492204510565,0.12465469672138262,7.242105263157895,0.05958260438588047,0.11233886075915511,0.18574956263152828,0.08070175438596491,0,0.18215990041465804,0.24376055050476353,5.617593841161147,1.0373072658475453,0.0,0.975609756097561,0.0,0.1,0.0,0.1,0.0,0.08,0.11578947368421053,0.2619165208771761,0.2619165208771761
119,0.9647119206423954,0.5204492659928251,0.925843626404719,0.5202562661157507,0.23632945151062196,0.5153981494786606,0.6771929824561403,0.392041017076603,0.4123591588662479,0.09824561403508772,0.5514285714285714,0.38102101880302325,0.3977881933085156,0.08,0.11228070175438597,0.10857142857142857,0.18571428571428572,9.508571428571429,0.09824561403508772,0.0,0.028450580437635303,0.12446604629421223,7.242105263157895,0.05779512625430405,0.10915983195114243,0.1846770757525824,0.08070175438596491,0,0.1827342437697276,0.24480373219809423,5.6138133929093526,1.0209036651036598,0.0,0.9473684210526315,0.0,0.1,0.0,0.1,0.0,0.08,0.11228070175438597,0.26155902525086083,0.26155902525086083
120,0.9663330176321888,0.520736385999415,0.9261968549265593,0.5199975675538789,0.23632945151062196,0.5152414143983154,0.7208480565371025,0.39235678545374897,0.4128196754408658,0.0989399293286219,0.5828571428571429,0.38102101880302325,0.3977881933085156,0.08,0.10600706713780919,0.09714285714285714,0.19142857142857142,9.594285714285714,0.09187279151943463,0.005714285714285714,0.028643776860351206,0.12428305537985704,7.144876325088339,0.05606127246667493,0.1060652963808163,0.18363676348000496,0.0812720848056537,0,0.18239142969373612,0.24357971353710375,5.598679982194024,1.0004855918015867,0.0,1.0,0.0,0.1,0.0,0.1,0.0,0.08,0.10877192982456141,0.26121225449333496,0.26121225449333496
121,0.9652952223342771,0.5202691412100864,0.9253577232999621,0.5196040496136121,0.23632945151062196,0.5151285567057275,0.7385159010600707,0.3927101423442083,0.4130846931087103,0.0989399293286219,0.5971428571428572,0.38130673308873747,0.39800247902280134,0.08,0.10954063604240283,0.10857142857142857,0.19142857142857142,9.657142857142857,0.09540636042402827,0.0,0.02884670810489188,0.12410555419293241,7.144876325088339,0.05437943429267468,0.10305332655562971,0.1826276605756048,0.0812720848056537,0,0.18347861540241028,0.2559249790953838,5.595277811121571,0.9953632039168646,0.0,0.9210526315789473,0.0,0.1,0.0,0.1,0.0,0.08,0.10954063604240283,0.2608758868585349,0.2608758868585349
122,0.9661490939857545,0.5201475402913274,0.926048139521014,0.519444841295547,0.23632945151062196,0.51517011870618,0.7385159010600707,0.3927101423442083,0.4130846931087103,0.0989399293286219,0.5971428571428572,0.38130673308873747,0.39800247902280134,0.08,0.10600706713780919,0.10571428571428572,0.19142857142857142,9.705714285714286,0.09187279151943463,0.0,0.029006169661988768,0.12393337804161553,7.144876325088339,0.05274805126389444,0.10012201991063052,0.18164883075833665,0.0812720848056537,0,0.18355219900860714,0.25464535419990686,5.589086540613424,0.9754559398385273,0.0,0.972972972972973,0.0,0.1,0.0,0.1,0.0,0.08,0.10600706713780919,0.2605496102527789,0.2605496102527789
123,0.9675708558080589,0.5196738864139733,0.9271977355087632,0.5192504334458321,0.23632945151062196,0.5151909233808163,0.734982332155477,0.3927101423442083,0.4130846931087103,0.0989399293286219,0.5942857142857143,0.38130673308873747,0.39800247902280134,0.08,0.10247349823321555,0.10857142857142857,0.19142857142857142,9.78,0.0989399293286219,0.0,0.029162733116606523,0.12376636717483822,7.144876325088339,0.051165609725977605,0.09726949975576782,0.18069936583558655,0.0812720848056537,0,0.18329100944213556,0.2533721274289073,5.585876238372585,0.9559468210417568,0.0,1.0,0.0,0.1,0.0,0.1,0.0,0.08,0.10247349823321555,0.26023312194519554,0.26023312194519554
124,0.9656888705185949,0.518465889370813,0.9259266679845518,0.51870695996894,0.23632945151062196,0.5150234594711703,0.7178571428571429,0.3938467171751392,0.4135400517094299,0.1,0.5742857142857143,0.3813638759458804,0.3980453361656585,0.08,0.11785714285714285,0.12,0.2,9.865714285714287,0.08928571428571429,0.008571428571428572,0.02931625979039602,0.12360436663406418,7.114285714285714,0.04963064143419828,0.09449391611497016,0.17977838486051895,0.08214285714285714,0,0.18348798368063915,0.26114114890516993,5.594158713605133,0.9967718805711597,0.0,0.9761904761904762,0.0,0.1,0.0,0.1,0.0,0.08,0.127208480565371,0.25992612828683964,0.25992612828683964
125,0.9677406967457262,0.5177637413242024,0.9259720564525274,0.5179287522439809,0.23632945151062196,0.5147981650776626,0.7482014388489209,0.39385119318418654,0.4146473818272101,0.10071942446043165,0.5942857142857143,0.38147816166016607,0.3981310504513728,0.08,0.10431654676258993,0.11142857142857143,0.2057142857142857,9.93142857142857,0.08633093525179857,0.005714285714285714,0.02951580703649078,0.12344722610951336,7.0503597122302155,0.048141722191172326,0.09179344646333287,0.1788850333147034,0.07913669064748201,0,0.18411282947652166,0.25983544316064405,5.5937041107616015,1.014213171758747,0.0,0.9487179487179487,0.0,0.1,0.0,0.1,0.0,0.08,0.10714285714285714,0.25962834443823446,0.25962834443823446
126,0.9693016988425573,0.5178823823869945,0.9269584919799702,0.518187150060996,0.23632945151062196,0.5144367369481372,0.7617328519855595,0.3933521090991828,0.41506381341482046,0.10108303249097472,0.6028571428571429,0.38147816166016607,0.3981310504513728,0.08,0.09025270758122744,0.09428571428571429,0.20857142857142857,9.977142857142857,0.07942238267148015,0.002857142857142857,0.029708752723226445,0.12329479980069905,7.0324909747292415,0.04669747052543716,0.08916629636850315,0.1780184823152623,0.07942238267148015,0,0.18376355104342476,0.2585362659448408,5.576115742832084,0.9939289083235722,0.0,1.0,0.0,0.1,0.0,0.1,0.0,0.08,0.08992805755395683,0.25933949410508744,0.25933949410508744
127,0.9706101096324863,0.5183219457361289,0.9275462405754141,0.5184039665548081,0.23632945151062196,0.5141462755967294,0.7527272727272727,0.39247014941340197,0.4135046002454702,0.09818181818181818,0.5914285714285714,0.38159244737445175,0.39821676473708706,0.08,0.09454545454545454,0.10285714285714286,0.21428571428571427,10.034285714285714,0.07636363636363637,0.005714285714285714,0.02990676685766493,0.12314694628114921,6.865454545454545,0.04529654640967404,0.08661070004210591,0.1771779278458044,0.08,0,0.1843583054310648,0.2572435846151166,5.567450570832585,1.0980489546921897,0.0,0.9444444444444444,0.0,0.1,0.0,0.1,0.0,0.08,0.10108303249097472,0.2590593092819348,0.2590593092819348
128,0.9712968120158405,0.5176684021641892,0.9271001443960155,0.5180720979139097,0.23632945151062196,0.5141501366090897,0.7335766423357665,0.39199307606914546,0.4136803462268999,0.09854014598540146,0.5742857142857143,0.38159244737445175,0.39821676473708706,0.08,0.10583941605839416,0.1,0.21714285714285714,10.088571428571429,0.072992700729927,0.002857142857142857,0.03013407139920427,0.12300352836718585,6.846715328467154,0.04393765001738382,0.08412492080681178,0.17636259001043028,0.08029197080291971,0,0.18400751390390943,0.25595736669204106,5.556101559415933,1.0760879755983461,0.0,1.0,0.0,0.1,0.0,0.1,0.0,0.08,0.10545454545454545,0.25878753000347676,0.25878753000347676
129,0.9743344800188939,0.5165343383011989,0.9263320077031602,0.5180559923191183,0.23632945151062196,0.5140729211676436,0.7352941176470589,0.3925471660073048,0.41374100983742695,0.09926470588235294,0.5714285714285714,0.38159244737445175,0.39821676473708706,0.08,0.08088235294117647,0.08571428571428572,0.22285714285714286,10.14,0.06985294117647059,0.005714285714285714,0.030419647391887426,0.12286441299064134,6.419117647058823,0.042619520516862304,0.08170725148440683,0.17557171231011737,0.08088235294117647,0,0.18365861919153278,0.2546775798585808,5.5306938139419,1.0545662160863791,0.0,1.0,0.0,0.1,0.0,0.1,0.0,0.08,0.08759124087591241,0.25852390410337245,0.25852390410337245
130,0.9731292185866927,0.5168966973375537,0.9253953473901351,0.5183505114125373,0.23632945151062196,0.5138397174226417,0.7463235294117647,0.3925471660073048,0.41374100983742695,0.09926470588235294,0.58,0.38159244737445175,0.39821676473708706,0.08,0.09926470588235294,0.08857142857142856,0.22285714285714286,10.194285714285714,0.07352941176470588,0.0,0.030680946040749335,0.12272947107539324,6.419117647058823,0.04134093490135644,0.07935601470998999,0.17480456094081387,0.08088235294117647,0,0.18328261252414652,0.25340419195928787,5.50865136623449,1.0334748917646515,0.0,1.0,0.0,0.1,0.0,0.1,0.0,0.08,0.09926470588235294,0.25826818698027126,0.25826818698027126
131,0.9751426835042255,0.5167284196648146,0.9269600972689035,0.5179695179120738,0.23632945151062196,0.5138612067840779,0.7683823529411765,0.3925471660073048,0.41374100983742695,0.09926470588235294,0.5971428571428572,0.38159244737445175,0.39821676473708706,0.08,0.08823529411764706,0.07714285714285714,0.22285714285714286,10.26,0.07720588235294118,0.0,0.030819118410756432,0.12259857741760258,6.419117647058823,0.04010070685431574,0.07706956317719249,0.17406042411258943,0.08088235294117647,0,0.18288005660438297,0.25213717099949146,5.475621196052658,1.0128053939293584,0.0,1.0,0.0,0.1,0.0,0.1,0.0,0.08,0.08823529411764706,0.25802014137086315,0.25802014137086315
132,0.9750960773992057,0.5173759602200118,0.9268881670170644,0.5186397850185186,0.23632945151062196,0.5140276959554265,0.8148148148148148,0.39294168097955684,0.41300557399753113,0.1,0.6285714285714286,0.38176387594588035,0.3983453361656585,0.08,0.09259259259259259,0.08857142857142856,0.22857142857142856,10.311428571428571,0.07037037037037037,0.005714285714285714,0.030978881385896377,0.12247161056954563,6.385185185185185,0.03889768564868627,0.07484627981908543,0.17333861138921175,0.08148148148148149,0,0.18342194274993248,0.25696858071138906,5.4546802007030335,1.0060301462701038,0.0,0.9354838709677419,0.0,0.1,0.0,0.1,0.0,0.08,0.09558823529411764,0.2577795371297373,0.2577795371297373
133,0.9767012985329642,0.5169271300084699,0.9278711217516863,0.5184040859112026,0.23632945151062196,0.5141163605320568,0.7806691449814126,0.39395685673058606,0.4139692338969933,0.10037174721189591,0.6,0.38176387594588035,0.3983453361656585,0.08,0.08178438661710037,0.08285714285714285,0.23142857142857143,10.374285714285714,0.06691449814126393,0.002857142857142857,0.03117974700052765,0.12234845272693035,6.319702602230484,0.037730755079225686,0.07268457792922522,0.17263845304753542,0.08178438661710037,0,0.18296169017903996,0.2556837378078321,5.428443739546116,0.9859095433447018,0.0,1.0,0.0,0.1,0.0,0.1,0.0,0.08,0.08518518518518518,0.25754615101584516,0.25754615101584516
134,0.9767586219418996,0.5171774949239233,0.9279151788859826,0.5187528320502812,0.23632945151062196,0.5141761353225607,0.7806691449814126,0.3941055556153444,0.4140807580605621,0.10037174721189591,0.6,0.38187816166016614,0.39843105045137284,0.08,0.09665427509293681,0.08857142857142856,0.23142857142857143,10.428571428571429,0.06691449814126393,0.0,0.03132832685513598,0.12222898961959358,6.319702602230484,0.036598832426848915,0.0705829012270679,0.17195929945610935,0.08178438661710037,0,0.18327359958171616,0.25440531911879294,5.408446293326621,1.0164392293973248,0.0,0.967741935483871,0.0,0.1,0.0,0.1,0.0,0.08,0.09665427509293681,0.2573197664853698,0.2573197664853698
135,0.9769760762381178,0.5163738620101075,0.927368952790829,0.5183227511896611,0.23632945151062196,0.5141091368908067,0.7715355805243446,0.39489464152167686,0.41453892507100154,0.10112359550561797,0.5885714285714285,0.3819353045173089,0.39847390759422996,0.08,0.09737827715355805,0.09428571428571429,0.23714285714285716,10.48,0.0599250936329588,0.005714285714285714,0.031533403601689346,0.12211311040547689,6.164794007490637,0.03550086745404345,0.06853972387177543,0.17130052047242605,0.08239700374531835,0,0.1835245570490908,0.25313329252319894,5.394563081745803,0.9961104448093784,0.0,0.9696969696969697,0.0,0.1,0.0,0.1,0.0,0.08,0.10408921933085502,0.2571001734908087,0.2571001734908087
136,0.9778705009263281,0.5164971219727335,0.9280512710529779,0.5185877716164696,0.23632945151062196,0.5141241367091639,0.7865168539325843,0.39489464152167686,0.41453892507100154,0.10112359550561797,0.6,0.3819353045173089,0.39847390759422996,0.08,0.09363295880149813,0.08,0.23714285714285716,10.542857142857143,0.06741573033707865,0.0,0.031729776340908906,0.12200070756778367,6.164794007490637,0.034435841430422144,0.06655355042823763,0.17066150485825327,0.07865168539325842,0,0.18312079140670248,0.25186762606058294,5.366671820110887,0.9761882359131908,0.0,1.0,0.0,0.1,0.0,0.1,0.0,0.08,0.09363295880149813,0.25688716828608443,0.25688716828608443
137,0.9766352986528926,0.5162722551924961,0.9271089881758142,0.5183986696937954,0.23632945151062196,0.5139835542550555,0.7902621722846442,0.39489464152167686,0.41453892507100154,0.10112359550561797,0.6028571428571429,0.3819353045173089,0.39847390759422996,0.08,0.0749063670411985,0.07142857142857142,0.23714285714285716,10.582857142857144,0.06741573033707865,0.0,0.031852702243570334,0.1218916768152213,6.164794007490637,0.03340276618750948,0.06462291578893375,0.17004165971250568,0.07865168539325842,0,0.1827474731639547,0.25060828793028,5.330766955137241,0.9566644711949269,0.0,1.0,0.0,0.1,0.0,0.1,0.0,0.08,0.0749063670411985,0.2566805532375019,0.2566805532375019
138,0.9776878112009896,0.5158532495336389,0.9278710497191329,0.5181684961956413,0.23632945151062196,0.5138652498868178,0.8120300751879699,0.39629373783642297,0.41399617257223953,0.10150375939849623,0.6171428571428571,0.3820495902315947,0.39855962187994426,0.08,0.08646616541353383,0.07714285714285714,0.24,10.631428571428572,0.06390977443609022,0.002857142857142857,0.03198799892634933,0.12178591698523576,6.142857142857143,0.032400683201884196,0.06274638505506869,0.16944040992113052,0.07894736842105263,0,0.1826621643695635,0.2493552464906286,5.301294473177352,1.0056114966072283,0.0,0.9629629629629629,0.0,0.1,0.0,0.1,0.0,0.08,0.0898876404494382,0.25648013664037683,0.25648013664037683
139,0.9770148430695196,0.5157201614859184,0.9274252658161598,0.5174261035223383,0.23632945151062196,0.5137917470688685,0.7811320754716982,0.39715427891474053,0.41435173505465595,0.1018867924528302,0.5914285714285714,0.3820495902315947,0.39855962187994426,0.08,0.08679245283018867,0.08,0.24285714285714285,10.7,0.06037735849056604,0.002857142857142857,0.0322123727747933,0.12168332995014984,6.030188679245283,0.03142866270582767,0.06092255338024011,0.1688571976234966,0.07924528301886792,0,0.18254642997271567,0.24810847025817548,5.275268583713806,0.9854992666750836,0.0,1.0,0.0,0.1,0.0,0.1,0.0,0.08,0.09022556390977443,0.25628573254116555,0.25628573254116555
140,0.9755329508499392,0.5168490463028677,0.9263032617070491,0.5178118333999588,0.23632945151062196,0.5136821732574594,0.8037735849056604,0.39722975061285376,0.41440833882824085,0.1018867924528302,0.6085714285714285,0.3821067330887375,0.39860247902280144,0.08,0.07924528301886792,0.07142857142857142,0.24285714285714285,10.751428571428571,0.06037735849056604,0.0,0.03233312963015892,0.1215838205261164,6.030188679245283,0.03048580282465284,0.059150045779710836,0.1682914816947917,0.07924528301886792,0,0.1824336978228521,0.2540780364942249,5.241191783468101,1.0152565535732414,0.0,0.96,0.0,0.1,0.0,0.1,0.0,0.08,0.07924528301886792,0.2560971605649306,0.2560971605649306
141,0.9748422654013844,0.5167342922019335,0.925742087811307,0.5172994443550831,0.23632945151062196,0.5137539575406788,0.8522727272727273,0.39768106171157147,0.4142135044921288,0.10227272727272728,0.6428571428571429,0.3822210188030233,0.3986881933085156,0.08,0.06060606060606061,0.06857142857142857,0.24571428571428572,10.82,0.06060606060606061,0.002857142857142857,0.032460133311014716,0.12148729638480402,6.015151515151516,0.029571228739913254,0.057427516908195475,0.16774273724394795,0.07954545454545454,0,0.1824636729051664,0.2528076463117538,5.2049393763701675,1.0057944694225687,0.0,0.9583333333333334,0.0,0.1,0.0,0.1,0.0,0.08,0.06037735849056604,0.25591424574798266,0.25591424574798266
142,0.9747660984098685,0.5170628810693784,0.9256403140389121,0.5177581461426295,0.23632945151062196,0.5137940894399807,0.8244274809160306,0.39868086608943415,0.4160328149391723,0.10305343511450382,0.6171428571428571,0.38233530451730885,0.39877390759423,0.08,0.09541984732824428,0.09142857142857143,0.25142857142857145,10.882857142857143,0.05343511450381679,0.005714285714285714,0.032712931619504414,0.121393667967731,5.809160305343512,0.028684091877715857,0.055753650808906485,0.16721045512662952,0.08015267175572519,0,0.18297878596564057,0.25154360808019505,5.192269160271335,1.0070759926371906,0.0,0.9375,0.0,0.1,0.0,0.1,0.0,0.08,0.09848484848484848,0.2557368183755432,0.2557368183755432
143,0.9751247637806474,0.516305078961326,0.9259798727913792,0.5168601789932953,0.23632945151062196,0.513793499429325,0.8199233716475096,0.3992503538708071,0.4168015647502126,0.10344827586206896,0.6114285714285714,0.38267816166016605,0.39903105045137277,0.08,0.08812260536398467,0.08571428571428572,0.2542857142857143,10.948571428571428,0.05363984674329502,0.002857142857142857,0.032899113287887805,0.1213028484031702,5.747126436781609,0.02782356912138438,0.05412716063644807,0.16669414147283063,0.08045977011494253,0,0.18431989488938383,0.25028589003979407,5.1741380627801945,1.0010413171634642,0.0,0.8666666666666667,0.0,0.1,0.0,0.1,0.0,0.08,0.0916030534351145,0.25556471382427687,0.25556471382427687
144,0.9751603082650138,0.5166629930590285,0.9260063788211496,0.5171464774643618,0.23632945151062196,0.5136393455870627,0.7854406130268199,0.3992503538708071,0.4168015647502126,0.10344827586206896,0.5857142857142857,0.38267816166016605,0.39903105045137277,0.08,0.09195402298850575,0.08,0.2542857142857143,11.008571428571429,0.05363984674329502,0.0,0.0330328841519379,0.12121475342554619,5.747126436781609,0.02698886204774285,0.05254678835599624,0.1661933172286457,0.08045977011494253,0,0.18388372398636546,0.24903446058959508,5.15065530152459,0.9810204908201949,0.0,1.0,0.0,0.1,0.0,0.1,0.0,0.08,0.09195402298850575,0.2553977724095486,0.2553977724095486
145,0.974246556923881,0.5161135679330314,0.925324981392476,0.5165677398402928,0.23632945151062196,0.5134850385270241,0.7739463601532567,0.39940361057578794,0.41691650727894825,0.10344827586206896,0.5771428571428572,0.3827924473744517,0.3991167647370872,0.08,0.07662835249042145,0.07428571428571429,0.2542857142857143,11.06,0.05363984674329502,0.0,0.03313677164420187,0.12112930129725095,5.747126436781609,0.026179196186310563,0.05101130442106161,0.16570751771178632,0.08045977011494253,0,0.18398891654600258,0.2477892882866471,5.121927909779813,0.9786195829206201,0.0,0.9615384615384616,0.0,0.1,0.0,0.1,0.0,0.08,0.07662835249042145,0.2552358392372621,0.2552358392372621
146,0.974477868152309,0.515233240209068,0.9255244585480359,0.5155174525359043,0.23632945151062196,0.5133446119375157,0.8,0.4005871836435711,0.4179912345370745,0.10384615384615385,0.5942857142857143,0.3827924473744517,0.3991167647370872,0.08,0.07692307692307693,0.06571428571428571,0.2571428571428571,11.12,0.05,0.002857142857142857,0.033263951865164995,0.12104641273280456,5.7153846153846155,0.025393820300721244,0.04951950743199218,0.16523629218043273,0.08076923076923077,0,0.1834688291061297,0.24655034184521388,5.085203637298502,0.9590471912622077,0.0,1.0,0.0,0.1,0.0,0.1,0.0,0.08,0.07662835249042145,0.25507876406014424,0.25507876406014424
147,0.9743812513551525,0.5149509558663242,0.9254526860701482,0.5152529360515873,0.23632945151062196,0.5132641405544702,0.8038461538461539,0.4005871836435711,0.4179912345370745,0.10384615384615385,0.5971428571428572,0.3827924473744517,0.3991167647370872,0.08,0.05,0.04,0.2571428571428571,11.168571428571429,0.05,0.0,0.03337652485307527,0.12096601082529149,5.7153846153846155,0.024632005691699606,0.048070223777244014,0.16477920341501975,0.08076923076923077,0,0.18286562781774193,0.24531759013598778,5.023499564552532,0.9398662474369636,0.0,1.0,0.0,0.1,0.0,0.1,0.0,0.08,0.05,0.2549264011383399,0.2549264011383399
148,0.9754217097586185,0.5148843974036541,0.9254352668002355,0.5150770384293103,0.23632945151062196,0.5130514165180934,0.8062015503875969,0.40029924789961707,0.41925626263036603,0.10465116279069768,0.5942857142857143,0.3827924473744517,0.3991167647370872,0.08,0.08527131782945736,0.07428571428571429,0.26285714285714284,11.222857142857142,0.04263565891472868,0.005714285714285714,0.033470176485573884,0.12088802097500385,5.689922480620155,0.023893045520948616,0.04666230725932252,0.16433582731256915,0.08139534883720931,0,0.1824363003929389,0.24409100218530785,4.997315287547195,0.9210689224882243,0.0,1.0,0.0,0.1,0.0,0.1,0.0,0.08,0.09230769230769231,0.2547786091041897,0.2547786091041897
149,0.9734419834526364,0.5143479769724926,0.923975925694683,0.5145598676409716,0.23632945151062196,0.5127149238009171,0.7945736434108527,0.400454286659307,0.41937254170013344,0.10465116279069768,0.5857142857142857,0.3829067330887374,0.39920247902280137,0.08,0.06976744186046512,0.06571428571428571,0.26285714285714284,11.268571428571429,0.04263565891472868,0.0,0.03359650525271669,0.12081237082022488,5.689922480620155,0.023176254155320156,0.045294638707175316,0.1639057524931921,0.08139534883720931,0,0.18266299810538483,0.24287054717438133,4.963083267510537,0.9723657424916148,0.0,0.9565217391304348,0.0,0.1,0.0,0.1,0.0,0.08,0.06976744186046512,0.25463525083106403,0.25463525083106403
150,0.9737046853927315,0.5152528691529634,0.9240763001288552,0.5151535754236073,0.23632945151062196,0.512499365575612,0.7937743190661478,0.4013810080294302,0.4199321853493393,0.10505836575875487,0.5828571428571429,0.3829067330887374,0.39920247902280137,0.08,0.06614785992217899,0.06571428571428571,0.26571428571428574,11.305714285714286,0.038910505836575876,0.002857142857142857,0.03367365880164178,0.12073899017008925,5.688715953307393,0.022480966530660552,0.04396612557670909,0.16348857991839633,0.08171206225680934,0,0.18231997168271505,0.24165619443850941,4.9295358878746125,0.9529184276417825,0.0,1.0,0.0,0.1,0.0,0.1,0.0,0.08,0.06976744186046512,0.2544961933061321,0.2544961933061321
151,0.9743428058115605,0.5148133410314393,0.9243713525963163,0.5142616029714911,0.23632945151062196,0.5122792859585196,0.79296875,0.40203350754424616,0.41937759646031747,0.10546875,0.58,0.3831353045173089,0.3993739075942299,0.08,0.08203125,0.07142857142857142,0.26857142857142857,11.351428571428572,0.03515625,0.002857142857142857,0.03379668090452009,0.12066781093945768,5.671875,0.021806537534740735,0.042675701540988875,0.16308392252084444,0.08203125,0,0.18266537182430148,0.24102678867981703,4.902373741545691,0.9624063665076787,0.0,0.92,0.0,0.1,0.0,0.1,0.0,0.08,0.08560311284046693,0.25436130750694813,0.25436130750694813
152,0.97307344675353,0.514671518011935,0.9228846840407107,0.5141807701553226,0.23632945151062196,0.5119727516009599,0.792156862745098,0.3996885409071648,0.41710064585820106,0.10196078431372549,0.5771428571428572,0.3831353045173089,0.3993739075942299,0.08,0.08235294117647059,0.07142857142857142,0.2714285714285714,11.385714285714286,0.03529411764705882,0.002857142857142857,0.03396961635732415,0.12059876708574507,5.3882352941176475,0.021152341408698514,0.04142232607157981,0.1626914048452191,0.0784313725490196,0,0.18223704567946566,0.23982165473641792,4.875754838143349,0.9431582391775252,0.0,1.0,0.0,0.1,0.0,0.1,0.0,0.08,0.0859375,0.25423046828173973,0.25423046828173973
153,0.9729341717903648,0.5149093706166777,0.9227832122818331,0.5145573365620617,0.23632945151062196,0.5115963874042104,0.7647058823529411,0.39976697227971386,0.4171594693876129,0.10196078431372549,0.5571428571428572,0.38319244737445174,0.39941676473708704,0.08,0.050980392156862744,0.04285714285714286,0.2714285714285714,11.428571428571429,0.043137254901960784,0.0,0.03419535417997368,0.12053179454764382,5.3882352941176475,0.02051777116643756,0.040204984012392475,0.16231066269986252,0.0784313725490196,0,0.18203986045106835,0.24007545739852276,4.821096884237624,0.9427486165776273,0.0,0.9333333333333333,0.0,0.1,0.0,0.1,0.0,0.08,0.050980392156862744,0.2541035542332875,0.2541035542332875
154,0.9719375084277563,0.515395516438284,0.922031022888194,0.5149576791039439,0.23632945151062196,0.511056647572064,0.7747035573122529,0.3997847980042245,0.41921327102750394,0.10276679841897234,0.56,0.3833067330887375,0.39950247902280134,0.08,0.08300395256916997,0.06285714285714286,0.27714285714285714,11.468571428571428,0.039525691699604744,0.005714285714285714,0.03439724561719909,0.1204668311856856,5.280632411067193,0.019902238031444433,0.03902268514729912,0.16194134281886666,0.07905138339920949,0,0.18247151900595587,0.23887508011153016,4.787532089410014,0.9470728000000013,0.0,0.9090909090909091,0.0,0.1,0.0,0.1,0.0,0.08,0.08235294117647059,0.2539804476062889,0.2539804476062889
155,0.9723268410675753,0.5154592479267437,0.9223124547678346,0.5150041111811465,0.23632945151062196,0.5105838256442646,0.8023715415019763,0.3997847980042245,0.41921327102750394,0.10276679841897234,0.58,0.3833067330887375,0.39950247902280134,0.08,0.06719367588932806,0.06,0.27714285714285714,11.494285714285715,0.043478260869565216,0.0,0.03450476468478761,0.12040381672458621,5.280632411067193,0.0193051708905011,0.03787446376270165,0.16158310253430067,0.07905138339920949,0,0.18193030426806894,0.23768070471097252,4.7517814476218145,0.9281313440000012,0.0,1.0,0.0,0.1,0.0,0.1,0.0,0.08,0.06719367588932806,0.25386103417810024,0.25386103417810024
156,0.9722578643392703,0.5145284841245318,0.9222625944470884,0.5142273258879096,0.23632945151062196,0.5101852838814717,0.8023715415019763,0.3997847980042245,0.41921327102750394,0.10276679841897234,0.58,0.3833067330887375,0.39950247902280134,0.08,0.07114624505928854,0.05714285714285714,0.27714285714285714,11.51142857142857,0.04743083003952569,0.0,0.03458504058418032,0.12034269269731969,5.280632411067193,0.018726015763786068,0.03675937820614861,0.16123560945827164,0.07905138339920949,0,0.1815040955504071,0.23649230118741765,4.7138886758122345,0.9095687171200011,0.0,1.0,0.0,0.1,0.0,0.1,0.0,0.08,0.07114624505928854,0.2537452031527572,0.2537452031527572
157,0.9735389504174677,0.5147180067703375,0.9231886366693284,0.5139782325340065,0.23632945151062196,0.5095810191564542,0.8221343873517787,0.3998638493876237,0.4192725595650534,0.10276679841897234,0.5942857142857143,0.38336387594588034,0.3995453361656585,0.08,0.05533596837944664,0.04285714285714286,0.27714285714285714,11.542857142857143,0.04743083003952569,0.0,0.03466321464187318,0.12028340239087122,5.280632411067193,0.018164235290872487,0.035676510442018805,0.16089854117452349,0.07905138339920949,0,0.1813674329297979,0.24067498318289493,4.662468045153132,0.9443634950536606,0.0,0.9333333333333333,0.0,0.1,0.0,0.1,0.0,0.08,0.05533596837944664,0.2536328470581745,0.2536328470581745
158,0.9729216429518791,0.5158681824497294,0.9215987107504487,0.5146901067269805,0.23632945151062196,0.5090491968884747,0.8007968127490039,0.4017975821250523,0.42075430112303286,0.10358565737051793,0.5742857142857143,0.38353530451730894,0.39967390759423,0.08,0.0796812749003984,0.06857142857142857,0.28285714285714286,11.571428571428571,0.0398406374501992,0.005714285714285714,0.03480801567597355,0.12022589079361622,5.195219123505976,0.017619308232146313,0.03462496560521677,0.16057158493928778,0.0796812749003984,0,0.18185959647943462,0.26014590636344764,4.637790112821499,0.991072642144468,0.0,0.9166666666666666,0.0,0.1,0.0,0.1,0.0,0.08,0.08300395256916997,0.25352386164642926,0.25352386164642926
159,0.9742741657154956,0.5159153161826928,0.9223067835449217,0.5145136319342397,0.23632945151062196,0.5087479780811124,0.84,0.40211681055223086,0.42207617317025986,0.104,0.6,0.3836495902315947,0.3997596218799442,0.08,0.052,0.04857142857142857,0.2857142857142857,11.56857142857143,0.04,0.002857142857142857,0.03492710769536033,0.12017010454427884,5.168,0.01709072898518192,0.03360387155375133,0.16025443739110914,0.08,0,0.18183303765812614,0.2588451768316304,4.593605739136498,1.0000473127629372,0.0,0.9411764705882353,0.0,0.1,0.0,0.1,0.0,0.08,0.055776892430278883,0.25341814579703636,0.25341814579703636
160,0.9737182893600304,0.5163363237333111,0.9219097290053037,0.5148871126493572,0.23632945151062196,0.5084376473764588,0.808,0.4021968105522309,0.42213617317025975,0.104,0.5771428571428572,0.3837067330887375,0.3998024790228013,0.08,0.064,0.06,0.2857142857142857,11.574285714285715,0.04,0.0,0.035030451674541684,0.12011599188242157,5.168,0.016578007115626462,0.03261237842100484,0.15994680426937588,0.08,0,0.18212358675554977,0.25755095094747227,4.561733624353767,0.9824172985691059,0.0,0.9047619047619048,0.0,0.1,0.0,0.1,0.0,0.08,0.064,0.2533156014231253,0.2533156014231253
161,0.9755164362483589,0.5165644936366202,0.9230726138069575,0.5155353007343417,0.23632945151062196,0.5081393258511179,0.8112449799196787,0.40261810323834935,0.42350056943629416,0.10441767068273092,0.5771428571428572,0.3837067330887375,0.3998024790228013,0.08,0.0642570281124498,0.05142857142857143,0.2885714285714286,11.597142857142858,0.03614457831325301,0.002857142857142857,0.03510030206026563,0.12006350260042,5.14859437751004,0.01608066690215767,0.03164965816843801,0.15964840014129458,0.08032128514056225,0,0.18158382667891487,0.2562631961927349,4.521927523295264,0.9627689525977238,0.0,1.0,0.0,0.1,0.0,0.1,0.0,0.08,0.064,0.25321613338043153,0.25321613338043153
162,0.9749173181368783,0.5175153184223759,0.9226463840647898,0.5160746241396342,0.23632945151062196,0.5078066393630227,0.7911646586345381,0.4027787458086305,0.423621051364005,0.10441767068273092,0.5628571428571428,0.3838210188030232,0.39988819330851566,0.08,0.05220883534136546,0.045714285714285714,0.2885714285714286,11.605714285714285,0.03614457831325301,0.0,0.03518479940142036,0.12001258799687854,5.14859437751004,0.015598246895092939,0.03071490413941258,0.15935894813705576,0.08032128514056225,0,0.18147533683123457,0.2549818802117712,4.4772032585436445,0.9606101993783215,0.0,0.9375,0.0,0.1,0.0,0.1,0.0,0.08,0.05220883534136546,0.2531196493790186,0.2531196493790186
163,0.9751514789601406,0.5177251046274608,0.9228129727647677,0.5162917805607772,0.23632945151062196,0.507606288612447,0.8072289156626506,0.4027787458086305,0.423621051364005,0.10441767068273092,0.5742857142857143,0.3838210188030232,0.39988819330851566,0.08,0.040160642570281124,0.03428571428571429,0.2885714285714286,11.628571428571428,0.03614457831325301,0.0,0.03525183227258935,0.11996320083144332,5.14859437751004,0.01513029948824015,0.029807330614762373,0.15907817969294408,0.08032128514056225,0,0.18082481728993557,0.25370697081071236,4.421944907658485,0.9413979953907551,0.0,1.0,0.0,0.1,0.0,0.1,0.0,0.08,0.040160642570281124,0.25302605989764804,0.25302605989764804
164,0.9736393450966702,0.5178796332990396,0.9217371975304702,0.5162703692324682,0.23632945151062196,0.5075175958773687,0.8353413654618473,0.4027787458086305,0.423621051364005,0.10441767068273092,0.5942857142857143,0.3838210188030232,0.39988819330851566,0.08,0.04417670682730924,0.045714285714285714,0.2885714285714286,11.642857142857142,0.03614457831325301,0.0,0.03531705880398198,0.11991529528097114,5.14859437751004,0.014676390503592944,0.02892617237068884,0.15880583430215575,0.08032128514056225,0,0.18026312177491446,0.25243843595665877,4.379220295219602,0.9225700354829399,0.0,1.0,0.0,0.1,0.0,0.1,0.0,0.08,0.04417670682730924,0.2529352781007186,0.2529352781007186
165,0.9742566333617958,0.5177356081587166,0.9222499065151971,0.5166377058858436,0.23632945151062196,0.5074905639794528,0.8467741935483871,0.4038829402636553,0.42302302950889403,0.10483870967741936,0.6,0.3838210188030232,0.39988819330851566,0.08,0.04838709677419355,0.045714285714285714,0.2914285714285714,11.66,0.03225806451612903,0.002857142857142857,0.0353834509566447,0.11986882689701313,5.145161290322581,0.014236098788485156,0.02807068423950665,0.15854165927309108,0.08064516129032258,0,0.17976095045175416,0.2511762437768755,4.337350175029495,0.904118634773281,0.0,1.0,0.0,0.1,0.0,0.1,0.0,0.08,0.05220883534136546,0.25284721975769703,0.25284721975769703
166,0.9749448128228699,0.5177517352541977,0.9227375308190442,0.5164541999069999,0.23632945151062196,0.5074647304346483,0.8346774193548387,0.4038829402636553,0.42302302950889403,0.10483870967741936,0.5914285714285714,0.3838210188030232,0.39988819330851566,0.08,0.04838709677419355,0.04,0.2914285714285714,11.697142857142858,0.03225806451612903,0.0,0.03544520039563261,0.1198237525645738,5.145161290322581,0.013809015824830602,0.027240140673720603,0.15828540949489836,0.08064516129032258,0,0.17917628855663825,0.24992036255799113,4.290603171528905,0.8860362620778154,0.0,1.0,0.0,0.1,0.0,0.1,0.0,0.08,0.04838709677419355,0.2527618031649661,0.2527618031649661
167,0.9759738125500422,0.5176246388309754,0.9234666506257263,0.5160700847405856,0.23632945151062196,0.5076035347568256,0.842741935483871,0.4038829402636553,0.42302302950889403,0.10483870967741936,0.5971428571428572,0.3838210188030232,0.39988819330851566,0.08,0.04435483870967742,0.04,0.2914285714285714,11.725714285714286,0.03225806451612903,0.0,0.03550526888944346,0.11978003046210771,5.145161290322581,0.013394745350085684,0.02643383531387067,0.1580368472100514,0.08064516129032258,0,0.17853740711385505,0.24867076074520117,4.244791108098326,0.8683155368362591,0.0,1.0,0.0,0.1,0.0,0.1,0.0,0.08,0.04435483870967742,0.25267894907001714,0.25267894907001714
168,0.9761227867516705,0.5184856214353345,0.9235722094885942,0.5170210389748316,0.23632945151062196,0.5077737354280514,0.8508064516129032,0.4038829402636553,0.42302302950889403,0.10483870967741936,0.6028571428571429,0.3838210188030232,0.39988819330851566,0.08,0.06048387096774194,0.05142857142857143,0.2914285714285714,11.757142857142858,0.03225806451612903,0.0,0.03556369704046992,0.11973762002271561,5.145161290322581,0.012992902989583112,0.02565108056053944,0.15779574179374986,0.08064516129032258,0,0.17810001291758937,0.24742740694147516,4.211323857364932,0.8509492260995338,0.0,1.0,0.0,0.1,0.0,0.1,0.0,0.08,0.06048387096774194,0.2525985805979166,0.2525985805979166
169,0.9762105808729049,0.5178496232086485,0.9236344178944975,0.5163927847490848,0.23632945151062196,0.5079952473267079,0.8346774193548387,0.4040442305862359,0.4231439972508295,0.10483870967741936,0.5914285714285714,0.3839353045173089,0.3999739075942299,0.08,0.06451612903225806,0.05142857142857143,0.2914285714285714,11.788571428571428,0.03225806451612903,0.0,0.035620524786579316,0.11969648189650522,5.145161290322581,0.012603115899895618,0.024891207150881223,0.15756186953993737,0.08064516129032258,0,0.17817557240524395,0.254357052387316,4.178525951646204,0.8388278542683486,0.0,0.9444444444444444,0.0,0.1,0.0,0.1,0.0,0.08,0.06451612903225806,0.25252062317997914,0.25252062317997914
170,0.9769970621823029,0.5176082685404919,0.9241916960794423,0.5161710572116125,0.23632945151062196,0.5082478986653797,0.7862903225806451,0.4040442305862359,0.4231439972508295,0.10483870967741936,0.5571428571428572,0.3839353045173089,0.3999739075942299,0.08,0.07258064516129033,0.06,0.2914285714285714,11.82857142857143,0.03225806451612903,0.0,0.03567579139069759,0.11965657791408121,5.145161290322581,0.01222502242289875,0.024153563739992,0.15733501345373924,0.08064516129032258,0,0.17762726597178913,0.2530852671253794,4.15495543261328,0.8220512971829816,0.0,1.0,0.0,0.1,0.0,0.1,0.0,0.08,0.07258064516129033,0.25244500448457974,0.25244500448457974
171,0.9770179157620735,0.5176996005825917,0.9242064723302514,0.5162236914548859,0.23632945151062196,0.5085917159047667,0.7741935483870968,0.40412487574752626,0.42320448112179726,0.10483870967741936,0.5485714285714286,0.38399244737445176,0.4000167647370871,0.08,0.04838709677419355,0.045714285714285714,0.2914285714285714,11.862857142857143,0.036290322580645164,0.0,0.03572953543229435,0.11961787105112992,5.145161290322581,0.011858271750211787,0.02343751648740955,0.15711496305012707,0.08064516129032258,0,0.17739627249907305,0.26456793740800116,4.1175706096753,0.8475455156678463,0.0,0.9375,0.0,0.1,0.0,0.1,0.0,0.08,0.04838709677419355,0.2523716543500424,0.2523716543500424
172,0.9759240937139265,0.5178665524406925,0.9234314212789928,0.5166797397035348,0.23632945151062196,0.5089905019456503,0.8225806451612904,0.40412487574752626,0.42320448112179726,0.10483870967741936,0.5828571428571429,0.38399244737445176,0.4000167647370871,0.08,0.05241935483870968,0.04857142857142857,0.2914285714285714,11.877142857142857,0.03225806451612903,0.0,0.03578179480063616,0.11958032539406707,5.145161290322581,0.011502523597705433,0.02274244864899877,0.15690151415862325,0.08064516129032258,0,0.1768801489937205,0.26324509772096116,4.083790626053222,0.8305946053544894,0.0,1.0,0.0,0.1,0.0,0.1,0.0,0.08,0.05241935483870968,0.2523005047195411,0.2523005047195411
173,0.9766242140103046,0.517846272153169,0.9239275065175694,0.5163660865168603,0.23632945151062196,0.5092624439988704,0.8024193548387096,0.40412487574752626,0.42320448112179726,0.10483870967741936,0.5685714285714286,0.38399244737445176,0.4000167647370871,0.08,0.05241935483870968,0.04285714285714286,0.2914285714285714,11.90857142857143,0.036290322580645164,0.0,0.035832606689681565,0.11954390610671622,5.145161290322581,0.011157447889774269,0.02206776017444878,0.15669446873386456,0.08064516129032258,0,0.17619574824875192,0.26192887223235634,4.0449719563893005,0.8139827132473996,0.0,1.0,0.0,0.1,0.0,0.1,0.0,0.08,0.05241935483870968,0.2522314895779548,0.2522314895779548
174,0.9757321941789788,0.518557999862287,0.9232954467513729,0.5163992249842928,0.23632945151062196,0.509658248367506,0.7943548387096774,0.4042055209088165,0.423264964992765,0.10483870967741936,0.5628571428571428,0.38404959023159463,0.40005962187994426,0.08,0.056451612903225805,0.05142857142857143,0.2914285714285714,11.928571428571429,0.036290322580645164,0.0,0.035882007594498465,0.1195085793979858,5.145161290322581,0.01082272445308104,0.021412867310581674,0.15649363467184862,0.08064516129032258,0,0.17619722295431114,0.26061922787119457,4.015501088690086,0.9231220685901607,0.0,0.9444444444444444,0.0,0.1,0.0,0.1,0.0,0.08,0.056451612903225805,0.2521645448906162,0.2521645448906162
175,0.975335249990911,0.5186250601951614,0.9230141834409704,0.516264059137188,0.23632945151062196,0.5099051518268128,0.8064516129032258,0.4043668112313972,0.4233859327347005,0.10483870967741936,0.5714285714285714,0.38416387594588036,0.40014533616565845,0.08,0.07258064516129033,0.06,0.2914285714285714,11.96,0.036290322580645164,0.0,0.03593003330909069,0.11947431249051733,5.145161290322581,0.010498042719488608,0.020777202210646273,0.15629882563169317,0.08064516129032258,0,0.17648255526850323,0.2593161317318386,3.9951910669162842,0.9820000000000004,0.0,0.9523809523809523,0.0,0.1,0.0,0.1,0.0,0.08,0.07258064516129033,0.25209960854389774,0.25209960854389774
176,0.9734240558516911,0.5172873280106823,0.921659965879466,0.5154555527283359,0.23632945151062196,0.5102350092948826,0.7620967741935484,0.4043668112313972,0.4233859327347005,0.10483870967741936,0.54,0.38416387594588036,0.40014533616565845,0.08,0.06854838709677419,0.05714285714285714,0.2914285714285714,11.974285714285715,0.036290322580645164,0.0,0.03597671892552704,0.11944107359027294,5.145161290322581,0.01018310143790395,0.02016021254974565,0.15610986086274237,0.08064516129032258,0,0.175942856777875,0.2580195510731794,3.972430102720816,0.9623600000000003,0.0,1.0,0.0,0.1,0.0,0.1,0.0,0.08,0.06854838709677419,0.2520366202875808,0.2520366202875808
177,0.9733514131293745,0.516648270051007,0.9216084933219388,0.5149455681752773,0.23632945151062196,0.510697626828116,0.8064516129032258,0.40444745639268753,0.4234464166056682,0.10483870967741936,0.5714285714285714,0.38422101880302323,0.40018819330851574,0.08,0.07661290322580645,0.06285714285714286,0.2914285714285714,12.002857142857144,0.036290322580645164,0.0,0.03602209883427179,0.1194088318570359,5.145161290322581,0.00987760839476683,0.01956136114652751,0.1559265650368601,0.08064516129032258,0,0.17580585677969987,0.2627730892536848,3.9558386435235415,0.9607130339427201,0.0,0.9545454545454546,0.0,0.1,0.0,0.1,0.0,0.08,0.07661290322580645,0.2519755216789534,0.2519755216789534
178,0.9734178276350396,0.5158100678684592,0.9216555527430957,0.5140281148464768,0.23632945151062196,0.5110229274940933,0.8346774193548387,0.40452810155397784,0.423506900476636,0.10483870967741936,0.5914285714285714,0.38427816166016604,0.4002310504513728,0.08,0.06451612903225806,0.06,0.2914285714285714,12.04,0.036290322580645164,0.0,0.036066206725621504,0.11937755737579586,5.145161290322581,0.009581280142923825,0.018980125591242847,0.1557487680857543,0.08064516129032258,0,0.17572654178151567,0.2614592238074164,3.9367218706530718,0.9498337593747928,0.0,0.9523809523809523,0.0,0.1,0.0,0.1,0.0,0.08,0.06451612903225806,0.25191625602858475,0.25191625602858475
179,0.973087776267105,0.5156483851461053,0.9214216877738165,0.5146067450329749,0.23632945151062196,0.5111257198272108,0.8145161290322581,0.40460874671526814,0.42356738434760366,0.10483870967741936,0.5771428571428572,0.3843353045173089,0.4002739075942299,0.08,0.04838709677419355,0.045714285714285714,0.2914285714285714,12.034285714285714,0.04032258064516129,0.0,0.036109075592158514,0.1193472211289932,5.145161290322581,0.00929384173863611,0.018415997880260826,0.15557630504318165,0.08064516129032258,0,0.17564691192617954,0.2601519276883793,3.903701718954296,0.9816635633737112,0.0,0.9375,0.0,0.1,0.0,0.1,0.0,0.08,0.04838709677419355,0.25185876834772725,0.25185876834772725
180,0.9750287280823206,0.5150853769469208,0.9225333047603281,0.5146585605939922,0.23632945151062196,0.5111586676258743,0.7894736842105263,0.4044438663202521,0.42400191474395027,0.10526315789473684,0.5571428571428572,0.3843353045173089,0.4002739075942299,0.08,0.06072874493927125,0.05142857142857143,0.29428571428571426,12.065714285714286,0.032388663967611336,0.002857142857142857,0.03614985743031231,0.11931779496959448,5.125506072874494,0.009015026486477026,0.017868484057111056,0.15540901589188622,0.08097165991902834,0,0.17513967736654862,0.2588511680499374,3.877056256003781,0.9620302921062369,0.0,1.0,0.0,0.1,0.0,0.1,0.0,0.08,0.06451612903225806,0.2518030052972954,0.2518030052972954
181,0.9747113680296736,0.5152111910589904,0.9223093392374602,0.514364886525742,0.23632945151062196,0.5110305920150954,0.7611336032388664,0.4047677529599283,0.42424482972370736,0.10526315789473684,0.5371428571428571,0.3845638759458803,0.4004453361656585,0.08,0.05263157894736842,0.04285714285714286,0.29428571428571426,12.085714285714285,0.03643724696356275,0.0,0.0362098216347521,0.11928925159497773,5.125506072874494,0.008744575691882715,0.017337103860104452,0.15524674541512962,0.08097165991902834,0,0.17543512183685875,0.25755691220968774,3.842372273740848,0.9604937923512682,0.0,0.8666666666666667,0.0,0.1,0.0,0.1,0.0,0.08,0.05263157894736842,0.25174891513837655,0.25174891513837655
182,0.9748875511267117,0.5157599418033757,0.9224336741659411,0.514281880502077,0.23632945151062196,0.5111087862168404,0.7894736842105263,0.4049296962797663,0.4243662872135859,0.10526315789473684,0.5571428571428572,0.384678161660166,0.4005310504513729,0.08,0.06477732793522267,0.05142857142857143,0.29428571428571426,12.122857142857143,0.03643724696356275,0.0,0.03624919868564493,0.11926156452159954,5.125506072874494,0.008482238421126234,0.016821390376573375,0.15508934305267574,0.08097165991902834,0,0.17541380622410302,0.26194331899332385,3.816953399694603,0.9426359452426647,0.0,0.9444444444444444,0.0,0.1,0.0,0.1,0.0,0.08,0.06477732793522267,0.2516964476842252,0.2516964476842252
183,0.9759621659628334,0.5147510536530217,0.9231920452074327,0.5141981620461029,0.23632945151062196,0.511371963379142,0.8380566801619433,0.4049296962797663,0.4243662872135859,0.10526315789473684,0.5914285714285714,0.384678161660166,0.4005310504513729,0.08,0.048582995951417005,0.045714285714285714,0.29428571428571426,12.145714285714286,0.03643724696356275,0.0,0.03628746080063616,0.11923470806042266,5.125506072874494,0.008227771268492447,0.016320889703752672,0.15493666276109547,0.08097165991902834,0,0.1753077371929825,0.26063360239835726,3.7863286174149957,0.9237832263378114,0.0,0.9375,0.0,0.1,0.0,0.1,0.0,0.08,0.048582995951417005,0.2516455542536985,0.2516455542536985
184,0.9755764032279097,0.5145785728673802,0.9229895886395642,0.5138340996764726,0.23632945151062196,0.5117572936336289,0.7845528455284553,0.40499933992618536,0.4257536020002648,0.10569105691056911,0.5514285714285714,0.384678161660166,0.4005310504513729,0.08,0.04065040650406504,0.04,0.29714285714285715,12.185714285714285,0.036585365853658534,0.002857142857142857,0.03634342501410534,0.11920865729308107,5.097560975609756,0.007980938130437673,0.015835160616315624,0.1547885628782626,0.08130081300813008,0,0.17477348493558903,0.25933043438636544,3.750602045066696,0.9053075618110552,0.0,1.0,0.0,0.1,0.0,0.1,0.0,0.08,0.044534412955465584,0.25159618762608754,0.25159618762608754
185,0.9768017577229023,0.5138804907448014,0.9238508377989019,0.5133177998126243,0.23632945151062196,0.51221732538599,0.8292682926829268,0.40499933992618536,0.4257536020002648,0.10569105691056911,0.5828571428571429,0.384678161660166,0.4005310504513729,0.08,0.06504065040650407,0.054285714285714284,0.29714285714285715,12.2,0.036585365853658534,0.0,0.03640326182145478,0.11918338804875979,5.097560975609756,0.007741509986524542,0.01536377424056179,0.15464490599191472,0.08130081300813008,0,0.17427076036805392,0.2580337822144336,3.729875718451076,0.887201410574834,0.0,1.0,0.0,0.1,0.0,0.1,0.0,0.08,0.06504065040650407,0.25154830199730494,0.25154830199730494
186,0.9757724357529713,0.5128600212966872,0.9231273715000361,0.5124390226009395,0.23632945151062196,0.5126772835990631,0.8414634146341463,0.40499933992618536,0.4257536020002648,0.10569105691056911,0.5914285714285714,0.384678161660166,0.4005310504513729,0.08,0.07317073170731707,0.05714285714285714,0.29714285714285715,12.228571428571428,0.032520325203252036,0.0,0.03643841980941027,0.11915887688176811,5.097560975609756,0.007509264686928806,0.014906313735245869,0.15450555881215727,0.08130081300813008,0,0.17391198370192795,0.2567436133033615,3.7124210612249122,0.8694573823633374,0.0,1.0,0.0,0.1,0.0,0.1,0.0,0.08,0.07317073170731707,0.25150185293738575,0.25150185293738575
187,0.9751776350849837,0.5130492446620213,0.9227093116019647,0.5125807591982036,0.23632945151062196,0.5129464045125871,0.8089430894308943,0.40499933992618536,0.4257536020002648,0.10569105691056911,0.5685714285714286,0.384678161660166,0.4005310504513729,0.08,0.07317073170731707,0.06,0.29714285714285715,12.254285714285714,0.032520325203252036,0.0,0.036472575375301526,0.11913510104978613,5.097560975609756,0.007283986746320942,0.014462373979026721,0.15437039204779257,0.08130081300813008,0,0.17341370949770404,0.25545989523684465,3.6981726400004136,0.8520682347160706,0.0,1.0,0.0,0.1,0.0,0.1,0.0,0.08,0.07317073170731707,0.2514567973492642,0.2514567973492642
188,0.9760175271395505,0.5139119051401904,0.9232996357317461,0.5126620461722625,0.23632945151062196,0.5134233785686612,0.7926829268292683,0.4052432423652098,0.4259365288295331,0.10975609756097561,0.5571428571428572,0.3848495902315946,0.4006596218799442,0.08285714285714285,0.06097560975609756,0.05142857142857143,0.29714285714285715,12.277142857142858,0.032520325203252036,0.0,0.03650575555015386,0.11911203849276374,5.097560975609756,0.007065467143931314,0.014031561264504666,0.15423928028635878,0.08130081300813008,0,0.17368949809307266,0.26031580219200845,3.6756377586289766,0.8750582296488707,0.0,0.8888888888888888,0.0,0.1,0.0,0.1,0.0,0.08,0.06097560975609756,0.25141309342878626,0.25141309342878626
189,0.9762402402676439,0.5126687508919984,0.9234561712446344,0.5116035370564479,0.23632945151062196,0.513984269355395,0.7967479674796748,0.4052432423652098,0.4259365288295331,0.10975609756097561,0.56,0.3848495902315946,0.4006596218799442,0.08285714285714285,0.052845528455284556,0.04285714285714286,0.29714285714285715,12.294285714285714,0.032520325203252036,0.0,0.036537986729431,0.11908966781245194,5.097560975609756,0.006853503129613374,0.013613492998807541,0.15411210187776803,0.08130081300813008,0,0.1731917656026073,0.2590142231810484,3.64498214631354,0.8575570650558932,0.0,1.0,0.0,0.1,0.0,0.1,0.0,0.08,0.052845528455284556,0.25137070062592265,0.25137070062592265
190,0.9766204052417035,0.5117462337695814,0.9234066679154334,0.5115544831515979,0.23632945151062196,0.5144772395880199,0.7836734693877551,0.4050492112815892,0.4249857965094187,0.11020408163265306,0.5485714285714286,0.3848495902315946,0.4006596218799442,0.08285714285714285,0.053061224489795916,0.045714285714285714,0.3,12.317142857142857,0.02857142857142857,0.002857142857142857,0.03658082601666447,0.11906796825254948,5.085714285714285,0.006647898035724973,0.013207797410680344,0.153988738821435,0.08163265306122448,0,0.17266823534602282,0.2577191520651432,3.6177967891015546,0.8404059237547754,0.0,1.0,0.0,0.1,0.0,0.1,0.0,0.08,0.052845528455284556,0.25132957960714497,0.25132957960714497
191,0.9776373886150421,0.5129313128809312,0.9241185562767703,0.5122538758437719,0.23632945151062196,0.5147591353936508,0.8204081632653061,0.4052941092407729,0.42516946997880645,0.11020408163265306,0.5742857142857143,0.38502101880302314,0.4007881933085157,0.08285714285714285,0.07346938775510205,0.05714285714285714,0.3,12.322857142857142,0.02857142857142857,0.0,0.03661897226474461,0.11904691967944414,5.085714285714285,0.006448461094653224,0.012814113264022264,0.15386907665679192,0.08163265306122448,0,0.1735468948835784,0.2705740749117425,3.602583710462381,0.9212733931619099,0.0,0.85,0.0,0.1,0.0,0.1,0.0,0.08,0.07346938775510205,0.25128969221893066,0.25128969221893066
192,0.9773391130263975,0.5127480831837685,0.9239097633647191,0.5124472779550057,0.23632945151062196,0.5149983274452081,0.8122448979591836,0.4054573745468954,0.4252919189583983,0.11020408163265306,0.5685714285714286,0.38513530451730893,0.40087390759422986,0.08285714285714285,0.08163265306122448,0.06571428571428571,0.3,12.357142857142858,0.0326530612244898,0.0,0.03664853246286115,0.11902650256353192,5.085714285714285,0.006255007261813627,0.012432089577813055,0.15375300435708816,0.08163265306122448,0,0.17393601755201768,0.28265629157626176,3.5962463219674192,0.9241237203849565,0.0,0.9130434782608695,0.0,0.1,0.0,0.1,0.0,0.08,0.08163265306122448,0.25125100145236273,0.25125100145236273
193,0.9801425044409778,0.5126054598868677,0.9243611282716513,0.5124407622776777,0.23632945151062196,0.515212286504094,0.8237704918032787,0.40636864598869027,0.42581866103008226,0.11065573770491803,0.5742857142857143,0.38513530451730893,0.40087390759422986,0.08285714285714285,0.05327868852459016,0.04857142857142857,0.3028571428571429,12.36,0.028688524590163935,0.002857142857142857,0.03677568188263209,0.11900669796109707,4.844262295081967,0.006067357043959218,0.01206138535236212,0.15364041422637553,0.08196721311475409,0,0.17419080678133075,0.2812430101183805,3.5728928240994993,0.9056412459772574,0.0,1.0,0.0,0.1,0.0,0.1,0.0,0.08,0.05714285714285714,0.25121347140879186,0.25121347140879186
194,0.9799760978437537,0.5122321264554511,0.9242451191010151,0.5123271382485598,0.23632945151062196,0.5154788869612602,0.8114754098360656,0.40636864598869027,0.42581866103008226,0.11065573770491803,0.5657142857142857,0.38513530451730893,0.40087390759422986,0.08285714285714285,0.06147540983606557,0.04857142857142857,0.3028571428571429,12.362857142857143,0.03278688524590164,0.0,0.03694837086063108,0.11898748749673521,4.844262295081967,0.005885336332640441,0.011701669301808493,0.15353120179958427,0.08196721311475409,0,0.1736624241759955,0.2798367950677886,3.550006396188938,0.8875284210577122,0.0,1.0,0.0,0.1,0.0,0.1,0.0,0.08,0.06147540983606557,0.2511770672665281,0.2511770672665281
195,0.9805159655483314,0.5124438038122338,0.9242855768051976,0.5125897357251283,0.23632945151062196,0.5156062106485826,0.8347107438016529,0.4082939019167776,0.42576012609193664,0.1115702479338843,0.5771428571428572,0.38519244737445174,0.40091676473708715,0.08285714285714285,0.05371900826446281,0.04857142857142857,0.30857142857142855,12.374285714285714,0.02066115702479339,0.005714285714285714,0.03701501022893239,0.11896885334630426,4.809917355371901,0.0057087762426612275,0.011352619592798652,0.15342526574559673,0.08264462809917356,0,0.17376439919797268,0.27843761109244963,3.5275776968365875,0.8884206704305886,0.0,0.9411764705882353,0.0,0.1,0.0,0.1,0.0,0.08,0.06147540983606557,0.2511417552485323,0.2511417552485323
196,0.9792163207082012,0.5125713946559874,0.923386965230022,0.5127236957572483,0.23632945151062196,0.5155399557421018,0.8429752066115702,0.4082939019167776,0.42576012609193664,0.1115702479338843,0.5828571428571429,0.38519244737445174,0.40091676473708715,0.08285714285714285,0.045454545454545456,0.04,0.30857142857142855,12.377142857142857,0.02066115702479339,0.0,0.037058424043094215,0.11895077822038626,4.809917355371901,0.005537512955381391,0.011013923589260899,0.15332250777322884,0.07851239669421488,0,0.1732097200591257,0.27704542303698737,3.497026142899856,0.8706522570219768,0.0,1.0,0.0,0.1,0.0,0.1,0.0,0.08,0.045454545454545456,0.2511075025910763,0.2511075025910763
197,0.9781448215413084,0.5134258054211099,0.9226461000917704,0.5131843597288621,0.23632945151062196,0.5157010522196169,0.7933884297520661,0.408459191172976,0.4258840930340854,0.1115702479338843,0.5485714285714286,0.38530673308873753,0.40100247902280134,0.08285714285714285,0.06611570247933884,0.04857142857142857,0.30857142857142855,12.365714285714287,0.02066115702479339,0.0,0.037084310664388526,0.11893324534824583,4.809917355371901,0.005371387566719949,0.010685277603193044,0.15322283254003197,0.07851239669421488,0,0.1735433857445443,0.31239155642407357,3.4756570486132867,0.9095687171200011,0.0,0.8823529411764706,0.0,0.1,0.0,0.1,0.0,0.08,0.06611570247933884,0.251074277513344,0.251074277513344
198,0.9779036753510405,0.5132126888578495,0.9224428784834403,0.5130223102276478,0.23632945151062196,0.5159279752562498,0.8215767634854771,0.4096166638852093,0.42516105540329635,0.11203319502074689,0.5657142857142857,0.3854210188030232,0.4010881933085157,0.08285714285714285,0.04149377593360996,0.037142857142857144,0.31142857142857144,12.362857142857143,0.016597510373443983,0.002857142857142857,0.037122187603606104,0.11891623846226952,4.796680497925311,0.0052102459397183505,0.010366386651379123,0.153126147563831,0.07883817427385892,0,0.17338981167296447,0.3108295986419532,3.443286764783878,0.9416616795522823,0.0,0.9230769230769231,0.0,0.1,0.0,0.1,0.0,0.08,0.04132231404958678,0.25104204918794365,0.25104204918794365
199,0.979124358132967,0.515437641385095,0.9232834057704239,0.5148063527532895,0.23632945151062196,0.5162157750535523,0.8381742738589212,0.4096166638852093,0.42516105540329635,0.11203319502074689,0.5771428571428572,0.3854210188030232,0.4010881933085157,0.08285714285714285,0.05394190871369295,0.04,0.31142857142857144,12.377142857142857,0.016597510373443983,0.0,0.03715221277532675,0.11889974178287256,4.796680497925311,0.0050539385615268,0.01005696421794422,0.15303236313691607,0.07883817427385892,0,0.17300700903959965,0.3092754506487434,3.4144210294882007,0.9228284459612367,0.0,1.0,0.0,0.1,0.0,0.1,0.0,0.08,0.05394190871369295,0.25101078771230534,0.25101078771230534
200,0.9792067935369231,0.5150831920444845,0.9233401684342908,0.5139096974229921,0.23632945151062196,0.5167262358080984,0.8506224066390041,0.4096166638852093,0.42516105540329635,0.11203319502074689,0.5857142857142857,0.3854210188030232,0.4010881933085157,0.08285714285714285,0.05394190871369295,0.04,0.31142857142857144,12.382857142857143,0.016597510373443983,0.0,0.037175932299876875,0.11888374000385754,4.796680497925311,0.004902320404680996,0.009756732022657477,0.1529413922428086,0.07883817427385892,0,0.17251183826227662,0.3077290733954997,3.3861326088984374,0.9043718770420118,0.0,1.0,0.0,0.1,0.0,0.1,0.0,0.08,0.05394190871369295,0.2509804640809362,0.2509804640809362
201,0.9801180901475636,0.5150348917883018,0.923967661243332,0.5139941744947061,0.23632945151062196,0.5171444580577983,0.8547717842323651,0.4096996514370765,0.4252232960671968,0.11203319502074689,0.5885714285714285,0.3854781616601661,0.4011310504513728,0.08285714285714285,0.04564315352697095,0.03142857142857143,0.31142857142857144,12.382857142857143,0.016597510373443983,0.0,0.03719896305664033,0.11886821827821287,4.796680497925311,0.004755250792540566,0.00946541979488924,0.15285315047552434,0.07883817427385892,0,0.17244827978525096,0.3069619270355393,3.3498385281490393,0.893473486512146,0.0,0.9090909090909091,0.0,0.1,0.0,0.1,0.0,0.08,0.04564315352697095,0.2509510501585081,0.2509510501585081
202,0.9809630542193469,0.5144135639164997,0.9241959493995322,0.5132812516862092,0.23632945151062196,0.5176475374434669,0.8125,0.4089820662958035,0.4253827473965079,0.1125,0.5571428571428572,0.3854781616601661,0.4011310504513728,0.08285714285714285,0.041666666666666664,0.03428571428571429,0.3142857142857143,12.388571428571428,0.016666666666666666,0.002857142857142857,0.03724303546412081,0.11885316220433763,4.775,0.004612593268764349,0.00918276505312765,0.1527675559612586,0.07916666666666666,0,0.1720417555256104,0.30542711740036166,3.3171274718717725,0.875604016781903,0.0,1.0,0.0,0.1,0.0,0.1,0.0,0.08,0.04564315352697095,0.25092251865375287,0.25092251865375287
203,0.9801782367279699,0.5141688314037042,0.9236577888340162,0.5132196857573921,0.23632945151062196,0.5179633877753866,0.8958333333333334,0.4089820662958035,0.4253827473965079,0.1125,0.6142857142857143,0.3854781616601661,0.4011310504513728,0.08285714285714285,0.05,0.037142857142857144,0.3142857142857143,12.371428571428572,0.0125,0.0,0.0372700135782867,0.11883855781267866,4.775,0.004474215470701419,0.008908512889958198,0.15268452928242085,0.07916666666666666,0,0.17160926174798238,0.3038999818133598,3.287927779577194,0.8580919364462649,0.0,1.0,0.0,0.1,0.0,0.1,0.0,0.08,0.05,0.2508948430941403,0.2508948430941403
204,0.9823895109643231,0.5132298484837884,0.9251740911675158,0.5125567748773968,0.23632945151062196,0.518202809819725,0.8916666666666667,0.4091487329624702,0.4255077473965078,0.1125,0.6114285714285714,0.38559244737445175,0.401216764737087,0.08285714285714285,0.029166666666666667,0.02857142857142857,0.3142857142857143,12.374285714285714,0.016666666666666666,0.0,0.03729111617971189,0.11882439155276937,4.775,0.004339989006580377,0.008642415762409206,0.15260399340394823,0.07916666666666666,0,0.17140807258209959,0.30238048190429306,3.2507406525570786,0.8698972180084482,0.0,0.9,0.0,0.1,0.0,0.1,0.0,0.08,0.029166666666666667,0.2508679978013161,0.2508679978013161
205,0.9804211363119022,0.5130915441572842,0.9238243485487129,0.5131067924252826,0.23632945151062196,0.5182819791860177,0.8333333333333334,0.4091487329624702,0.4255077473965078,0.1125,0.5714285714285714,0.38559244737445175,0.401216764737087,0.08285714285714285,0.04583333333333333,0.04,0.3142857142857143,12.385714285714286,0.016666666666666666,0.0,0.03731160364533599,0.1188106502806574,4.775,0.004209789336382965,0.008384233287564102,0.1525258736018298,0.07916666666666666,0,0.1709217472191891,0.3008685794947716,3.2257258395059374,0.8524992736482793,0.0,1.0,0.0,0.1,0.0,0.1,0.0,0.08,0.04583333333333333,0.2508419578672766,0.2508419578672766
206,0.981978892122202,0.5131181061146312,0.9248925239614898,0.51341921302591,0.23632945151062196,0.5183812415284871,0.8875,0.4093153996291369,0.4256327473965078,0.1125,0.6085714285714285,0.3857067330887375,0.4013024790228014,0.08285714285714285,0.058333333333333334,0.045714285714285714,0.3142857142857143,12.405714285714286,0.016666666666666666,0.0,0.037331493378608194,0.11879732124670882,4.775,0.004083495656291476,0.008133732043342223,0.15245009739377488,0.07916666666666666,0,0.17106372628677163,0.2993642365972977,3.206925608430104,0.8573293112952551,0.0,0.9375,0.0,0.1,0.0,0.1,0.0,0.08,0.058333333333333334,0.2508166991312583,0.2508166991312583
207,0.982682615369183,0.5126812740907621,0.9253750770451338,0.5131485777924785,0.23632945151062196,0.5184097193693319,0.8291666666666667,0.4093153996291369,0.4256327473965078,0.1125,0.5685714285714286,0.3857067330887375,0.4013024790228014,0.08285714285714285,0.05,0.04285714285714286,0.3142857142857143,12.411428571428571,0.016666666666666666,0.0,0.037350802322113824,0.11878439208377861,4.775,0.003960990786602732,0.007890685374348227,0.15237659447196164,0.07916666666666666,0,0.1706928390803378,0.2978674154143112,3.1856442391186452,0.84018272506935,0.0,1.0,0.0,0.1,0.0,0.1,0.0,0.08,0.05,0.25079219815732057,0.25079219815732057
208,0.9828888833737464,0.513194921959024,0.9255165179625487,0.5129107932217672,0.23632945151062196,0.518384293125112,0.8708333333333333,0.40939873296247015,0.4256952473965078,0.1125,0.5971428571428572,0.3857638759458803,0.4013453361656585,0.08285714285714285,0.04583333333333333,0.03428571428571429,0.3142857142857143,12.417142857142856,0.016666666666666666,0.0,0.03736954696785556,0.11877185079573643,4.775,0.00384216106300465,0.007654873202690871,0.1523052966378028,0.07916666666666666,0,0.1704963748849361,0.29637807833723967,3.156217068621986,0.8807396730072532,0.0,0.9166666666666666,0.0,0.1,0.0,0.1,0.0,0.08,0.04583333333333333,0.2507684322126009,0.2507684322126009
209,0.9842419371441467,0.514227626307411,0.9259132560894425,0.5131722112639526,0.23632945151062196,0.5184693200757584,0.8326359832635983,0.4102306626214619,0.4266794413544617,0.11297071129707113,0.5685714285714286,0.3857638759458803,0.4013453361656585,0.08285714285714285,0.04184100418410042,0.03142857142857143,0.3171428571428571,12.442857142857143,0.012552301255230125,0.002857142857142857,0.037391036574594125,0.11875968574633539,4.7698744769874475,0.0037268962311145103,0.007426081843671994,0.1522361377386687,0.0794979079497908,0,0.16998632158194,0.2948961879455535,3.1245212986781175,0.863124879547108,0.0,1.0,0.0,0.1,0.0,0.1,0.0,0.08,0.041666666666666664,0.2507453792462229,0.2507453792462229
210,0.9824824910582372,0.5140538886341339,0.924711805762207,0.5131676739529888,0.23632945151062196,0.5186420980049802,0.8577405857740585,0.4102306626214619,0.4266794413544617,0.11297071129707113,0.5857142857142857,0.3857638759458803,0.4013453361656585,0.08285714285714285,0.04602510460251046,0.03428571428571429,0.3171428571428571,12.462857142857143,0.012552301255230125,0.0,0.03740870269532543,0.11874788564841647,4.7698744769874475,0.003615089344181075,0.007204103826245034,0.15216905360650865,0.0794979079497908,0,0.16967640066690526,0.2934217070058257,3.0963165869902696,0.8458623819561659,0.0,1.0,0.0,0.1,0.0,0.1,0.0,0.08,0.04602510460251046,0.2507230178688362,0.2507230178688362
211,0.9819575447447493,0.5142802767117729,0.9243533424224254,0.5132042729285605,0.23632945151062196,0.5186327925157688,0.8870292887029289,0.4102306626214619,0.4266794413544617,0.11297071129707113,0.6057142857142858,0.3857638759458803,0.4013453361656585,0.08285714285714285,0.0502092050209205,0.04,0.3171428571428571,12.471428571428572,0.012552301255230125,0.0,0.037425851322753396,0.11873643955343512,4.7698744769874475,0.0035066366638556424,0.006988737718145566,0.15210398199831338,0.0794979079497908,0,0.16914201866357076,0.2919545984707966,3.074390255250464,0.8289451343170425,0.0,1.0,0.0,0.1,0.0,0.1,0.0,0.08,0.0502092050209205,0.2507013273327711,0.2507013273327711
212,0.981322188111654,0.5134698214130542,0.9239194846072547,0.512550877806558,0.23632945151062196,0.5186399256140987,0.8368200836820083,0.41039802663819835,0.426804964367014,0.11297071129707113,0.5714285714285714,0.38587816166016603,0.4014310504513728,0.08285714285714285,0.04602510460251046,0.04285714285714286,0.3171428571428571,12.497142857142856,0.012552301255230125,0.0,0.03744249724914197,0.11872533684130318,4.7698744769874475,0.003401437563939973,0.006779787955592975,0.152040862538364,0.0794979079497908,0,0.16958017355241362,0.29461780956244144,3.055759593002598,0.8258353700537155,0.0,0.8666666666666667,0.0,0.1,0.0,0.1,0.0,0.08,0.04602510460251046,0.250680287512788,0.250680287512788
213,0.9800508280212397,0.514438403448929,0.9230513272883718,0.5135773069752948,0.23632945151062196,0.5186557062059777,0.8702928870292888,0.4105653906549347,0.4269304873795663,0.11297071129707113,0.5942857142857143,0.38599244737445176,0.4015167647370871,0.08285714285714285,0.04602510460251046,0.03428571428571429,0.3171428571428571,12.502857142857144,0.012552301255230125,0.0,0.03745865486578727,0.11871456721053518,4.7698744769874475,0.0032993944370217736,0.006577064677468769,0.15197963666221306,0.0794979079497908,0,0.16993155911322297,0.29430103794622753,3.0289301154282597,0.8749966906377147,0.0,0.8333333333333334,0.0,0.1,0.0,0.1,0.0,0.08,0.04602510460251046,0.2506598788874044,0.2506598788874044
214,0.9813772573354025,0.5140507994879541,0.9239570890200431,0.5131211180742941,0.23632945151062196,0.5187542448546557,0.8619246861924686,0.4107327546716711,0.4270560103921186,0.11297071129707113,0.5885714285714285,0.38610673308873744,0.4016024790228014,0.08285714285714285,0.0502092050209205,0.037142857142857144,0.3171428571428571,12.51142857142857,0.012552301255230125,0.0,0.03747433817256029,0.11870412066869024,4.7698744769874475,0.0032004126039111205,0.006380383563869163,0.15192024756234668,0.0794979079497908,0,0.1700793398676747,0.29282953275649637,3.0054943702625514,0.9212966224796045,0.0,0.9230769230769231,0.0,0.1,0.0,0.1,0.0,0.08,0.0502092050209205,0.25064008252078224,0.25064008252078224
215,0.9814692192489267,0.5144173783327814,0.9240198858695639,0.5130813631908808,0.23632945151062196,0.5188009396568188,0.8451882845188284,0.4107327546716711,0.4270560103921186,0.11297071129707113,0.5771428571428572,0.38610673308873744,0.4016024790228014,0.08285714285714285,0.05439330543933055,0.04,0.3171428571428571,12.517142857142858,0.012552301255230125,0.0,0.03748956078730623,0.11869398752310059,4.7698744769874475,0.0031044002257937867,0.006189565678940356,0.15186264013547626,0.0794979079497908,0,0.1695995160254792,0.2913653850927139,2.985384482857301,0.9028706900300125,0.0,1.0,0.0,0.1,0.0,0.1,0.0,0.08,0.05439330543933055,0.25062088004515876,0.25062088004515876
216,0.9811447253239044,0.5151392338656031,0.9237983028750486,0.513267262385896,0.23632945151062196,0.5189737888272953,0.8200836820083682,0.4107327546716711,0.4270560103921186,0.11297071129707113,0.56,0.38610673308873744,0.4016024790228014,0.08285714285714285,0.04184100418410042,0.03142857142857143,0.3171428571428571,12.54,0.012552301255230125,0.0,0.037504335955097154,0.11868415837187873,4.7698744769874475,0.003011268219019973,0.006004437317897682,0.151806760931412,0.0794979079497908,0,0.16909394701678038,0.28990855816725036,2.957105364628726,0.8848132762294123,0.0,1.0,0.0,0.1,0.0,0.1,0.0,0.08,0.04184100418410042,0.250602253643804,0.250602253643804
217,0.9809230660632676,0.5158686534837261,0.9236469412656425,0.5137060301492877,0.23632945151062196,0.5191551648294587,0.8410041841004184,0.4107327546716711,0.4270560103921186,0.11297071129707113,0.5742857142857143,0.38610673308873744,0.4016024790228014,0.08285714285714285,0.0502092050209205,0.037142857142857144,0.3171428571428571,12.542857142857143,0.012552301255230125,0.0,0.03751867655733426,0.1186746240951935,4.7698744769874475,0.0029209301724493738,0.005824829858134151,0.15175255810346963,0.0794979079497908,0,0.16847690585312505,0.2884590153764141,2.935106114479009,0.867117010704824,0.0,1.0,0.0,0.1,0.0,0.1,0.0,0.08,0.0502092050209205,0.2505841860344899,0.2505841860344899
218,0.9814439716425188,0.5159538199690185,0.9240026453611879,0.5141253519064436,0.23632945151062196,0.5192132623006648,0.8410041841004184,0.4107327546716711,0.4270560103921186,0.11297071129707113,0.5742857142857143,0.38610673308873744,0.4016024790228014,0.08285714285714285,0.04184100418410042,0.037142857142857144,0.3171428571428571,12.545714285714286,0.012552301255230125,0.0,0.03753259512069737,0.11866537584680878,4.7698744769874475,0.0028333022672758926,0.0056505796143262454,0.15169998136036553,0.0794979079497908,0,0.1682315320167344,0.287016720299532,2.9135468493322856,0.8497746704907275,0.0,1.0,0.0,0.1,0.0,0.1,0.0,0.08,0.04184100418410042,0.25056666045345516,0.25056666045345516
219,0.9798973978081993,0.5158736010387751,0.922946556371467,0.5138514848625727,0.23632945151062196,0.5194023680333609,0.8326359832635983,0.4107327546716711,0.4270560103921186,0.11297071129707113,0.5685714285714286,0.38610673308873744,0.4016024790228014,0.08285714285714285,0.05439330543933055,0.04,0.3171428571428571,12.56,0.012552301255230125,0.0,0.037546103825939085,0.11865640504587562,4.7698744769874475,0.0027483031992576157,0.005481527697443478,0.15164898191955456,0.0794979079497908,0,0.16778980364236504,0.2855816366980344,2.8952759123456397,0.832779177080913,0.0,1.0,0.0,0.1,0.0,0.1,0.0,0.08,0.05439330543933055,0.2505496606398515,0.2505496606398515
220,0.9810311473908074,0.5150890166006264,0.9237207453721623,0.5137078692531909,0.23632945151062196,0.5194670035918664,0.8744769874476988,0.4107327546716711,0.4270560103921186,0.11297071129707113,0.5971428571428572,0.38610673308873744,0.4016024790228014,0.08285714285714285,0.0502092050209205,0.037142857142857144,0.3171428571428571,12.585714285714285,0.012552301255230125,0.0,0.03755921451652193,0.11864770336897053,4.7698744769874475,0.0026658541032798873,0.005317519877569565,0.15159951246196793,0.0794979079497908,0,0.16720785462415322,0.28415372851454423,2.874513251241584,0.8161235935392948,0.0,1.0,0.0,0.1,0.0,0.1,0.0,0.08,0.0502092050209205,0.25053317082065596,0.25053317082065596
221,0.9796398440274081,0.5142347073635068,0.9227038049577602,0.512954214112037,0.23632945151062196,0.5195134580978379,0.8781512605042017,0.41066946409894234,0.42826989223414297,0.1134453781512605,0.5971428571428572,0.3861638759458803,0.40164533616565856,0.08285714285714285,0.07142857142857142,0.05714285714285714,0.32,12.597142857142858,0.008403361344537815,0.002857142857142857,0.0261583772171783,0.12920170253896265,4.7478991596638656,0.1026658541032799,0.1856228639758878,0.21159951246196793,0.07983193277310924,0,0.1676849610617467,0.2827329598719715,2.87416584335961,0.8256712827234882,0.0,0.9,0.0,0.1,0.0,0.1,0.0,0.08,0.07531380753138076,0.270533170820656,0.270533170820656
222,0.9798451118563852,0.5143314847749549,0.9228433870814644,0.5128981368154892,0.23632945151062196,0.5195551704638782,0.8487394957983193,0.41066946409894234,0.42826989223414297,0.1134453781512605,0.5771428571428572,0.3861638759458803,0.40164533616565856,0.08285714285714285,0.037815126050420166,0.02857142857142857,0.32,12.602857142857143,0.012605042016806723,0.0,0.026399686838563467,0.12887664193726486,4.7478991596638656,0.0995858784801815,0.18059085797776442,0.2097515270881089,0.07983193277310924,0,0.16732884756038377,0.28131929507261166,2.845253955063846,0.8091578570690184,0.0,1.0,0.0,0.1,0.0,0.1,0.0,0.08,0.037815126050420166,0.2699171756960363,0.2699171756960363
223,0.9800294350784806,0.514408851516258,0.9229687268724894,0.5124981003748161,0.23632945151062196,0.5194718394232801,0.8487394957983193,0.41066946409894234,0.42826989223414297,0.1134453781512605,0.5771428571428572,0.3861638759458803,0.40164533616565856,0.08285714285714285,0.04201680672268908,0.04,0.32,12.622857142857143,0.012605042016806723,0.0,0.026636881428728006,0.12856133315361798,4.7478991596638656,0.09659830212577605,0.1756801065889334,0.20795898127546564,0.07983193277310924,0,0.1670052061761533,0.2799126985972486,2.8283488759625692,0.7929746999276381,0.0,1.0,0.0,0.1,0.0,0.1,0.0,0.08,0.04201680672268908,0.2693196604251552,0.2693196604251552
224,0.9802724591402668,0.5150936160074557,0.9231339832345041,0.5131161919484526,0.23632945151062196,0.5193737751865892,0.8781512605042017,0.41066946409894234,0.42826989223414297,0.1134453781512605,0.5971428571428572,0.3861638759458803,0.40164533616565856,0.08285714285714285,0.025210084033613446,0.022857142857142857,0.32,12.634285714285713,0.012605042016806723,0.0,0.026872416551118945,0.1282554836334806,4.7478991596638656,0.09370035306200276,0.17088856021819543,0.20622021183720166,0.07983193277310924,0,0.16645546657384394,0.2785131351042624,2.794639041300461,0.7771152059290853,0.0,1.0,0.0,0.1,0.0,0.1,0.0,0.08,0.025210084033613446,0.2687400706124006,0.2687400706124006
225,0.9797238976828971,0.5157953075440467,0.9227609614434925,0.5136436880154176,0.23632945151062196,0.5190646354508098,0.865546218487395,0.41066946409894234,0.42826989223414297,0.1134453781512605,0.5885714285714285,0.3861638759458803,0.40164533616565856,0.08285714285714285,0.04201680672268908,0.03428571428571429,0.32,12.665714285714285,0.012605042016806723,0.0,0.027106111407376756,0.12795880959894723,4.7478991596638656,0.09088934247014267,0.16621415063728118,0.2045336054820856,0.07983193277310924,0,0.16605090424097474,0.2771205694287411,2.773031974760165,0.7615729018105036,0.0,1.0,0.0,0.1,0.0,0.1,0.0,0.08,0.04201680672268908,0.2681778684940285,0.2681778684940285
226,0.9795988390718866,0.5164333171759017,0.9226759215880056,0.5135991364056066,0.23632945151062196,0.5187956428500538,0.8361344537815126,0.4107534977123877,0.428332917444227,0.1134453781512605,0.5685714285714286,0.3862210188030232,0.4016881933085157,0.08285714285714285,0.06722689075630252,0.05142857142857143,0.32,12.677142857142858,0.012605042016806723,0.0,0.027337796975001192,0.12767103578545003,4.7478991596638656,0.0881626621960384,0.16165479517538206,0.20289759731762302,0.07983193277310924,0,0.16607707900548419,0.27573496658159735,2.7689999066935336,0.7628730164073507,0.0,0.9444444444444444,0.0,0.1,0.0,0.1,0.0,0.08,0.06722689075630252,0.2676325324392077,0.2676325324392077
227,0.9810848464620153,0.515831745840554,0.9236864066132929,0.5127551020173492,0.23632945151062196,0.5187072030631246,0.8739495798319328,0.4107534977123877,0.428332917444227,0.1134453781512605,0.5942857142857143,0.3862210188030232,0.4016881933085157,0.08285714285714285,0.029411764705882353,0.022857142857142857,0.32,12.697142857142858,0.012605042016806723,0.0,0.02756731581654941,0.12739189518635755,4.7478991596638656,0.08551778233015725,0.1572084006583333,0.20131066939809433,0.07983193277310924,0,0.16541797932474245,0.27435629174868936,2.7364770514168053,0.7476155560792037,0.0,1.0,0.0,0.1,0.0,0.1,0.0,0.08,0.029411764705882353,0.26710355646603146,0.26710355646603146
228,0.9806928440758002,0.5161368548162524,0.9234198449906668,0.5132193755292098,0.23632945151062196,0.5186317170577065,0.8319327731092437,0.4107534977123877,0.428332917444227,0.1134453781512605,0.5657142857142857,0.3862210188030232,0.4016881933085157,0.08285714285714285,0.04201680672268908,0.03142857142857143,0.32,12.711428571428572,0.012605042016806723,0.0,0.02779452185036222,0.1271211288052379,4.7478991596638656,0.08295224886025253,0.15287286710145354,0.1997713493161515,0.07983193277310924,0,0.16498903941027943,0.2729845102899459,2.713176081817041,0.7326632449576197,0.0,1.0,0.0,0.1,0.0,0.1,0.0,0.08,0.04201680672268908,0.2665904497720505,0.2665904497720505
229,0.9793033848485613,0.5160725275484103,0.9224750127161443,0.5130701156334337,0.23632945151062196,0.5184376107896738,0.8571428571428571,0.41092156493927845,0.4284589678643951,0.1134453781512605,0.5828571428571429,0.38633530451730896,0.40177390759422993,0.08285714285714285,0.05042016806722689,0.03428571428571429,0.32,12.725714285714286,0.01680672268907563,0.0,0.02801928008808877,0.1268584854155519,4.7478991596638656,0.08046368139444494,0.1486460911651306,0.19827820883666697,0.07983193277310924,0,0.1650198106417995,0.2716195877384962,2.6931982744664142,0.808034913838883,0.0,0.9166666666666666,0.0,0.1,0.0,0.1,0.0,0.08,0.05042016806722689,0.26609273627888896,0.26609273627888896
230,0.9812624736982831,0.5165969427232223,0.9238071931339552,0.5139948795592668,0.23632945151062196,0.5183203279624123,0.8361344537815126,0.41117366577961456,0.4286480434946472,0.1134453781512605,0.5685714285714286,0.38650673308873756,0.40190247902280135,0.08285714285714285,0.0546218487394958,0.04,0.32,12.748571428571429,0.01680672268907563,0.0,0.028241466343923605,0.12660372132755654,4.7478991596638656,0.07804977095261159,0.14452596938226991,0.19682986257156695,0.07983193277310924,0,0.16539357158501908,0.28925262363969656,2.6793343089770856,0.922540597021786,0.0,0.8571428571428571,0.0,0.1,0.0,0.1,0.0,0.08,0.0546218487394958,0.2656099541905223,0.2656099541905223
231,0.9832385277360399,0.515573339526762,0.9251509098796299,0.5133694620619464,0.23632945151062196,0.5181974365538241,0.8403361344537815,0.41117366577961456,0.4286480434946472,0.1134453781512605,0.5714285714285714,0.38650673308873756,0.40190247902280135,0.08285714285714285,0.0546218487394958,0.04285714285714286,0.32,12.751428571428571,0.02100840336134454,0.0,0.028460966920112976,0.12635660016220093,4.7478991596638656,0.07570827782403323,0.1405104011667173,0.19542496669441994,0.07983193277310924,0,0.16502289015566537,0.28780636052149805,2.668604765654687,0.9040897850813503,0.0,1.0,0.0,0.1,0.0,0.1,0.0,0.08,0.0546218487394958,0.2651416555648066,0.2651416555648066
232,0.9842783454938562,0.5151377649478189,0.9247517728894783,0.5130611075274453,0.23632945151062196,0.5180622816960296,0.8143459915611815,0.4125558105922555,0.42824334514033324,0.11392405063291139,0.5514285714285714,0.3867353045173089,0.4020739075942299,0.08285714285714285,0.05485232067510549,0.04,0.32285714285714284,12.754285714285714,0.012658227848101266,0.002857142857142857,0.02872552701591307,0.12611689263180598,4.616033755274262,0.07343702948931223,0.1365972916117163,0.19406221769358734,0.08016877637130802,0,0.16559337913385072,0.2877156745568254,2.6552326703415936,0.9431507748465444,0.0,0.8571428571428571,0.0,0.1,0.0,0.1,0.0,0.08,0.058823529411764705,0.26468740589786244,0.26468740589786244
233,0.9831578110360703,0.5148923784643019,0.9239930109852061,0.5132053119962775,0.23632945151062196,0.5178374014067596,0.8523206751054853,0.41280897514921755,0.4284332185580548,0.11392405063291139,0.5771428571428572,0.3869067330887375,0.4022024790228014,0.08285714285714285,0.05485232067510549,0.037142857142857144,0.32285714285714284,12.771428571428572,0.012658227848101266,0.0,0.028985016102709066,0.12588437632732294,4.616033755274262,0.07123391860463286,0.13278455408737522,0.1927403511627797,0.08016877637130802,0,0.16587941223818145,0.2862770961840413,2.639270874077619,0.9738746110256925,0.0,0.8461538461538461,0.0,0.1,0.0,0.1,0.0,0.08,0.05485232067510549,0.2642467837209266,0.2642467837209266
234,0.9828426526422414,0.515726388112928,0.9237796037299563,0.5137375854447649,0.23632945151062196,0.5178011007614204,0.8016877637130801,0.41280897514921755,0.4284332185580548,0.11392405063291139,0.5428571428571428,0.3869067330887375,0.4022024790228014,0.08285714285714285,0.0379746835443038,0.025714285714285714,0.32285714285714284,12.788571428571428,0.012658227848101266,0.0,0.029197491366568712,0.12565883551197432,4.616033755274262,0.06909690104649388,0.12907011264601032,0.19145814062789632,0.08016877637130802,0,0.1654197365877227,0.28484571070312115,2.612199742310352,0.9543971188051785,0.0,1.0,0.0,0.1,0.0,0.1,0.0,0.08,0.0379746835443038,0.2638193802092988,0.2638193802092988
235,0.9834034934646183,0.5161738239995407,0.9241593730868227,0.5141668310194132,0.23632945151062196,0.5177060918068377,0.8481012658227848,0.41280897514921755,0.4284332185580548,0.11392405063291139,0.5742857142857143,0.3869067330887375,0.4022024790228014,0.08285714285714285,0.046413502109704644,0.03142857142857143,0.32285714285714284,12.811428571428571,0.012658227848101266,0.0,0.029406896442970423,0.1254400609210862,4.616033755274262,0.06702399401509906,0.12545190424408792,0.19021439640905943,0.08016877637130802,0,0.16493478147621266,0.28342148214960555,2.5913843188927164,0.935309176429075,0.0,1.0,0.0,0.1,0.0,0.1,0.0,0.08,0.046413502109704644,0.2634047988030198,0.2634047988030198
236,0.9832851359020047,0.5162813775914012,0.9240792281087101,0.5139613575607875,0.23632945151062196,0.5175438538629366,0.8227848101265823,0.41280897514921755,0.4284332185580548,0.11392405063291139,0.5571428571428572,0.3869067330887375,0.4022024790228014,0.08285714285714285,0.06329113924050633,0.04285714285714286,0.32285714285714284,12.831428571428571,0.012658227848101266,0.0,0.02961316454810817,0.1252278495679247,4.616033755274262,0.06501327419464609,0.12192788078932892,0.18900796451678764,0.08016877637130802,0,0.16462225826527804,0.28200437473885753,2.5824137753720047,0.9166029929004935,0.0,1.0,0.0,0.1,0.0,0.1,0.0,0.08,0.06329113924050633,0.2630026548389292,0.2630026548389292
237,0.9823508540060713,0.5158596917870116,0.9234465857963211,0.513826587240065,0.23632945151062196,0.5175945256482443,0.8734177215189873,0.41280897514921755,0.4284332185580548,0.11392405063291139,0.5914285714285714,0.3869067330887375,0.4022024790228014,0.08285714285714285,0.029535864978902954,0.02,0.32285714285714284,12.848571428571429,0.012658227848101266,0.0,0.029816237271227567,0.1250220045553581,4.616033755274262,0.0630628759688067,0.11849601102135776,0.18783772558128403,0.08016877637130802,0,0.16397057554538022,0.28059435286516327,2.5507654998645646,0.8982709330424836,0.0,1.0,0.0,0.1,0.0,0.1,0.0,0.08,0.029535864978902954,0.26261257519376136,0.26261257519376136
238,0.9811128138532814,0.5153743664329679,0.9226082557500032,0.51338725742794,0.23632945151062196,0.5173380462919638,0.8565400843881856,0.41280897514921755,0.4284332185580548,0.11392405063291139,0.58,0.3869067330887375,0.4022024790228014,0.08285714285714285,0.04219409282700422,0.02857142857142857,0.32285714285714284,12.857142857142858,0.012658227848101266,0.0,0.03001606418975005,0.12482233489316852,4.616033755274262,0.0611709896897425,0.11515428223408042,0.1867025938138455,0.08016877637130802,0,0.16340729481051045,0.2791913811008374,2.528321618438702,0.880305514381634,0.0,1.0,0.0,0.1,0.0,0.1,0.0,0.08,0.04219409282700422,0.2622341979379485,0.2622341979379485
239,0.9810226319383217,0.516489026098192,0.9225471897104449,0.5145349542200471,0.23632945151062196,0.5172037916206983,0.8312236286919831,0.4130621397061795,0.4286230919757763,0.11392405063291139,0.5628571428571428,0.38707816166016606,0.4023310504513728,0.08285714285714285,0.05485232067510549,0.04,0.32285714285714284,12.862857142857143,0.012658227848101266,0.0,0.030212602485440766,0.12462865532084459,4.616033755274262,0.05933585999905022,0.11190070184776524,0.18560151599943012,0.08016877637130802,0,0.1639029747650293,0.28124250422116875,2.517755186069928,0.8893267992660658,0.0,0.8571428571428571,0.0,0.1,0.0,0.1,0.0,0.08,0.05485232067510549,0.26186717199981,0.26186717199981
240,0.9823548004116327,0.5161539807217272,0.9234492580766583,0.5141552836975679,0.23632945151062196,0.5172205944063231,0.8565400843881856,0.4130621397061795,0.4286230919757763,0.11392405063291139,0.58,0.38707816166016606,0.4023310504513728,0.08285714285714285,0.02531645569620253,0.017142857142857144,0.32285714285714284,12.871428571428572,0.012658227848101266,0.0,0.03040581656345195,0.12444078613569035,4.616033755274262,0.05755578419907871,0.10873329883857896,0.1845334705194472,0.08016877637130802,0,0.16325474560548986,0.2798362917000629,2.4845429394913863,0.8715402632807445,0.0,1.0,0.0,0.1,0.0,0.1,0.0,0.08,0.02531645569620253,0.26151115683981574,0.26151115683981574
241,0.9842560364752089,0.5166712896123767,0.9247366664968515,0.5143564495777525,0.23632945151062196,0.5173026820801192,0.8227848101265823,0.4130621397061795,0.4286230919757763,0.11392405063291139,0.5571428571428572,0.38707816166016606,0.4023310504513728,0.08285714285714285,0.046413502109704644,0.03142857142857143,0.32285714285714284,12.877142857142857,0.012658227848101266,0.0,0.030595677675846634,0.12425855302609068,4.616033755274262,0.05582911067310635,0.1056501250330999,0.1834974664038638,0.08016877637130802,0,0.16300663039542665,0.2784371102415626,2.4662806521301306,0.8541094580151296,0.0,1.0,0.0,0.1,0.0,0.1,0.0,0.08,0.046413502109704644,0.26116582213462125,0.26116582213462125
242,0.9849889702637901,0.5182657318204615,0.9252329673765478,0.5152174960964159,0.23632945151062196,0.5172369957288561,0.8565400843881856,0.4132309160774876,0.42874967425425736,0.11392405063291139,0.58,0.3871924473744517,0.4024167647370871,0.08285714285714285,0.05485232067510549,0.037142857142857144,0.32285714285714284,12.871428571428572,0.012658227848101266,0.0,0.03078216355099679,0.12408178690977915,4.616033755274262,0.05415423735291316,0.1026492562750918,0.1824925424117479,0.08016877637130802,0,0.16290545510059237,0.27704492469035474,2.4540978962303845,0.8505718463545289,0.0,0.9230769230769231,0.0,0.1,0.0,0.1,0.0,0.08,0.05485232067510549,0.2608308474705826,0.2608308474705826
243,0.9831457061236322,0.5177228773134264,0.9239848142302123,0.5154403201576295,0.23632945151062196,0.5173303329666357,0.8607594936708861,0.4132309160774876,0.42874967425425736,0.11392405063291139,0.5828571428571429,0.3871924473744517,0.4024167647370871,0.08285714285714285,0.06751054852320675,0.045714285714285714,0.32285714285714284,12.88,0.012658227848101266,0.0,0.030965258030055943,0.12391032377695685,4.616033755274262,0.05252961023232576,0.0997287934715827,0.18151776613939546,0.08016877637130802,0,0.16249021425366084,0.275659700066903,2.450730224020062,0.8335604094274384,0.0,1.0,0.0,0.1,0.0,0.1,0.0,0.08,0.06751054852320675,0.26050592204646517,0.26050592204646517
244,0.9846640878087445,0.5168499149928281,0.9250129755427026,0.5146195382218948,0.23632945151062196,0.5174846070896416,0.8396624472573839,0.4132309160774876,0.42874967425425736,0.11392405063291139,0.5685714285714286,0.3871924473744517,0.4024167647370871,0.08285714285714285,0.04219409282700422,0.02857142857142857,0.32285714285714284,12.891428571428571,0.012658227848101266,0.0,0.031144950711528018,0.12374400453811928,4.616033755274262,0.05095372192535599,0.09688686352504317,0.1805722331552136,0.08016877637130802,0,0.16193490603953536,0.27428140156656844,2.43028704811109,0.8168892012388895,0.0,1.0,0.0,0.1,0.0,0.1,0.0,0.08,0.04219409282700422,0.26019074438507117,0.26019074438507117
245,0.9822476967785858,0.5159450281027039,0.9233767336165667,0.5137022956077929,0.23632945151062196,0.5176118348801844,0.8523206751054853,0.4132309160774876,0.42874967425425736,0.11392405063291139,0.5771428571428572,0.3871924473744517,0.4024167647370871,0.08285714285714285,0.05485232067510549,0.037142857142857144,0.32285714285714284,12.882857142857143,0.012658227848101266,0.0,0.031321236604790935,0.12358267487644682,4.616033755274262,0.04942511026759531,0.09412162015821623,0.17965506616055718,0.08016877637130802,0,0.16143894650933768,0.27290999455873566,2.418824164291725,0.8005514172141116,0.0,1.0,0.0,0.1,0.0,0.1,0.0,0.08,0.05485232067510549,0.25988502205351904,0.25988502205351904
246,0.9825049917416404,0.51732147694525,0.9228569735196912,0.5146095088824032,0.23632945151062196,0.5176761734641684,0.8686440677966102,0.41415190128236934,0.429252736915908,0.11440677966101695,0.5857142857142857,0.38742101880302326,0.40258819330851564,0.08285714285714285,0.05508474576271186,0.04,0.32571428571428573,12.894285714285715,0.00847457627118644,0.002857142857142857,0.031519646583776394,0.12342618510462455,4.5508474576271185,0.047942356959567445,0.09143124463789898,0.17876541417574046,0.08050847457627118,0,0.16171732320536242,0.27154544458594193,2.410447681005891,0.8053671628121072,0.0,0.8571428571428571,0.0,0.1,0.0,0.1,0.0,0.08,0.05907172995780591,0.2595884713919135,0.2595884713919135
247,0.9818472071011354,0.5168229228343467,0.9224134387335221,0.5145336583020171,0.23632945151062196,0.5177618289549295,0.8347457627118644,0.41423664704508123,0.4293162962379418,0.11440677966101695,0.5628571428571428,0.3874781616601661,0.40263105045137276,0.08285714285714285,0.0423728813559322,0.02857142857142857,0.32571428571428573,12.88,0.00847457627118644,0.0,0.031741006887484095,0.12327439002595693,4.5508474576271185,0.04650408625078042,0.08881394640373375,0.17790245175046823,0.08050847457627118,0,0.1617363094464785,0.2814943730997339,2.3908101559572015,0.827099907066487,0.0,0.9,0.0,0.1,0.0,0.1,0.0,0.08,0.0423728813559322,0.2593008172501561,0.2593008172501561
248,0.9815927831948497,0.5164903855003559,0.9222418843281408,0.513960842440699,0.23632945151062196,0.5178232724727534,0.8432203389830508,0.4143213928077931,0.42937985555997576,0.11440677966101695,0.5685714285714286,0.387535304517309,0.40267390759422994,0.08285714285714285,0.0423728813559322,0.02857142857142857,0.32571428571428573,12.885714285714286,0.00847457627118644,0.0,0.031907876510244244,0.12312714879964928,4.5508474576271185,0.04510896366325701,0.08626796360781619,0.1770653781979542,0.08050847457627118,0,0.1618934024514886,0.2800869012342352,2.371565381409486,0.9179860332911319,0.0,0.9,0.0,0.1,0.0,0.1,0.0,0.08,0.0423728813559322,0.2590217927326514,0.2590217927326514
249,0.9822060812183258,0.5165722145568544,0.9226554224239705,0.5140101354936615,0.23632945151062196,0.5180657203292902,0.8728813559322034,0.4144908843332168,0.4295069742040435,0.11440677966101695,0.5885714285714285,0.3876495902315946,0.40275962187994424,0.08285714285714285,0.0423728813559322,0.02857142857142857,0.32571428571428573,12.897142857142857,0.012711864406779662,0.0,0.03207134882093235,0.12298432481013098,4.5508474576271185,0.043755694753359296,0.08379156357069062,0.17625341685201557,0.08050847457627118,0,0.16182622115351689,0.28254641852432205,2.3527055023527246,0.9425323722192893,0.0,0.9,0.0,0.1,0.0,0.1,0.0,0.08,0.0423728813559322,0.25875113895067187,0.25875113895067187
250,0.9801940990672671,0.5168292573379585,0.9212987716021137,0.5147639299596051,0.23632945151062196,0.5183436174329908,0.8601694915254238,0.4144908843332168,0.4295069742040435,0.11440677966101695,0.58,0.3876495902315946,0.40275962187994424,0.08285714285714285,0.046610169491525424,0.03142857142857143,0.32571428571428573,12.888571428571428,0.00847457627118644,0.0,0.032231441273213424,0.12284578554029807,4.5508474576271185,0.042443023910758514,0.08138304315905875,0.1754658143464551,0.08050847457627118,0,0.161359375762035,0.28113368643170045,2.3370799637342414,0.9236817247749035,0.0,1.0,0.0,0.1,0.0,0.1,0.0,0.08,0.046610169491525424,0.2584886047821517,0.2584886047821517
251,0.9798777852075279,0.5173116143291284,0.9210854856852609,0.5148112595322508,0.23632945151062196,0.5185365789704874,0.8347457627118644,0.41466037585864046,0.4296340928481113,0.11440677966101695,0.5628571428571428,0.3877638759458804,0.40284533616565854,0.08285714285714285,0.01694915254237288,0.011428571428571429,0.32571428571428573,12.882857142857143,0.00847457627118644,0.0,0.03238817488208743,0.12271140244856028,4.5508474576271185,0.04116973319343576,0.07904072909029669,0.17470183991606145,0.08050847457627118,0,0.16112357959751056,0.27972801799954194,2.301766935888128,0.9175498790084025,0.0,0.75,0.0,0.1,0.0,0.1,0.0,0.08,0.01694915254237288,0.25823394663868715,0.25823394663868715
252,0.9807222799551394,0.5171580226865488,0.9216549164293646,0.5153077866683079,0.23632945151062196,0.518469280367372,0.8940677966101694,0.41466037585864046,0.4296340928481113,0.11440677966101695,0.6028571428571429,0.3877638759458804,0.40284533616565854,0.08285714285714285,0.05508474576271186,0.037142857142857144,0.32571428571428573,12.894285714285715,0.00847457627118644,0.0,0.03254157395209233,0.12258105084957462,4.5508474576271185,0.03993464119763269,0.07676297816864242,0.17396078471857962,0.08050847457627118,0,0.16083067741380871,0.27832937790954426,2.2928744543132225,0.8991988814282345,0.0,1.0,0.0,0.1,0.0,0.1,0.0,0.08,0.05508474576271186,0.2579869282395265,0.2579869282395265
253,0.9796167348791402,0.5159648086035289,0.9209094631781196,0.51457308256709,0.23632945151062196,0.5184615748432866,0.9067796610169492,0.41474512162135235,0.4296976521701452,0.11440677966101695,0.6114285714285714,0.3878210188030232,0.4028881933085156,0.08285714285714285,0.059322033898305086,0.04,0.32571428571428573,12.911428571428571,0.00847457627118644,0.0,0.03269166581710843,0.12245460979855843,4.5508474576271185,0.038736601961703705,0.07454817745769149,0.17324196117702223,0.08050847457627118,0,0.1607973818838825,0.2769377310199965,2.2870169652269583,0.8884764559230132,0.0,0.9285714285714286,0.0,0.1,0.0,0.1,0.0,0.08,0.059322033898305086,0.2577473203923407,0.2577473203923407
254,0.978667794966174,0.5159111555188755,0.9202696065510908,0.514685484235825,0.23632945151062196,0.518247025933086,0.8940677966101694,0.41482986738406424,0.4297612114921791,0.11440677966101695,0.6028571428571429,0.3878781616601661,0.4029310504513728,0.08285714285714285,0.038135593220338986,0.025714285714285714,0.32571428571428573,12.90857142857143,0.00847457627118644,0.0,0.032838480591711766,0.12233196197907284,4.5508474576271185,0.03757450390285259,0.07239474439361815,0.17254470234171154,0.08050847457627118,0,0.16076325924233809,0.2755530423648965,2.2669909116367046,0.8779812084592022,0.0,0.8888888888888888,0.0,0.1,0.0,0.1,0.0,0.08,0.038135593220338986,0.25751490078057054,0.25751490078057054
255,0.9790358651054544,0.5156022578733958,0.9205177909878629,0.5140336767352488,0.23632945151062196,0.5180598785676158,0.9110169491525424,0.41482986738406424,0.4297612114921791,0.11440677966101695,0.6142857142857143,0.3878781616601661,0.4029310504513728,0.08285714285714285,0.01694915254237288,0.011428571428571429,0.32571428571428573,12.905714285714286,0.00847457627118644,0.0,0.03298205093397093,0.1222129935941718,4.5508474576271185,0.03644726878576701,0.07030112684332634,0.1718683612714602,0.08050847457627118,0,0.16013058580326928,0.27417527715307205,2.233079664832542,0.8604215842900181,0.0,1.0,0.0,0.1,0.0,0.1,0.0,0.08,0.01694915254237288,0.2572894537571534,0.2572894537571534
256,0.9782253196766375,0.5159096653720769,0.9199712517844318,0.5142336300003783,0.23632945151062196,0.5177546879847225,0.847457627118644,0.41482986738406424,0.4297612114921791,0.11440677966101695,0.5714285714285714,0.3878781616601661,0.4029310504513728,0.08285714285714285,0.038135593220338986,0.025714285714285714,0.32571428571428573,12.902857142857142,0.00847457627118644,0.0,0.033122411819537,0.12209759426081779,4.5508474576271185,0.035353850722194,0.06826580311152597,0.1712123104333164,0.08050847457627118,0,0.15972836501353863,0.2728044007673067,2.2141323572501768,0.8432131526042178,0.0,1.0,0.0,0.1,0.0,0.1,0.0,0.08,0.038135593220338986,0.2570707701444388,0.2570707701444388
257,0.9797341655867228,0.5150589486693831,0.9209886450266609,0.5136005826689,0.23632945151062196,0.5174161081669093,0.8305084745762712,0.41482986738406424,0.4297612114921791,0.11440677966101695,0.56,0.3878781616601661,0.4029310504513728,0.08285714285714285,0.038135593220338986,0.025714285714285714,0.32571428571428573,12.905714285714286,0.00847457627118644,0.0,0.033259600326836544,0.12198565690746427,4.5508474576271185,0.034293235200528176,0.06628728190052913,0.1705759411203169,0.08050847457627118,0,0.15932843961704235,0.2714403787634702,2.195563995819459,0.8263488895521334,0.0,1.0,0.0,0.1,0.0,0.1,0.0,0.08,0.038135593220338986,0.25685864704010564,0.25685864704010564
258,0.9793322872730997,0.5163878376936991,0.9207176642209037,0.5143999948708663,0.23632945151062196,0.5171154735345254,0.864406779661017,0.41482986738406424,0.4297612114921791,0.11440677966101695,0.5828571428571429,0.3878781616601661,0.4029310504513728,0.08285714285714285,0.03389830508474576,0.022857142857142857,0.32571428571428573,12.90857142857143,0.00847457627118644,0.0,0.03339365543314458,0.12187707767471151,4.5508474576271185,0.033264438144512326,0.06436410222636424,0.16995866288670738,0.08050847457627118,0,0.15870308313324288,0.2700831768696529,2.1745098587602127,0.8098219117610908,0.0,1.0,0.0,0.1,0.0,0.1,0.0,0.08,0.03389830508474576,0.2566528876289025,0.2566528876289025
259,0.9800218959249833,0.51574635215723,0.9211826574833165,0.5144334527278159,0.23632945151062196,0.5168218182933808,0.8898305084745762,0.41491461314677613,0.429824770814213,0.11440677966101695,0.6,0.38793530451730895,0.4029739075942299,0.08285714285714285,0.03389830508474576,0.022857142857142857,0.32571428571428573,12.914285714285715,0.00847457627118644,0.0,0.03352461782128689,0.12177175581894126,4.5508474576271185,0.03226650500017696,0.06249483329462158,0.16935990300010617,0.08050847457627118,0,0.1587365712854338,0.276853027549356,2.153876804442151,0.793625473525869,0.0,0.875,0.0,0.1,0.0,0.1,0.0,0.08,0.03389830508474576,0.2564533010000354,0.2564533010000354
260,0.9791760070773752,0.5163515499594661,0.9206122867175008,0.5147696809116413,0.23632945151062196,0.5166038879693071,0.8601694915254238,0.41508410467219986,0.42995188945828083,0.11440677966101695,0.58,0.3880495902315946,0.4030596218799442,0.08285714285714285,0.046610169491525424,0.03142857142857143,0.32571428571428573,12.911428571428571,0.00847457627118644,0.0,0.033652529696697554,0.12166959361884412,4.5508474576271185,0.031298509850171644,0.06067807433925587,0.16877910591010298,0.08050847457627118,0,0.1586850320004352,0.27992043087296786,2.1422278397818797,0.7877646418120688,0.0,0.9090909090909091,0.0,0.1,0.0,0.1,0.0,0.08,0.046610169491525424,0.25625970197003434,0.25625970197003434
261,0.9803506877115281,0.5165955832734007,0.9214043570879582,0.5154513195871048,0.23632945151062196,0.5163537367000304,0.8601694915254238,0.41508410467219986,0.42995188945828083,0.11440677966101695,0.58,0.3880495902315946,0.4030596218799442,0.08285714285714285,0.046610169491525424,0.03142857142857143,0.32571428571428573,12.92,0.00847457627118644,0.0,0.03377743461453893,0.12157049628474995,4.5508474576271185,0.030359554554666494,0.058912454427401895,0.16821573273279988,0.08050847457627118,0,0.1584295065878591,0.278520828718603,2.130811854414813,0.7720093489758274,0.0,1.0,0.0,0.1,0.0,0.1,0.0,0.08,0.046610169491525424,0.2560719109109333,0.2560719109109333
262,0.9800981661547437,0.516609134933031,0.9212340854096692,0.5152377283108106,0.23632945151062196,0.5161630409525244,0.8559322033898306,0.41508410467219986,0.42995188945828083,0.11440677966101695,0.5771428571428572,0.3880495902315946,0.4030596218799442,0.08285714285714285,0.0635593220338983,0.04285714285714286,0.32571428571428573,12.922857142857143,0.00847457627118644,0.0,0.033899377316576676,0.12147437187067855,4.5508474576271185,0.0294487679180265,0.05719663223308802,0.1676692607508159,0.08050847457627118,0,0.15809336048349124,0.27712822457500996,2.13105276018366,0.7565691619963109,0.0,1.0,0.0,0.1,0.0,0.1,0.0,0.08,0.0635593220338983,0.25588975358360533,0.25588975358360533
263,0.9793803610072754,0.5156193334375637,0.9207500796530907,0.5144011813441705,0.23632945151062196,0.5159777471129487,0.8601694915254238,0.41508410467219986,0.42995188945828083,0.11440677966101695,0.58,0.3880495902315946,0.4030596218799442,0.08285714285714285,0.038135593220338986,0.025714285714285714,0.32571428571428573,12.937142857142858,0.00847457627118644,0.0,0.034018403577491,0.12138113118902931,4.5508474576271185,0.028565304880485705,0.05552929578256993,0.1671391829282914,0.08050847457627118,0,0.15753146510964522,0.2757425834521349,2.1141459906942726,0.7414377787563846,0.0,1.0,0.0,0.1,0.0,0.1,0.0,0.08,0.038135593220338986,0.25571306097609714,0.25571306097609714
264,0.9796205728988976,0.514644103012885,0.9209120511000132,0.5137841994500814,0.23632945151062196,0.5158475142504485,0.8940677966101694,0.41516885043491175,0.43001544878031467,0.11440677966101695,0.6028571428571429,0.3881067330887375,0.4031024790228014,0.08285714285714285,0.0423728813559322,0.02857142857142857,0.32571428571428573,12.954285714285714,0.00847457627118644,0.0,0.03413456006029662,0.12129068772782953,4.5508474576271185,0.027708345734071133,0.05390916217385344,0.16662500744044267,0.08050847457627118,0,0.15740080778409696,0.27436387053487427,2.100434499451816,0.7567928069070732,0.0,0.9,0.0,0.1,0.0,0.1,0.0,0.08,0.0423728813559322,0.2555416691468142,0.2555416691468142
265,0.9792448857186696,0.5151041602532483,0.9206587306013452,0.513722426047887,0.23632945151062196,0.5156240754757572,0.864406779661017,0.41525359619762353,0.4300790081023486,0.11440677966101695,0.5828571428571429,0.38816387594588037,0.4031453361656585,0.08285714285714285,0.0423728813559322,0.02857142857142857,0.32571428571428573,12.962857142857143,0.00847457627118644,0.0,0.03424789418053898,0.12120295757046579,4.5508474576271185,0.026877095362049,0.052334977272824657,0.1661262572172294,0.08050847457627118,0,0.1574125215987479,0.2729920511821999,2.0869972380342077,0.7877845775485987,0.0,0.9,0.0,0.1,0.0,0.1,0.0,0.08,0.0423728813559322,0.2553754190724098,0.2553754190724098
266,0.9797452106552883,0.5165477605077616,0.920996092558608,0.5148256221345549,0.23632945151062196,0.5155535833225123,0.8771186440677966,0.415677325011183,0.43039680471251807,0.11864406779661017,0.5914285714285714,0.38844959023159464,0.4033596218799442,0.08571428571428572,0.05084745762711865,0.03428571428571429,0.32571428571428573,12.982857142857142,0.00847457627118644,0.0,0.03435845397893075,0.12111785931782287,4.5508474576271185,0.026070782501187526,0.05080551538826483,0.1656424695007125,0.08050847457627118,0,0.15816774541932563,0.2877988699159544,2.079543007559238,0.9940761336207637,0.0,0.75,0.0,0.1,0.0,0.1,0.0,0.08,0.05084745762711865,0.2552141565002375,0.2552141565002375
267,0.9793697417422402,0.5172650673819041,0.9207429192343813,0.5155568910658084,0.23632945151062196,0.5154983333249062,0.9194915254237288,0.4157620707738948,0.430460364034552,0.11864406779661017,0.62,0.3885067330887375,0.40340247902280135,0.08571428571428572,0.038135593220338986,0.025714285714285714,0.32571428571428573,13.017142857142858,0.00847457627118644,0.0,0.03446628800209191,0.12103531401275934,4.5508474576271185,0.025288659026151898,0.04931957892788941,0.16517319541569114,0.08050847457627118,0,0.15809076383508613,0.28759410932937496,2.0636664331223384,0.982077559034495,0.0,0.8888888888888888,0.0,0.1,0.0,0.1,0.0,0.08,0.038135593220338986,0.2550577318052304,0.2550577318052304
268,0.9803398235161002,0.5168776848714591,0.9213970315161841,0.5149985283551832,0.23632945151062196,0.5153957164053626,0.8305084745762712,0.4157620707738948,0.430460364034552,0.11864406779661017,0.56,0.3885067330887375,0.40340247902280135,0.08571428571428572,0.046610169491525424,0.03142857142857143,0.32571428571428573,13.051428571428572,0.00847457627118644,0.0,0.03457144519105714,0.12095524506684764,4.5508474576271185,0.024529999255367342,0.04787599803742004,0.1647179995532204,0.08050847457627118,0,0.15758573858733926,0.28615613878272805,2.053821675888463,0.9624360078538051,0.0,1.0,0.0,0.1,0.0,0.1,0.0,0.08,0.046610169491525424,0.2549059998510735,0.2549059998510735
269,0.9831395775252852,0.516111317071876,0.9232848656480915,0.5142755144790314,0.23632945151062196,0.5151615335168405,0.8389830508474576,0.4157620707738948,0.430460364034552,0.11864406779661017,0.5657142857142857,0.3885067330887375,0.40340247902280135,0.08571428571428572,0.029661016949152543,0.02,0.32571428571428573,13.051428571428572,0.00847457627118644,0.0,0.03467397477721748,0.12087757818931338,4.5508474576271185,0.023794099277706322,0.04647363022457851,0.1642764595666238,0.08050847457627118,0,0.15702552703368827,0.28472535808881444,2.032745242370694,0.943187287696729,0.0,1.0,0.0,0.1,0.0,0.1,0.0,0.08,0.029661016949152543,0.2547588198555413,0.2547588198555413
270,0.9834347259102378,0.5163798113331424,0.9234838799876598,0.5145032266710178,0.23632945151062196,0.5150468248816351,0.8177966101694916,0.4157620707738948,0.430460364034552,0.11864406779661017,0.5514285714285714,0.3885067330887375,0.40340247902280135,0.08571428571428572,0.05084745762711865,0.03428571428571429,0.32571428571428573,13.06,0.00847457627118644,0.0,0.03477392618536611,0.12080224131810506,4.5508474576271185,0.023080276299375133,0.045111359969765674,0.16384816577962508,0.08050847457627118,0,0.15720799641675134,0.2833017312983704,2.026376051808995,0.9243235419427943,0.0,0.9166666666666666,0.0,0.1,0.0,0.1,0.0,0.08,0.05084745762711865,0.254616055259875,0.254616055259875
271,0.9836194845613696,0.5163401986985218,0.9236084601067085,0.5142610550393141,0.23632945151062196,0.5149388219982113,0.8559322033898306,0.4160163080620303,0.4306510420006537,0.11864406779661017,0.5771428571428572,0.3886781616601661,0.4035310504513728,0.08571428571428572,0.038135593220338986,0.025714285714285714,0.32571428571428573,13.085714285714285,0.00847457627118644,0.0,0.03487134894352425,0.12072916455303305,4.5508474576271185,0.02238786801039388,0.04378809832508257,0.16343272080623633,0.08050847457627118,0,0.15756424286323903,0.2874988583480262,2.0115628164871002,0.9567404274604479,0.0,0.7777777777777778,0.0,0.1,0.0,0.1,0.0,0.08,0.038135593220338986,0.2544775736020788,0.2544775736020788
272,0.9836589310717438,0.5161250019589384,0.9236350583251322,0.5139665487543708,0.23632945151062196,0.5147169226662325,0.826271186440678,0.4160163080620303,0.4306510420006537,0.11864406779661017,0.5571428571428572,0.3886781616601661,0.4035310504513728,0.08571428571428572,0.03389830508474576,0.022857142857142857,0.32571428571428573,13.088571428571429,0.00847457627118644,0.0,0.034966292599228295,0.12065828009091312,4.5508474576271185,0.021716231970082062,0.04250278250323991,0.16302973918204924,0.08050847457627118,0,0.1570047073632085,0.286061364056286,1.9941887030145007,0.937605618911239,0.0,1.0,0.0,0.1,0.0,0.1,0.0,0.08,0.03389830508474576,0.2543432463940164,0.2543432463940164
273,0.9839084518132195,0.516449464461635,0.9238033065965273,0.5135445022304671,0.23632945151062196,0.5144756174627051,0.8220338983050848,0.4160163080620303,0.4306510420006537,0.11864406779661017,0.5542857142857143,0.3886781616601661,0.4035310504513728,0.08571428571428572,0.03389830508474576,0.022857142857142857,0.32571428571428573,13.082857142857144,0.00847457627118644,0.0,0.03505880664196686,0.12058952216265689,4.5508474576271185,0.0210647450109796,0.04125437545780075,0.16263884700658776,0.08050847457627118,0,0.1564758295371068,0.2846310572360046,1.9771620718113536,0.9188535065330141,0.0,1.0,0.0,0.1,0.0,0.1,0.0,0.08,0.03389830508474576,0.25421294900219593,0.25421294900219593
274,0.9831017933600223,0.5170605662639425,0.9233076689156285,0.5139602322393446,0.23632945151062196,0.5143339658018005,0.8425531914893617,0.41353127107506027,0.4282282804772522,0.1148936170212766,0.5657142857142857,0.3886781616601661,0.4035310504513728,0.08571428571428572,0.02127659574468085,0.014285714285714285,0.32857142857142857,13.08,0.00425531914893617,0.002857142857142857,0.03519395186703166,0.12052282697224827,4.51063829787234,0.02043280266065021,0.040041865456103776,0.16225968159639012,0.08085106382978724,0,0.15600631110013555,0.2832079019498246,1.9519045446608412,0.9004764364023539,0.0,1.0,0.0,0.1,0.0,0.1,0.0,0.08,0.0211864406779661,0.25408656053213,0.25408656053213
275,0.9829692417457382,0.5158081228189897,0.9232186699746093,0.5134420317353382,0.23632945151062196,0.514186991439396,0.8638297872340426,0.41353127107506027,0.4282282804772522,0.1148936170212766,0.58,0.3886781616601661,0.4035310504513728,0.08571428571428572,0.0425531914893617,0.02857142857142857,0.32857142857142857,13.094285714285714,0.00851063829787234,0.0,0.03528884029021919,0.12045813263755197,4.51063829787234,0.019819818580830706,0.038864265646124774,0.16189189114849842,0.08085106382978724,0,0.15556771168392056,0.2817918624400755,1.9414378823390526,0.8824669076743067,0.0,1.0,0.0,0.1,0.0,0.1,0.0,0.08,0.0425531914893617,0.25396396371616614,0.25396396371616614
276,0.9825915072763828,0.5159458467169692,0.9229650482594706,0.5134139312063057,0.23632945151062196,0.5141772279137836,0.8553191489361702,0.41361637745803903,0.4282921102644862,0.1148936170212766,0.5742857142857143,0.3887353045173089,0.40357390759422995,0.08571428571428572,0.05531914893617021,0.037142857142857144,0.32857142857142857,13.105714285714285,0.00851063829787234,0.0,0.035374571240866175,0.12039537913289645,4.51063829787234,0.019225224023405783,0.037720613618443255,0.16153513441404346,0.08085106382978724,0,0.15597405330011052,0.2803829031278751,1.9397519818351288,0.9065234754951853,0.0,0.9230769230769231,0.0,0.1,0.0,0.1,0.0,0.08,0.05531914893617021,0.2538450448046812,0.2538450448046812
277,0.9822731035804532,0.5152080097896373,0.922751262920775,0.5126206348094617,0.23632945151062196,0.5141410780686455,0.8723404255319149,0.41361637745803903,0.4282921102644862,0.1148936170212766,0.5857142857142857,0.3887353045173089,0.40357390759422995,0.08571428571428572,0.03829787234042553,0.025714285714285714,0.32857142857142857,13.114285714285714,0.00851063829787234,0.0,0.03545806284286325,0.12033450823338065,4.51063829787234,0.01864846730270361,0.036609970964401994,0.16118908038162216,0.08085106382978724,0,0.1555074716014671,0.27898098861223575,1.9266712279127118,0.8883930059852816,0.0,1.0,0.0,0.1,0.0,0.1,0.0,0.08,0.03829787234042553,0.2537296934605407,0.2537296934605407
278,0.9814326764272691,0.5146706531197416,0.9215214691015872,0.512042329935689,0.23632945151062196,0.5138516795956113,0.8504273504273504,0.4136804910833364,0.42812754963716537,0.11538461538461539,0.5685714285714286,0.38884959023159466,0.40365962187994425,0.08571428571428572,0.05128205128205128,0.037142857142857144,0.3314285714285714,13.117142857142857,0.008547008547008548,0.002857142857142857,0.035535010042032515,0.12027546346085043,4.495726495726496,0.0180890132836225,0.03553142283146549,0.1608534079701735,0.0811965811965812,0,0.15592907781488838,0.2775860836691746,1.9252806604973147,0.9226257541346954,0.0,0.8461538461538461,0.0,0.1,0.0,0.1,0.0,0.08,0.05531914893617021,0.2536178026567245,0.2536178026567245
279,0.9811088551255336,0.5148744560759011,0.9213049714312839,0.5126052827914803,0.23632945151062196,0.5134483489525373,0.8547008547008547,0.41393690133974664,0.42831985732947303,0.11538461538461539,0.5714285714285714,0.38902101880302314,0.4037881933085157,0.08571428571428572,0.05982905982905983,0.04,0.3314285714285714,13.131428571428572,0.008547008547008548,0.0,0.035632681674460855,0.120218190031496,4.495726495726496,0.017546342885113825,0.03448407747671345,0.16052780573106828,0.0811965811965812,0,0.15714900385438535,0.2761981532508287,1.9267750472873686,0.9820000000000004,0.0,0.7142857142857143,0.0,0.1,0.0,0.1,0.0,0.08,0.05982905982905983,0.2535092685770228,0.2535092685770228
280,0.9800449674399133,0.5151206688875096,0.9205936865214693,0.5128576492522842,0.23632945151062196,0.5130536464988241,0.8162393162393162,0.41393690133974664,0.42831985732947303,0.11538461538461539,0.5457142857142857,0.38902101880302314,0.4037881933085157,0.08571428571428572,0.04700854700854701,0.03142857142857143,0.3314285714285714,13.137142857142857,0.008547008547008548,0.0,0.035709799278540226,0.12016263480502222,4.495726495726496,0.01701995259856041,0.03346706581933134,0.16021197155913625,0.0811965811965812,0,0.15667683097797058,0.2748171624845746,1.9196681177701924,0.9623600000000003,0.0,1.0,0.0,0.1,0.0,0.1,0.0,0.08,0.04700854700854701,0.2534039905197121,0.2534039905197121
281,0.9813092067051775,0.5150384556914982,0.921438920773103,0.5132886225494454,0.23632945151062196,0.5126106857969251,0.8931623931623932,0.41393690133974664,0.42831985732947303,0.11538461538461539,0.5971428571428572,0.38902101880302314,0.4037881933085157,0.08571428571428572,0.029914529914529916,0.02,0.3314285714285714,13.145714285714286,0.008547008547008548,0.0,0.03578486685917356,0.1201087462353427,4.495726495726496,0.0165093540206036,0.03247954099289663,0.15990561241236215,0.0811965811965812,0,0.15612173253736641,0.27344307667215173,1.9012747554147884,0.9431128000000003,0.0,1.0,0.0,0.1,0.0,0.1,0.0,0.08,0.029914529914529916,0.2533018708041207,0.2533018708041207
282,0.9807781774581359,0.5150544680738237,0.921083889790795,0.5132580810477967,0.23632945151062196,0.5122581126013357,0.8888888888888888,0.41393690133974664,0.42831985732947303,0.11538461538461539,0.5942857142857143,0.38902101880302314,0.4037881933085157,0.08571428571428572,0.03418803418803419,0.022857142857142857,0.3314285714285714,13.137142857142857,0.008547008547008548,0.0,0.0358579309315594,0.12005647432275347,4.495726495726496,0.01601407339998549,0.03152067789819646,0.15960844403999128,0.0811965811965812,0,0.1557111274425367,0.2720758612887909,1.8861064031636359,0.9242505440000003,0.0,1.0,0.0,0.1,0.0,0.1,0.0,0.08,0.03418803418803419,0.2532028146799971,0.2532028146799971
283,0.9809201733781019,0.5146689005071972,0.9211788242058582,0.5129418334911819,0.23632945151062196,0.5118367689555784,0.8418803418803419,0.41393690133974664,0.42831985732947303,0.11538461538461539,0.5628571428571428,0.38902101880302314,0.4037881933085157,0.08571428571428572,0.03418803418803419,0.022857142857142857,0.3314285714285714,13.142857142857142,0.008547008547008548,0.0,0.035929037449920605,0.12000577056754207,4.495726495726496,0.015533651197985924,0.030589672757253217,0.15932019071879155,0.0811965811965812,0,0.15513228609103832,0.270715481982347,1.8712414179575056,0.9057655331200002,0.0,1.0,0.0,0.1,0.0,0.1,0.0,0.08,0.03418803418803419,0.2531067302395972,0.2531067302395972
284,0.9820069912999649,0.5135945962451651,0.9219054396164752,0.5123568562418348,0.23632945151062196,0.5116252126939833,0.8717948717948718,0.41402237142521664,0.42838395989357564,0.11538461538461539,0.5828571428571429,0.38907816166016607,0.4038310504513728,0.08571428571428572,0.03418803418803419,0.022857142857142857,0.3314285714285714,13.157142857142857,0.008547008547008548,0.0,0.03599823177946207,0.1199565879249869,4.495726495726496,0.015067641662046346,0.02968574266917945,0.1590405849972278,0.0811965811965812,0,0.1551269132284403,0.26936190457243525,1.8566737324554985,0.9044234076174106,0.0,0.875,0.0,0.1,0.0,0.1,0.0,0.08,0.03418803418803419,0.25301352833240925,0.25301352833240925
285,0.981645090570088,0.5135078535792432,0.9216634831285003,0.5123649496896451,0.23632945151062196,0.5113849788992715,0.8888888888888888,0.4141933115961568,0.42851216502178074,0.11538461538461539,0.5942857142857143,0.38919244737445174,0.4039167647370871,0.08571428571428572,0.04700854700854701,0.03142857142857143,0.3314285714285714,13.162857142857144,0.008547008547008548,0.0,0.03606555867143624,0.11990888076170837,4.495726495726496,0.014615612412184955,0.028808125168431453,0.15876936744731096,0.0811965811965812,0,0.15526314435874453,0.28359769028415827,1.85096882923496,0.8917717257350913,0.0,0.9090909090909091,0.0,0.1,0.0,0.1,0.0,0.08,0.04700854700854701,0.252923122482437,0.252923122482437
286,0.9801259470533044,0.5135362095306572,0.9204009930237497,0.512440642333513,0.23632945151062196,0.5110681652133822,0.9012875536480687,0.41515021011203174,0.4298227706083014,0.11587982832618025,0.6,0.38919244737445174,0.4039167647370871,0.08571428571428572,0.03862660944206009,0.025714285714285714,0.3342857142857143,13.168571428571429,0.004291845493562232,0.002857142857142857,0.03615730711590621,0.11986260481332824,4.472103004291846,0.014177144039819406,0.027956077785981637,0.15850628642389164,0.0815450643776824,0,0.1547438286369508,0.2821797018327375,1.8396637383645464,0.8739362912203895,0.0,1.0,0.0,0.1,0.0,0.1,0.0,0.08,0.038461538461538464,0.2528354288079639,0.2528354288079639
287,0.9790680886903697,0.5129285059741163,0.9196967615992816,0.5116845757470226,0.23632945151062196,0.5107605168179429,0.8669527896995708,0.41515021011203174,0.4298227706083014,0.11587982832618025,0.5771428571428572,0.38919244737445174,0.4039167647370871,0.08571428571428572,0.04291845493562232,0.02857142857142857,0.3342857142857143,13.174285714285714,0.004291845493562232,0.0,0.0362211069505,0.11981771714339956,4.472103004291846,0.013751829718624823,0.027128877613884494,0.1582510978311749,0.0815450643776824,0,0.15425525306519458,0.2807688033235738,1.831441892168684,0.8564575653959817,0.0,1.0,0.0,0.1,0.0,0.1,0.0,0.08,0.04291845493562232,0.25275036594372496,0.25275036594372496
288,0.9794740940957999,0.5130691771257291,0.9199670451977539,0.5120785406895951,0.23632945151062196,0.5104746324492376,0.8540772532188842,0.41515021011203174,0.4298227706083014,0.11587982832618025,0.5685714285714286,0.38919244737445174,0.4039167647370871,0.08571428571428572,0.02575107296137339,0.017142857142857144,0.3342857142857143,13.188571428571429,0.004291845493562232,0.0,0.03628316757099026,0.11977417610356865,4.472103004291846,0.013339274827066079,0.026325820873665307,0.15800356489623965,0.0815450643776824,0,0.15379712251058292,0.27936495930695593,1.8119559114681676,0.8393284140880621,0.0,1.0,0.0,0.1,0.0,0.1,0.0,0.08,0.02575107296137339,0.2526678549654132,0.2526678549654132
289,0.9816290719511047,0.5130546447625679,0.921401644741428,0.5122549596643866,0.23632945151062196,0.510196873621915,0.8755364806866953,0.415236047021903,0.42988714829070485,0.11587982832618025,0.5828571428571429,0.3892495902315946,0.4039596218799443,0.08571428571428572,0.034334763948497854,0.022857142857142857,0.3342857142857143,13.22,0.004291845493562232,0.0,0.03634353113474886,0.11973194129493271,4.472103004291846,0.012939096582254096,0.025546222488924686,0.15776345794935245,0.0815450643776824,0,0.15368470904088713,0.2779681345104211,1.798573936095947,0.8322475052347258,0.0,0.875,0.0,0.1,0.0,0.1,0.0,0.08,0.034334763948497854,0.2525878193164508,0.2525878193164508
290,0.9824107371890517,0.5137393652131869,0.9219220104569756,0.5129095065769566,0.23632945151062196,0.5098991918035617,0.8798283261802575,0.415236047021903,0.42988714829070485,0.11587982832618025,0.5857142857142857,0.3892495902315946,0.4039596218799443,0.08571428571428572,0.034334763948497854,0.022857142857142857,0.3342857142857143,13.237142857142857,0.004291845493562232,0.0,0.036402239099487844,0.11969097353055583,4.472103004291846,0.012550923684786473,0.02478941566250792,0.15753055421087186,0.0815450643776824,0,0.15317285763853983,0.27657829383786897,1.7854596002311707,0.8156025551300313,0.0,1.0,0.0,0.1,0.0,0.1,0.0,0.08,0.034334763948497854,0.2525101847369573,0.2525101847369573
291,0.9818179068844665,0.5137873088430552,0.921527354854209,0.5133852116258295,0.23632945151062196,0.5095330653583341,0.8497854077253219,0.415236047021903,0.42988714829070485,0.11587982832618025,0.5657142857142857,0.3892495902315946,0.4039596218799443,0.08571428571428572,0.02575107296137339,0.017142857142857144,0.3342857142857143,13.242857142857142,0.004291845493562232,0.0,0.03645933221321027,0.11965123479911031,4.472103004291846,0.012174395974242878,0.024054751458558843,0.15730463758454571,0.0815450643776824,0,0.15269099905749,0.2751954023686796,1.7668932653694043,0.7992905040274306,0.0,1.0,0.0,0.1,0.0,0.1,0.0,0.08,0.02575107296137339,0.2524348791948486,0.2524348791948486
292,0.9811419229024254,0.5133044245706593,0.9210773426604502,0.5133422035705639,0.23632945151062196,0.5092537937473965,0.8154506437768241,0.4154077208416455,0.4300159036555117,0.11587982832618025,0.5428571428571428,0.38936387594588034,0.40404533616565846,0.08571428571428572,0.034334763948497854,0.022857142857142857,0.3342857142857143,13.234285714285715,0.004291845493562232,0.0,0.036514850506092135,0.11961268822960804,4.472103004291846,0.011809164095015591,0.02334159838973804,0.15708549845700934,0.0815450643776824,0,0.1526975476300597,0.27381942535683623,1.7544125429191595,0.8005188918433738,0.0,0.875,0.0,0.1,0.0,0.1,0.0,0.08,0.034334763948497854,0.2523618328190031,0.2523618328190031
293,0.9798947835524245,0.5126422383784937,0.9202471041788781,0.5129945091652265,0.23632945151062196,0.5090568904295445,0.8755364806866953,0.41566523157125923,0.430209036702722,0.11587982832618025,0.5828571428571429,0.3895353045173089,0.40417390759422994,0.08571428571428572,0.04721030042918455,0.03142857142857143,0.3342857142857143,13.237142857142857,0.004291845493562232,0.0,0.03656883328415912,0.11957529805719093,4.472103004291846,0.011454889172165124,0.022649342009860907,0.15687293350329906,0.0815450643776824,0,0.15301920346333794,0.2725441443292197,1.7507528634893472,0.8407695164922262,0.0,0.8181818181818182,0.0,0.1,0.0,0.1,0.0,0.08,0.04721030042918455,0.25229097783443305,0.25229097783443305
294,0.9806541769136743,0.5127047887871211,0.9207526431879387,0.5129686381924035,0.23632945151062196,0.5089034962890502,0.871244635193133,0.41566523157125923,0.430209036702722,0.11587982832618025,0.58,0.3895353045173089,0.40417390759422994,0.08571428571428572,0.02145922746781116,0.014285714285714285,0.3342857142857143,13.254285714285714,0.004291845493562232,0.0,0.036621319124628474,0.11953902958994633,4.472103004291846,0.011111242497000169,0.021977384512174902,0.1566667454982001,0.0815450643776824,0,0.1526235417245927,0.2711814236075736,1.7300235205052747,0.8239541261623816,0.0,1.0,0.0,0.1,0.0,0.1,0.0,0.08,0.02145922746781116,0.25222224849940006,0.25222224849940006
295,0.9808002764802379,0.5128855762413728,0.9207197842355639,0.5129871518451211,0.23632945151062196,0.5087754111282629,0.853448275862069,0.4167390520655625,0.4315681272756392,0.11637931034482758,0.5657142857142857,0.3895924473744518,0.40421676473708706,0.08571428571428572,0.03879310344827586,0.02857142857142857,0.33714285714285713,13.26,0.004310344827586207,0.002857142857142857,0.03667480694881903,0.11950384917671907,4.448275862068965,0.010777905222090163,0.021325144333474655,0.1564667431332541,0.08189655172413793,0,0.15254570973025547,0.2698255164895357,1.7239944786665982,0.847589158470135,0.0,0.9,0.0,0.1,0.0,0.1,0.0,0.08,0.04291845493562232,0.25215558104441804,0.25215558104441804
296,0.9801623238793506,0.5134496288587836,0.9202969127972613,0.5131852760005248,0.23632945151062196,0.5087477909709959,0.7672413793103449,0.4167390520655625,0.4315681272756392,0.11637931034482758,0.5085714285714286,0.3895924473744518,0.40421676473708706,0.08571428571428572,0.06465517241379311,0.04285714285714286,0.33714285714285713,13.254285714285714,0.004310344827586207,0.0,0.03674552510671528,0.11946972417588862,4.448275862068965,0.010454568065427458,0.020692055764222284,0.15627274083925646,0.08189655172413793,0,0.1524347387861731,0.26847638890708797,1.7323717319504086,0.8306373753007322,0.0,1.0,0.0,0.1,0.0,0.1,0.0,0.08,0.06465517241379311,0.2520909136130855,0.2520909136130855
297,0.9803386787358265,0.5125799932046268,0.9200564297265711,0.5124333768616824,0.23632945151062196,0.5089361308947995,0.8701298701298701,0.41826446266974654,0.4324893517175103,0.11688311688311688,0.5742857142857143,0.3896495902315947,0.4042596218799442,0.08571428571428572,0.04329004329004329,0.02857142857142857,0.34,13.265714285714285,0.004329004329004329,0.002857142857142857,0.03679321124690579,0.11943662292508299,4.441558441558442,0.010140931023464634,0.02007756856482179,0.15608455861407877,0.08225108225108226,0,0.1523864229493851,0.27997913845113653,1.7262957258828293,0.8630782617860505,0.0,0.9,0.0,0.1,0.0,0.1,0.0,0.08,0.04310344827586207,0.2520281862046929,0.2520281862046929
298,0.9813048139141662,0.5124689223088785,0.9206940789442755,0.5124411599895968,0.23632945151062196,0.5090702075614966,0.8354978354978355,0.41826446266974654,0.4324893517175103,0.11688311688311688,0.5514285714285714,0.3896495902315947,0.4042596218799442,0.08571428571428572,0.03896103896103896,0.025714285714285714,0.34,13.268571428571429,0.0,0.0,0.03684986879858066,0.11940451471180168,4.441558441558442,0.009836703092760694,0.019481147588170877,0.1559020218556564,0.07792207792207792,0,0.15185277654892387,0.2785792427588809,1.717484097079458,0.8458166965503295,0.0,1.0,0.0,0.1,0.0,0.1,0.0,0.08,0.03896103896103896,0.25196734061855214,0.25196734061855214
299,0.9821589486994927,0.5122923285360943,0.9212578079025908,0.5125047208480896,0.23632945151062196,0.509223768325182,0.8225108225108225,0.41826446266974654,0.4324893517175103,0.11688311688311688,0.5428571428571428,0.3896495902315947,0.4042596218799442,0.08571428571428572,0.047619047619047616,0.03142857142857143,0.34,13.285714285714286,0.004329004329004329,0.0,0.03689549213764395,0.11937336974491869,4.441558441558442,0.009541601999977873,0.018902272408594767,0.15572496119998672,0.07792207792207792,0,0.15146408480903642,0.27718634654508645,1.7145629865664402,0.8289003626193229,0.0,1.0,0.0,0.1,0.0,0.1,0.0,0.08,0.047619047619047616,0.25190832039999556,0.25190832039999556
300,0.981856600488705,0.5113950185996122,0.921058258083471,0.5118851190721979,0.23632945151062196,0.5092328624872462,0.8311688311688312,0.41835104275632656,0.43255428678244534,0.11688311688311688,0.5485714285714286,0.3897067330887375,0.40430247902280136,0.08571428571428572,0.021645021645021644,0.014285714285714285,0.34,13.291428571428572,0.004329004329004329,0.0,0.03693983264140056,0.11934315912704237,4.441558441558442,0.009255353939978537,0.01834043695724641,0.15555321236398711,0.07792207792207792,0,0.15122105009927694,0.275800414812361,1.6945574411208257,0.8123223553669364,0.0,0.8,0.0,0.1,0.0,0.1,0.0,0.08,0.021645021645021644,0.25185107078799573,0.25185107078799573
301,0.981291712737602,0.5109231082639254,0.9206854321677429,0.5117229325878445,0.23632945151062196,0.5093046209387861,0.8008658008658008,0.4184376228429067,0.43261922184738044,0.11688311688311688,0.5285714285714286,0.38976387594588036,0.40434533616565854,0.08571428571428572,0.03896103896103896,0.025714285714285714,0.34,13.297142857142857,0.004329004329004329,0.0,0.03698292382421168,0.11931385482770215,4.441558441558442,0.00897769332177918,0.017795149164042123,0.1553866159930675,0.07792207792207792,0,0.15109323056306628,0.27442141273829923,1.686380578012695,0.7980955652188193,0.0,0.8888888888888888,0.0,0.1,0.0,0.1,0.0,0.08,0.03896103896103896,0.25179553866435583,0.25179553866435583
302,0.9817640720950613,0.511305092015882,0.9209971893436663,0.512694722914044,0.23632945151062196,0.5093025487976346,0.8311688311688312,0.4185242029294868,0.4326841569123155,0.11688311688311688,0.5485714285714286,0.38982101880302317,0.40438819330851566,0.08571428571428572,0.03896103896103896,0.025714285714285714,0.34,13.305714285714286,0.008658008658008658,0.0,0.03702479847970862,0.11928542965734222,4.441558441558442,0.008708362522125803,0.017265930606182978,0.15522501751327547,0.07792207792207792,0,0.15107976583882238,0.27673824943588304,1.6783672521667268,0.786108498944156,0.0,0.8888888888888888,0.0,0.1,0.0,0.1,0.0,0.08,0.03896103896103896,0.25174167250442514,0.25174167250442514
303,0.9825183806163375,0.5103500851059992,0.9214950329677085,0.5118950563496889,0.23632945151062196,0.509346047647622,0.8095238095238095,0.4185242029294868,0.4326841569123155,0.11688311688311688,0.5342857142857143,0.38982101880302317,0.40438819330851566,0.08571428571428572,0.030303030303030304,0.02,0.34,13.302857142857142,0.012987012987012988,0.0,0.03706548868637966,0.11925785724209305,4.441558441558442,0.008447111646462028,0.016752316163297643,0.1550682669878772,0.07792207792207792,0,0.15058008842036041,0.2753545581887036,1.6647999071233923,0.7703863289652728,0.0,1.0,0.0,0.1,0.0,0.1,0.0,0.08,0.030303030303030304,0.2516894223292924,0.2516894223292924
304,0.9814748710517845,0.5096842446895646,0.9208063166551035,0.511002351140304,0.23632945151062196,0.5094638511540788,0.8528138528138528,0.41869736310264694,0.43281402704218563,0.11688311688311688,0.5628571428571428,0.38993530451730896,0.4044739075942299,0.08571428571428572,0.05194805194805195,0.03428571428571429,0.34,13.311428571428571,0.012987012987012988,0.0,0.03710502581386808,0.11923111199930132,4.441558441558442,0.008193698297068168,0.01625385367923049,0.1549162189782409,0.07792207792207792,0,0.15136323421090075,0.29821007385660253,1.6657896232666385,0.7549786023859675,0.0,0.8333333333333334,0.0,0.1,0.0,0.1,0.0,0.08,0.05194805194805195,0.25163873965941363,0.25163873965941363
305,0.9810837048918395,0.5098866935709303,0.9205481469895397,0.5107603804000656,0.23632945151062196,0.5095093976816042,0.8268398268398268,0.41869736310264694,0.43281402704218563,0.11688311688311688,0.5457142857142857,0.38993530451730896,0.4044739075942299,0.08571428571428572,0.025974025974025976,0.017142857142857144,0.34,13.32857142857143,0.012987012987012988,0.0,0.03714344052991392,0.11920516911379346,4.441558441558442,0.007947887348156123,0.01577010363048381,0.15476873240889366,0.07792207792207792,0,0.1508061323255605,0.29671902348731954,1.6496166879441632,0.739879030338248,0.0,1.0,0.0,0.1,0.0,0.1,0.0,0.08,0.025974025974025976,0.25158957746963123,0.25158957746963123
306,0.9815047604606415,0.5098845608481956,0.9208260436649491,0.510971727700073,0.23632945151062196,0.5094446456878527,0.8398268398268398,0.4188705232758071,0.4329438971720557,0.11688311688311688,0.5542857142857143,0.39004959023159463,0.4045596218799442,0.08571428571428572,0.04329004329004329,0.02857142857142857,0.34,13.325714285714286,0.012987012987012988,0.0,0.037180762807876716,0.11918000451485077,4.441558441558442,0.0077094507277114385,0.015300638801311273,0.15462567043662687,0.07792207792207792,0,0.15087910523178985,0.2952354283698829,1.645195782756708,0.7543437193268147,0.0,0.9,0.0,0.1,0.0,0.1,0.0,0.08,0.04329004329004329,0.2515418901455423,0.2515418901455423
307,0.9802441459572985,0.509693133567851,0.9199940380927426,0.5116556614639423,0.23632945151062196,0.5093714839478898,0.8398268398268398,0.41895710336238723,0.4330088322369908,0.11688311688311688,0.5542857142857143,0.3901067330887375,0.40460247902280133,0.08571428571428572,0.03896103896103896,0.025714285714285714,0.34,13.322857142857142,0.012987012987012988,0.0,0.03721702193477998,0.11915559485387628,4.441558441558442,0.007478167205880095,0.0148450439654505,0.15448690032352805,0.07792207792207792,0,0.1507531382770595,0.3072207978822381,1.6380061528158596,0.7392568449402783,0.0,0.8888888888888888,0.0,0.1,0.0,0.1,0.0,0.08,0.03896103896103896,0.25149563344117604,0.25149563344117604
308,0.9784622373076373,0.5094190151432417,0.9188179783839662,0.5111014380086324,0.23632945151062196,0.5093283933489587,0.8441558441558441,0.41895710336238723,0.4330088322369908,0.11688311688311688,0.5571428571428572,0.3901067330887375,0.40460247902280133,0.08571428571428572,0.030303030303030304,0.02,0.34,13.32,0.012987012987012988,0.0,0.03725224651982222,0.11913191748273118,4.441558441558442,0.007253822189703692,0.014402915574471264,0.15435229331382222,0.07792207792207792,0,0.15014222972853133,0.30568469389282693,1.6252460297595424,0.7244717080414728,0.0,1.0,0.0,0.1,0.0,0.1,0.0,0.08,0.030303030303030304,0.25145076443794073,0.25145076443794073
309,0.9790443514846672,0.5096511280078774,0.9192021737408063,0.5108420292632286,0.23632945151062196,0.5092108703030664,0.8484848484848485,0.4192168436221275,0.433203637431796,0.12121212121212122,0.56,0.3902781616601661,0.4047310504513728,0.08857142857142856,0.030303030303030304,0.02,0.34,13.308571428571428,0.012987012987012988,0.0,0.037286464503302696,0.1191089504327203,4.441558441558442,0.007036207524012581,0.01397386145270807,0.15422172451440755,0.07792207792207792,0,0.1509042399906208,0.3041562704233628,1.6127411091643515,0.8595416909352444,0.0,0.5714285714285714,0.0,0.1,0.0,0.1,0.0,0.08,0.030303030303030304,0.25140724150480254,0.25140724150480254
310,0.9796295963024623,0.5093533637645582,0.9195884353205507,0.510496281205551,0.23632945151062196,0.5088989333072876,0.8831168831168831,0.4193034237087075,0.43326857249673106,0.12121212121212122,0.5828571428571429,0.3903353045173089,0.4047739075942299,0.08857142857142856,0.03463203463203463,0.022857142857142857,0.34,13.308571428571428,0.012987012987012988,0.0,0.03731970316591389,0.11908667239420986,4.441558441558442,0.006825121298292203,0.013557500498734498,0.15409507277897533,0.07792207792207792,0,0.15083429307281057,0.3350030699254103,1.6033434298382072,0.9211653443913954,0.0,0.875,0.0,0.1,0.0,0.1,0.0,0.08,0.03463203463203463,0.25136502425965845,0.25136502425965845
311,0.9815983500996113,0.5083764659698711,0.9208878128266692,0.5098464438516329,0.23632945151062196,0.5086128433977105,0.8917748917748918,0.4193034237087075,0.43326857249673106,0.12121212121212122,0.5885714285714285,0.3903353045173089,0.4047739075942299,0.08857142857142856,0.017316017316017316,0.011428571428571429,0.34,13.32,0.012987012987012988,0.0,0.03735198913835559,0.11906506269685464,4.441558441558442,0.006620367659343437,0.013153462393335258,0.15397222059560606,0.07792207792207792,0,0.15016569303601793,0.33332805457578324,1.5827051326700146,0.9027420375035675,0.0,1.0,0.0,0.1,0.0,0.1,0.0,0.08,0.017316017316017316,0.2513240735318687,0.2513240735318687
312,0.9815552538738574,0.5076520699145967,0.9208593693176716,0.5092895093956221,0.23632945151062196,0.5083625913404167,0.8787878787878788,0.4194765838818677,0.4333984426266012,0.12121212121212122,0.58,0.3904495902315947,0.4048596218799443,0.08857142857142856,0.05194805194805195,0.03428571428571429,0.34,13.322857142857142,0.012987012987012988,0.0,0.03738334841122848,0.11904410129042016,4.441558441558442,0.006421756629563133,0.012761387313916961,0.15385305397773788,0.07792207792207792,0,0.1504395966566592,0.3316614143029043,1.5853367443023287,0.9011246232890383,0.0,0.9166666666666666,0.0,0.1,0.0,0.1,0.0,0.08,0.05194805194805195,0.25128435132591265,0.25128435132591265
313,0.9828663623178261,0.5074080926504784,0.9217247008906907,0.5090848746596247,0.23632945151062196,0.5081354588487378,0.8744588744588745,0.4194765838818677,0.4333984426266012,0.12121212121212122,0.5771428571428572,0.3904495902315947,0.4048596218799443,0.08857142857142856,0.04329004329004329,0.02857142857142857,0.34,13.317142857142857,0.012987012987012988,0.0,0.03741380634516829,0.1190237687261786,4.441558441558442,0.006229103930676239,0.012380925655299913,0.15373746235840574,0.07792207792207792,0,0.1501963026922484,0.33000310723138976,1.5822014379877107,0.8831021308232575,0.0,1.0,0.0,0.1,0.0,0.1,0.0,0.08,0.04329004329004329,0.2512458207861352,0.2512458207861352
314,0.9837241986186168,0.5070725264248175,0.9222908728492127,0.5085421523985787,0.23632945151062196,0.5080506676305736,0.8614718614718615,0.4196497440550279,0.43352831275647136,0.12121212121212122,0.5685714285714286,0.39056387594588027,0.4049453361656585,0.08857142857142856,0.05194805194805195,0.037142857142857144,0.34,13.334285714285715,0.012987012987012988,0.0,0.037443387681184395,0.11900404613886438,4.441558441558442,0.006042230812755952,0.012011737756823071,0.15362533848765356,0.07792207792207792,0,0.15041012043326846,0.3283530916952328,1.5877002663708137,0.8654400882067923,0.0,0.9230769230769231,0.0,0.1,0.0,0.1,0.0,0.08,0.05194805194805195,0.25120844616255117,0.25120844616255117
315,0.982524918809986,0.5075078909479042,0.9212791205596447,0.5089002876072971,0.23632945151062196,0.5078289277427708,0.8565217391304348,0.4202007786176905,0.4349080145795656,0.12173913043478261,0.5628571428571428,0.39062101880302325,0.40498819330851565,0.08857142857142856,0.04782608695652174,0.037142857142857144,0.34285714285714286,13.345714285714285,0.008695652173913044,0.002857142857142857,0.03753695407092178,0.11898491522916957,4.373913043478261,0.005860963888373273,0.011653493635690682,0.15351657833302396,0.0782608695652174,0,0.15042892768824498,0.32671132623675664,1.5930891181862545,0.8887221551641662,0.0,0.9230769230769231,0.0,0.1,0.0,0.1,0.0,0.08,0.05194805194805195,0.25117219277767466,0.25117219277767466
316,0.9841236191714186,0.5074730838830341,0.9223296950828715,0.5090498606761911,0.23632945151062196,0.5077260103610113,0.8173913043478261,0.4202007786176905,0.4349080145795656,0.12173913043478261,0.5371428571428571,0.39062101880302325,0.40498819330851565,0.08857142857142856,0.030434782608695653,0.02,0.34285714285714286,13.345714285714285,0.008695652173913044,0.0,0.03759651343256093,0.11896635824676556,4.373913043478261,0.005685134971722075,0.011305872726485089,0.15341108098303324,0.0782608695652174,0,0.1499619266212323,0.3250777696055729,1.581227335822529,0.8709477120608828,0.0,1.0,0.0,0.1,0.0,0.1,0.0,0.08,0.030434782608695653,0.2511370269943444,0.2511370269943444
317,0.9826807909087099,0.5071612121249233,0.9213815507959486,0.5088822075614328,0.23632945151062196,0.507695493243213,0.8217391304347826,0.4204616481829079,0.4351036667534787,0.12173913043478261,0.54,0.39079244737445185,0.4051167647370871,0.08857142857142856,0.05652173913043478,0.037142857142857144,0.34285714285714286,13.365714285714287,0.008695652173913044,0.0,0.03762372055261833,0.11894835797383374,4.373913043478261,0.005514580922570412,0.010968563626765016,0.15330874855354223,0.0782608695652174,0,0.15035454555955474,0.32345238075754495,1.586745646248936,0.9102079816043057,0.0,0.8461538461538461,0.0,0.1,0.0,0.1,0.0,0.08,0.05652173913043478,0.2511029161845141,0.2511029161845141
318,0.9824573380148044,0.5065878282204148,0.921234710322811,0.5083291120638281,0.23632945151062196,0.5076562898301314,0.8652173913043478,0.4206355612263862,0.43523410153608744,0.12173913043478261,0.5685714285714286,0.3909067330887375,0.4052024790228013,0.08857142857142856,0.05652173913043478,0.037142857142857144,0.34285714285714286,13.382857142857143,0.008695652173913044,0.0,0.037650140747662784,0.11893089770908988,4.373913043478261,0.0053491434948933,0.010641263848666926,0.15320948609693597,0.0782608695652174,0,0.1504020592603284,0.32183511885375726,1.5921535904668145,0.8920038219722196,0.0,0.9230769230769231,0.0,0.1,0.0,0.1,0.0,0.08,0.05652173913043478,0.25106982869897865,0.25106982869897865
319,0.9841264679156952,0.5055567531129411,0.922331567114825,0.5071639264488546,0.23632945151062196,0.5075876738306554,0.8608695652173913,0.4206355612263862,0.43523410153608744,0.12173913043478261,0.5657142857142857,0.3909067330887375,0.4052024790228013,0.08857142857142856,0.034782608695652174,0.022857142857142857,0.34285714285714286,13.4,0.008695652173913044,0.0,0.037675795914579,0.11891396125228826,4.373913043478261,0.005188669190046501,0.010323679576421774,0.1531132015140279,0.0782608695652174,0,0.1499066211068839,0.3202259432594885,1.5831676615146206,0.8741637455327752,0.0,1.0,0.0,0.1,0.0,0.1,0.0,0.08,0.034782608695652174,0.2510377338380093,0.2510377338380093
320,0.9845582571285456,0.5054242955800077,0.9226153143118411,0.5067415786450505,0.23632945151062196,0.5073753245243403,0.8347826086956521,0.4206355612263862,0.43523410153608744,0.12173913043478261,0.5485714285714286,0.3909067330887375,0.4052024790228013,0.08857142857142856,0.05652173913043478,0.037142857142857144,0.34285714285714286,13.422857142857143,0.008695652173913044,0.0,0.03770070739270317,0.11889753288919076,4.373913043478261,0.005033009114345106,0.010015525429698746,0.15301980546860705,0.0782608695652174,0,0.14952794514420661,0.31862481354319105,1.5886471654271852,0.8566804706221196,0.0,1.0,0.0,0.1,0.0,0.1,0.0,0.08,0.05652173913043478,0.25100660182286905,0.25100660182286905
321,0.9860417856899282,0.5050782913788664,0.9235902045093208,0.5070892312159335,0.23632945151062196,0.5072171245705718,0.7913043478260869,0.4208094742698644,0.43536453631869615,0.12173913043478261,0.52,0.3910210188030232,0.4052881933085156,0.08857142857142856,0.043478260869565216,0.02857142857142857,0.34285714285714286,13.44,0.013043478260869565,0.0,0.02621073068412197,0.12945153205918283,4.373913043478261,0.10503300911434511,0.18946926559954713,0.21301980546860705,0.0782608695652174,0,0.14940873398991414,0.33078477757374536,1.5854456506900703,0.8945748576280645,0.0,0.9,0.0,0.1,0.0,0.1,0.0,0.08,0.043478260869565216,0.271006601822869,0.271006601822869
322,0.9849625467718891,0.5057714004819683,0.922880990363181,0.5074960908779313,0.23632945151062196,0.5071231845651998,0.8173913043478261,0.4208964307916035,0.4354297537100004,0.12173913043478261,0.5371428571428571,0.3910781616601661,0.40533105045137274,0.08857142857142856,0.043478260869565216,0.02857142857142857,0.34285714285714286,13.425714285714285,0.013043478260869565,0.0,0.026456412264102842,0.12911897657187846,4.373913043478261,0.10188201884091476,0.1843451877176906,0.21112921130454884,0.0782608695652174,0,0.14937554746282172,0.3438605638915586,1.5823081662476977,0.9039059078506689,0.0,0.9,0.0,0.1,0.0,0.1,0.0,0.08,0.043478260869565216,0.27037640376818295,0.27037640376818295
323,0.9845093668557453,0.5057907801521595,0.9225831864182864,0.5080664880373472,0.23632945151062196,0.5070293593193205,0.8782608695652174,0.4208964307916035,0.4354297537100004,0.12173913043478261,0.5771428571428572,0.3910781616601661,0.40533105045137274,0.08857142857142856,0.043478260869565216,0.02857142857142857,0.34285714285714286,13.442857142857143,0.013043478260869565,0.0,0.02670071784282055,0.12879639774919324,4.373913043478261,0.09882555827568731,0.17934388346528107,0.2092953349654124,0.0782608695652174,0,0.14894224186836474,0.34214126107210086,1.579233431494172,0.8858277896936555,0.0,1.0,0.0,0.1,0.0,0.1,0.0,0.08,0.043478260869565216,0.26976511165513745,0.26976511165513745
324,0.9832655861651951,0.5050741135466431,0.921765844821639,0.5082441910413088,0.23632945151062196,0.5069707626087108,0.8608695652173913,0.4208964307916035,0.4354297537100004,0.12173913043478261,0.5657142857142857,0.3910781616601661,0.40533105045137274,0.08857142857142856,0.02608695652173913,0.017142857142857144,0.34285714285714286,13.445714285714285,0.017391304347826087,0.0,0.026943441761255703,0.12848349629118852,4.373913043478261,0.0958607915274167,0.17446332010095666,0.20751647491645,0.0782608695652174,0,0.14856654489127283,0.34043055476674033,1.5647916200071457,0.8681112338997824,0.0,1.0,0.0,0.1,0.0,0.1,0.0,0.08,0.02608695652173913,0.26917215830548336,0.26917215830548336
325,0.9833743660467331,0.5058206859308608,0.9211602352216296,0.5091271791920806,0.23632945151062196,0.5068771687735878,0.8864628820960698,0.4221137385799798,0.435688086066685,0.1222707423580786,0.58,0.3911924473744518,0.40541676473708704,0.08857142857142856,0.043668122270742356,0.03142857142857143,0.3457142857142857,13.471428571428572,0.013100436681222707,0.002857142857142857,0.02719876660393206,0.128179981876924,4.323144104803493,0.0929849677815942,0.16970144293480105,0.2057909806689565,0.07860262008733625,0,0.14850914073824503,0.33872840199290666,1.5649243590355744,0.8825079310620472,0.0,0.9090909090909091,0.0,0.1,0.0,0.1,0.0,0.08,0.04782608695652174,0.26859699355631883,0.26859699355631883
326,0.9822935161892421,0.5048677429632291,0.9205036405543304,0.5084572719877586,0.23632945151062196,0.5067645023520668,0.868421052631579,0.42257955475683484,0.43496573129310884,0.12280701754385964,0.5657142857142857,0.3911924473744518,0.40541676473708704,0.08857142857142856,0.03070175438596491,0.02,0.3485714285714286,13.485714285714286,0.008771929824561403,0.002857142857142857,0.02747418172510676,0.1278855728950874,4.298245614035087,0.09019541874814636,0.16505617971978281,0.2041172512488878,0.07894736842105263,0,0.14790945217741097,0.3370347599829421,1.5536258718548626,0.8648577724408063,0.0,1.0,0.0,0.1,0.0,0.1,0.0,0.08,0.03056768558951965,0.26803908374962926,0.26803908374962926
327,0.9815690215926797,0.5046999183192792,0.9200316840742842,0.5086325821856641,0.23632945151062196,0.5066964658348581,0.8596491228070176,0.42266727405508053,0.435031520766793,0.12280701754385964,0.56,0.3912495902315946,0.4054596218799442,0.08857142857142856,0.043859649122807015,0.02857142857142857,0.3485714285714286,13.5,0.008771929824561403,0.0,0.027723704651413782,0.1275999961827059,4.298245614035087,0.08748955618570196,0.16052544478119457,0.20249373371142118,0.07894736842105263,0,0.14796833705580964,0.3353495861830274,1.551124782989194,0.9653173297321317,0.0,0.9,0.0,0.1,0.0,0.1,0.0,0.08,0.043859649122807015,0.2674979112371404,0.2674979112371404
328,0.9799983895564802,0.5041900057722973,0.9190085294907028,0.5079178290967407,0.23632945151062196,0.5067077235979123,0.8289473684210527,0.42266727405508053,0.435031520766793,0.12280701754385964,0.54,0.3912495902315946,0.4054596218799442,0.08857142857142856,0.039473684210526314,0.025714285714285714,0.3485714285714286,13.505714285714285,0.008771929824561403,0.0,0.027959606851434934,0.12732298677169582,4.298245614035087,0.0848648695001309,0.15610714289299887,0.20091892170007852,0.07894736842105263,0,0.1475696453526913,0.3336728382521123,1.5458165730436957,0.9460109831374891,0.0,1.0,0.0,0.1,0.0,0.1,0.0,0.08,0.039473684210526314,0.26697297390002617,0.26697297390002617
329,0.979280708936727,0.504012176356027,0.9185410118298349,0.5074593228227166,0.23632945151062196,0.5065626216040303,0.8114035087719298,0.42266727405508053,0.435031520766793,0.12280701754385964,0.5285714285714286,0.3912495902315946,0.4054596218799442,0.08857142857142856,0.03070175438596491,0.02,0.3485714285714286,13.52,0.008771929824561403,0.0,0.028193061263160905,0.12705428764301607,4.298245614035087,0.08231892341512698,0.15179917291011336,0.19939135404907618,0.07894736842105263,0,0.1470315114116421,0.3320044740608517,1.5349002415828217,0.9270907634747393,0.0,1.0,0.0,0.1,0.0,0.1,0.0,0.08,0.03070175438596491,0.2664637846830254,0.2664637846830254
330,0.9806972182095641,0.503461221384422,0.9194637664418543,0.5071807551205902,0.23632945151062196,0.5063032102505272,0.8157894736842105,0.42275499335332606,0.43509731024047726,0.12280701754385964,0.5314285714285715,0.3913067330887375,0.40550247902280134,0.08857142857142856,0.05263157894736842,0.03428571428571429,0.3485714285714286,13.54,0.008771929824561403,0.0,0.028423933077299474,0.12679364948819669,4.298245614035087,0.07984935571267317,0.14759943116573326,0.19790961342760388,0.07894736842105263,0,0.1470664995652982,0.3303444516905475,1.5384879510368796,0.9519979859544058,0.0,0.9166666666666666,0.0,0.1,0.0,0.1,0.0,0.08,0.05263157894736842,0.2659698711425346,0.2659698711425346
331,0.9816681782700436,0.503420516964348,0.9200962775669669,0.5069886230982685,0.23632945151062196,0.5061688278380176,0.8245614035087719,0.4231935898445542,0.4354262576088983,0.12280701754385964,0.5371428571428571,0.39159244737445176,0.40571676473708707,0.08857142857142856,0.07017543859649122,0.045714285714285714,0.3485714285714286,13.557142857142857,0.013157894736842105,0.0,0.028652098531362864,0.12654083047802187,4.298245614035087,0.07745387504129297,0.14350581464281253,0.19647232502477577,0.07894736842105263,0,0.14809736947685706,0.32869272943209477,1.5534324777304274,0.9918273311463337,0.0,0.8125,0.0,0.1,0.0,0.1,0.0,0.08,0.07017543859649122,0.2654907750082586,0.2654907750082586
332,0.9815895604720564,0.5045291891031569,0.920045063687135,0.5075065890283998,0.23632945151062196,0.5060174042742884,0.8114035087719298,0.4231935898445542,0.4354262576088983,0.12280701754385964,0.5285714285714286,0.39159244737445176,0.40571676473708707,0.08857142857142856,0.043859649122807015,0.02857142857142857,0.3485714285714286,13.577142857142857,0.013157894736842105,0.0,0.02887744457400212,0.1262955960381524,4.298245614035087,0.07513025879005418,0.13951622392880558,0.1950781552740325,0.07894736842105263,0,0.14755688262947278,0.32704926578493426,1.5509352567472479,0.971990784523407,0.0,1.0,0.0,0.1,0.0,0.1,0.0,0.08,0.043859649122807015,0.26502605175801086,0.26502605175801086
333,0.9810483657347373,0.505768724433096,0.9196925139725389,0.5083157343798477,0.23632945151062196,0.5059129491895387,0.8552631578947368,0.4231935898445542,0.4354262576088983,0.12280701754385964,0.5571428571428572,0.39159244737445176,0.40571676473708707,0.08857142857142856,0.03070175438596491,0.02,0.3485714285714286,13.597142857142858,0.017543859649122806,0.0,0.02909986851090893,0.12605771863147888,4.298245614035087,0.07287635102635255,0.13562856596270934,0.1937258106158115,0.07894736842105263,0,0.14693338393061114,0.3254140194560096,1.5399165516123028,0.9525509688329388,0.0,1.0,0.0,0.1,0.0,0.1,0.0,0.08,0.03070175438596491,0.2645752702052705,0.2645752702052705
334,0.9814347199566861,0.5058228227024144,0.9199441961514081,0.5088296481037752,0.23632945151062196,0.5058877348470824,0.868421052631579,0.4231935898445542,0.4354262576088983,0.12280701754385964,0.5657142857142857,0.39159244737445176,0.40571676473708707,0.08857142857142856,0.013157894736842105,0.008571428571428572,0.3485714285714286,13.614285714285714,0.017543859649122806,0.0,0.029319277636141568,0.1258269775470056,4.298245614035087,0.07069006049556198,0.1318407565833598,0.19241403629733717,0.07894736842105263,0,0.14636957486810093,0.3237869493587296,1.5176896491514855,0.9334999494562801,0.0,1.0,0.0,0.1,0.0,0.1,0.0,0.08,0.013157894736842105,0.2641380120991124,0.2641380120991124
335,0.9822963060689013,0.5056186363955318,0.9205054579616513,0.5088529375190024,0.23632945151062196,0.505885678194386,0.8333333333333334,0.4231935898445542,0.4354262576088983,0.12280701754385964,0.5428571428571428,0.39159244737445176,0.40571676473708707,0.08857142857142856,0.043859649122807015,0.02857142857142857,0.3485714285714286,13.62,0.017543859649122806,0.0,0.029535588852388654,0.12560315869506655,4.298245614035087,0.06856935868069512,0.12815072288781204,0.19114161520841708,0.07894736842105263,0,0.1461773140831532,0.32216801461193595,1.5159072847398842,0.9148299504671544,0.0,1.0,0.0,0.1,0.0,0.1,0.0,0.08,0.043859649122807015,0.263713871736139,0.263713871736139
336,0.982728443783757,0.505553407669597,0.9207637790781755,0.5079742538506736,0.23632945151062196,0.5058249088811839,0.8281938325991189,0.42082880389673283,0.433071307201889,0.11894273127753303,0.5371428571428571,0.39170673308873744,0.40580247902280137,0.08857142857142856,0.039647577092511016,0.02857142857142857,0.3514285714285714,13.64,0.022026431718061675,0.002857142857142857,0.029729872029816775,0.12538605440868578,4.308370044052864,0.06651227792027427,0.12455640540849067,0.18990736675216455,0.07488986784140969,0,0.14610314251273743,0.3383213562300479,1.5141605676165149,0.9039207967999998,0.0,0.9,0.0,0.1,0.0,0.1,0.0,0.08,0.043859649122807015,0.26330245558405485,0.26330245558405485
337,0.9823748591151822,0.5053563899490243,0.9205344541645568,0.5081823541014112,0.23632945151062196,0.505904134782553,0.8281938325991189,0.42091690962360506,0.43313738649704325,0.11894273127753303,0.5371428571428571,0.39176387594588036,0.4058453361656585,0.08857142857142856,0.04405286343612335,0.02857142857142857,0.3514285714285714,13.665714285714285,0.022026431718061675,0.0,0.029945997752839872,0.1251754632508963,4.308370044052864,0.06451690958266604,0.12105576011762875,0.1887101457495996,0.07929515418502203,0,0.1460294839430309,0.3366297494488976,1.5124487848356134,0.8860078305680016,0.0,0.9,0.0,0.1,0.0,0.1,0.0,0.08,0.04405286343612335,0.26290338191653323,0.26290338191653323
338,0.9830288924780607,0.504580207310395,0.9209586415170523,0.5076504464998698,0.23632945151062196,0.5059141055878804,0.8370044052863436,0.42091690962360506,0.43313738649704325,0.11894273127753303,0.5428571428571428,0.39176387594588036,0.4058453361656585,0.08857142857142856,0.039647577092511016,0.025714285714285714,0.3514285714285714,13.68,0.022026431718061675,0.0,0.030152419208630495,0.12497118982784049,4.308370044052864,0.06258140229518605,0.11764676026733134,0.1875488413771116,0.07929515418502203,0,0.1455844800947443,0.33494660070165316,1.5079140948531864,0.8682876739566416,0.0,1.0,0.0,0.1,0.0,0.1,0.0,0.08,0.039647577092511016,0.2625162804590372,0.2625162804590372
339,0.9827405089604143,0.5051572343781783,0.9207716042070362,0.508431315611081,0.23632945151062196,0.5058633709707532,0.8590308370044053,0.4210050153504773,0.4332034657921974,0.11894273127753303,0.5571428571428572,0.3918210188030232,0.40588819330851567,0.08857142857142856,0.04405286343612335,0.02857142857142857,0.3514285714285714,13.697142857142858,0.022026431718061675,0.0,0.030355502291614146,0.12477304460747639,4.308370044052864,0.06070396022633047,0.11432739807339232,0.18642237613579826,0.07929515418502203,0,0.1457643569487519,0.33327186769814493,1.5063272415275515,0.8526891021402552,0.0,0.9,0.0,0.1,0.0,0.1,0.0,0.08,0.04405286343612335,0.2621407920452661,0.2621407920452661
340,0.9816833763953579,0.50629008866647,0.9200859782291281,0.5089836457073156,0.23632945151062196,0.5058315656642904,0.8281938325991189,0.4210050153504773,0.4332034657921974,0.11894273127753303,0.5371428571428571,0.3918210188030232,0.40588819330851567,0.08857142857142856,0.03524229074889868,0.022857142857142857,0.3514285714285714,13.714285714285714,0.01762114537444934,0.0,0.030555206069348678,0.12458084374372323,4.308370044052864,0.05888284141954055,0.11109568625078814,0.18532970485172434,0.07929515418502203,0,0.14523539230686525,0.3316055083596542,1.4990578395541434,0.83563532009745,0.0,1.0,0.0,0.1,0.0,0.1,0.0,0.08,0.03524229074889868,0.2617765682839081,0.2617765682839081
341,0.9796893891996776,0.5059595970376204,0.9187927351050725,0.5084407279489903,0.23632945151062196,0.5060137952185566,0.8502202643171806,0.4210050153504773,0.4332034657921974,0.11894273127753303,0.5514285714285714,0.3918210188030232,0.40588819330851567,0.08857142857142856,0.02643171806167401,0.017142857142857144,0.3514285714285714,13.702857142857143,0.02643171806167401,0.0,0.030751496859062113,0.12439440890588262,4.308370044052864,0.05711635617695433,0.10794965940854029,0.1842698137061726,0.07929515418502203,0,0.14468035820247382,0.3299474808178559,1.4862195399059173,0.818922613695501,0.0,1.0,0.0,0.1,0.0,0.1,0.0,0.08,0.02643171806167401,0.2614232712353909,0.2614232712353909
342,0.9809747898787532,0.5059591539697365,0.9196264092597872,0.5078708991176016,0.23632945151062196,0.50609979342452,0.8898678414096917,0.4210050153504773,0.4332034657921974,0.11894273127753303,0.5771428571428572,0.3918210188030232,0.40588819330851567,0.08857142857142856,0.02643171806167401,0.017142857142857144,0.3514285714285714,13.685714285714285,0.01762114537444934,0.0,0.030944347843655594,0.12421356711317723,4.308370044052864,0.0554028654916457,0.10488737531141057,0.18324171929498742,0.07929515418502203,0,0.14409952784003285,0.3282977434137666,1.4736380062506564,0.802544161421591,0.0,1.0,0.0,0.1,0.0,0.1,0.0,0.08,0.02643171806167401,0.26108057309832916,0.26108057309832916
343,0.9822995939667248,0.506805599913048,0.9204856393397004,0.50851624659365,0.23632945151062196,0.506138743766479,0.8678414096916299,0.4210050153504773,0.4332034657921974,0.11894273127753303,0.5628571428571428,0.3918210188030232,0.40588819330851567,0.08857142857142856,0.02643171806167401,0.017142857142857144,0.3514285714285714,13.691428571428572,0.02643171806167401,0.0,0.031133738694273272,0.12403815057425309,4.308370044052864,0.05374077952689633,0.10190691601565216,0.18224446771613778,0.07929515418502203,0,0.1435216016294041,0.3266562546966978,1.4613081032685002,0.7864932781931592,0.0,1.0,0.0,0.1,0.0,0.1,0.0,0.08,0.02643171806167401,0.26074815590537925,0.26074815590537925
344,0.9809338463537096,0.5061824570180808,0.919599854459259,0.5081083612088352,0.23632945151062196,0.5062116196594959,0.8634361233480177,0.4210050153504773,0.4332034657921974,0.11894273127753303,0.56,0.3918210188030232,0.40588819330851567,0.08857142857142856,0.048458149779735685,0.03142857142857143,0.3514285714285714,13.705714285714286,0.02643171806167401,0.0,0.03131965520059481,0.12386799653149658,4.308370044052864,0.05212855614108944,0.0990063888857986,0.18127713368465365,0.07929515418502203,0,0.14331429927493558,0.3250229734232143,1.4635105126317016,0.7707634126292959,0.0,1.0,0.0,0.1,0.0,0.1,0.0,0.08,0.048458149779735685,0.2604257112282179,0.2604257112282179
345,0.9807472746395627,0.5057457686567637,0.9194788493760838,0.5073214836826804,0.23632945151062196,0.5061124956330239,0.8634361233480177,0.4210050153504773,0.4332034657921974,0.11894273127753303,0.56,0.3918210188030232,0.40588819330851567,0.08857142857142856,0.03524229074889868,0.022857142857142857,0.3514285714285714,13.717142857142857,0.02643171806167401,0.0,0.03150208890982949,0.1237029471100228,4.308370044052864,0.05056469945685675,0.09618392749922455,0.18033881967411405,0.07929515418502203,0,0.14288244491784663,0.3233978585560982,1.4570974452362104,0.75534814437671,0.0,1.0,0.0,0.1,0.0,0.1,0.0,0.08,0.03524229074889868,0.26011293989137135,0.26011293989137135
346,0.9804687753107444,0.506162672742898,0.9192982226685358,0.5083662598519407,0.23632945151062196,0.505955823668665,0.8061674008810573,0.4210050153504773,0.4332034657921974,0.11894273127753303,0.5228571428571429,0.3918210188030232,0.40588819330851567,0.08857142857142856,0.048458149779735685,0.03142857142857143,0.3514285714285714,13.734285714285715,0.02643171806167401,0.0,0.03168103677522853,0.1235428491711932,4.308370044052864,0.04904775847315105,0.09343769244496569,0.1794286550838906,0.07929515418502203,0,0.14248132126111454,0.3217808692633177,1.4593840677600576,0.7402411814891758,0.0,1.0,0.0,0.1,0.0,0.1,0.0,0.08,0.048458149779735685,0.2598095516946302,0.2598095516946302
347,0.9802105792866743,0.5059725422156764,0.9191307641043532,0.5081782753159356,0.23632945151062196,0.5058040638260777,0.8502202643171806,0.4210050153504773,0.4332034657921974,0.11894273127753303,0.5514285714285714,0.3918210188030232,0.40588819330851567,0.08857142857142856,0.039647577092511016,0.025714285714285714,0.3514285714285714,13.745714285714286,0.02643171806167401,0.0,0.031856500814786255,0.1233875541705285,4.308370044052864,0.047576325718956515,0.09076587202303954,0.1785457954313739,0.07929515418502203,0,0.1419402003690947,0.3201719649170011,1.4559106721191422,0.7254363578593923,0.0,1.0,0.0,0.1,0.0,0.1,0.0,0.08,0.039647577092511016,0.2595152651437913,0.2595152651437913
348,0.9790329747375661,0.5071537563675147,0.918367003439646,0.508584169690152,0.23632945151062196,0.505588624138155,0.8193832599118943,0.4210050153504773,0.4332034657921974,0.11894273127753303,0.5314285714285715,0.3918210188030232,0.40588819330851567,0.08857142857142856,0.048458149779735685,0.03142857142857143,0.3514285714285714,13.751428571428571,0.02643171806167401,0.0,0.03202848778066634,0.1232369180198838,4.308370044052864,0.04614903594738782,0.08816668285025797,0.17768942156843268,0.07929515418502203,0,0.14162921650653493,0.3185711050924161,1.4582210301053307,0.7109276307022044,0.0,1.0,0.0,0.1,0.0,0.1,0.0,0.08,0.048458149779735685,0.2592298071894776,0.2592298071894776
349,0.9792978593502282,0.5064607295899917,0.9185388000312869,0.5082001158657748,0.23632945151062196,0.5054856034019335,0.8546255506607929,0.4210050153504773,0.4332034657921974,0.11894273127753303,0.5542857142857143,0.3918210188030232,0.40588819330851567,0.08857142857142856,0.039647577092511016,0.025714285714285714,0.3514285714285714,13.745714285714286,0.02643171806167401,0.0,0.03219700883977017,0.12309080095375836,4.308370044052864,0.044764564868966183,0.08563837037828248,0.1768587389213797,0.07929515418502203,0,0.1411494989954308,0.31697824956695403,1.4547708952175098,0.6967090780881603,0.0,1.0,0.0,0.1,0.0,0.1,0.0,0.08,0.039647577092511016,0.25895291297379325,0.25895291297379325
350,0.9797542606443511,0.5056069872162536,0.9188348088706179,0.5080388059158649,0.23632945151062196,0.5052863033399962,0.8325991189427313,0.4211812268042219,0.4333356243825058,0.11894273127753303,0.54,0.3919353045173089,0.40597390759422997,0.08857142857142856,0.048458149779735685,0.03428571428571429,0.3514285714285714,13.748571428571429,0.022026431718061675,0.0,0.032362079265755926,0.12294906739961675,4.308370044052864,0.043421627922897194,0.08317920932942868,0.17605297675373832,0.07929515418502203,0,0.14150075150045366,0.31539335831911924,1.459961191598874,0.6911349409722406,0.0,0.8333333333333334,0.0,0.1,0.0,0.1,0.0,0.08,0.048458149779735685,0.25868432558457943,0.25868432558457943
351,0.9819778224737026,0.5050281203497017,0.9199109963261768,0.50747752994443,0.23632945151062196,0.5050214536845714,0.8539823008849557,0.4216314228986464,0.4339906642960701,0.11946902654867257,0.5514285714285714,0.3919924473744518,0.40601676473708714,0.08857142857142856,0.035398230088495575,0.022857142857142857,0.35428571428571426,13.757142857142858,0.017699115044247787,0.002857142857142857,0.03252663620548657,0.12281158585209935,4.283185840707965,0.04211897908521028,0.08078750405548829,0.17527138745112616,0.07964601769911504,0,0.14139310488580853,0.31381639152752366,1.4536191106240395,0.6773122421527958,0.0,0.875,0.0,0.1,0.0,0.1,0.0,0.08,0.03524229074889868,0.25842379581704206,0.25842379581704206
352,0.9837461092444071,0.5046906670686893,0.9210528043552605,0.5074509702761034,0.23632945151062196,0.5048063031368341,0.8451327433628318,0.42171991847386764,0.434057035977486,0.11946902654867257,0.5457142857142857,0.3920495902315947,0.4060596218799442,0.08857142857142856,0.030973451327433628,0.02,0.35428571428571426,13.762857142857143,0.017699115044247787,0.0,0.032703693422963864,0.12267822875100752,4.283185840707965,0.040855409712653966,0.07846158882460419,0.17451324582759237,0.07964601769911504,0,0.14128528507209379,0.31224730956988606,1.4445467284115587,0.6853885142531325,0.0,0.8571428571428571,0.0,0.1,0.0,0.1,0.0,0.08,0.030973451327433628,0.2581710819425308,0.2581710819425308
353,0.9832898042332626,0.5062130013242605,0.9207581616909212,0.5081375240914191,0.23632945151062196,0.5044821677237807,0.8495575221238938,0.42189690962431015,0.4341897793403179,0.11946902654867257,0.5485714285714286,0.39216387594588037,0.4061453361656585,0.08857142857142856,0.05309734513274336,0.03428571428571429,0.35428571428571426,13.788571428571428,0.017699115044247787,0.0,0.03285873660554135,0.12254887236294841,4.283185840707965,0.03962974742127435,0.07619982804100356,0.17377784845276462,0.07964601769911504,0,0.14134900435744757,0.31068607302203666,1.4499415081290417,0.7012048248426639,0.0,0.9166666666666666,0.0,0.1,0.0,0.1,0.0,0.08,0.05309734513274336,0.25792594948425485,0.25792594948425485
354,0.9824743372663577,0.506199426484553,0.9202316030208627,0.5087215634902226,0.23632945151062196,0.5042094008368206,0.8584070796460177,0.42189690962431015,0.4341897793403179,0.11946902654867257,0.5542857142857143,0.39216387594588037,0.4061453361656585,0.08857142857142856,0.03982300884955752,0.025714285714285714,0.35428571428571426,13.794285714285714,0.017699115044247787,0.0,0.03301042090559185,0.12242339666653106,4.283185840707965,0.038440854998636115,0.07400061640217215,0.17306451299918166,0.07964601769911504,0,0.14089854790351752,0.30913264265692647,1.4466569636807465,0.6871807283458106,0.0,1.0,0.0,0.1,0.0,0.1,0.0,0.08,0.03982300884955752,0.25768817099972724,0.25768817099972724
355,0.9825334847595939,0.5068548464096757,0.9202697954022097,0.509823177229798,0.23632945151062196,0.5037014873977163,0.8628318584070797,0.42207390077475265,0.43432252270314975,0.11946902654867257,0.5571428571428572,0.39227816166016605,0.4062310504513728,0.08857142857142856,0.035398230088495575,0.022857142857142857,0.35428571428571426,13.794285714285714,0.01327433628318584,0.0,0.033158777991724085,0.12230168524100621,4.283185840707965,0.03728762934867703,0.07186237899783066,0.1723725776092062,0.07964601769911504,0,0.14085062730685707,0.30758697944364183,1.4405809672642742,0.7325453695253324,0.0,0.875,0.0,0.1,0.0,0.1,0.0,0.08,0.035398230088495575,0.2574575258697354,0.2574575258697354
356,0.9807045386563839,0.5066549304940595,0.9190675253907037,0.5103725671173939,0.23632945151062196,0.5033176271928776,0.84,0.4224916722526453,0.43441724146985694,0.12,0.54,0.39227816166016605,0.4062310504513728,0.08857142857142856,0.03111111111111111,0.02,0.35714285714285715,13.8,0.013333333333333334,0.002857142857142857,0.03330277633152233,0.12218362515824711,4.275555555555556,0.036169000468216715,0.06978357135486657,0.17170140028093003,0.08,0,0.14034608845603705,0.3060490445464236,1.431769347918989,0.7178944621348258,0.0,1.0,0.0,0.1,0.0,0.1,0.0,0.08,0.030973451327433628,0.25723380009364333,0.25723380009364333
357,0.9801923763309224,0.5056357941162947,0.9187382781814787,0.5099614147681043,0.23632945151062196,0.5028252051121761,0.8088888888888889,0.4224916722526453,0.43441724146985694,0.12,0.52,0.39227816166016605,0.4062310504513728,0.08857142857142856,0.04,0.025714285714285714,0.35714285714285715,13.814285714285715,0.013333333333333334,0.0,0.033445117750356114,0.12206910687797087,4.275555555555556,0.035083930454170215,0.06776267943216419,0.17105035827250212,0.08,0,0.13987235872804257,0.3045187993236915,1.4288482466748949,0.7035365728921292,0.0,1.0,0.0,0.1,0.0,0.1,0.0,0.08,0.04,0.25701678609083406,0.25701678609083406
358,0.9804821667326263,0.5062902517077297,0.9189245720111454,0.5109085492376564,0.23632945151062196,0.5023109622078917,0.84,0.4224916722526453,0.43441724146985694,0.12,0.54,0.39227816166016605,0.4062310504513728,0.08857142857142856,0.04888888888888889,0.03142857142857143,0.35714285714285715,13.814285714285715,0.013333333333333334,0.0,0.033583708791708314,0.12195802414610289,4.275555555555556,0.034031412540545106,0.06579821956907816,0.17041884752432707,0.08,0,0.13948656907725954,0.3029962053270731,1.4316998531699683,0.6894658414342866,0.0,1.0,0.0,0.1,0.0,0.1,0.0,0.08,0.04888888888888889,0.256806282508109,0.256806282508109
359,0.9797744125391479,0.5061647982941234,0.9184695871724807,0.5106019053816601,0.23632945151062196,0.5018288378182723,0.8355555555555556,0.4224916722526453,0.43441724146985694,0.12,0.5371428571428571,0.39227816166016605,0.4062310504513728,0.08857142857142856,0.035555555555555556,0.022857142857142857,0.35714285714285715,13.845714285714285,0.013333333333333334,0.0,0.033719122186309215,0.12185027389619087,4.275555555555556,0.03301047016432875,0.06388873839110187,0.16980628209859724,0.08,0,0.13915548149840146,0.3014812243004377,1.4259229989637119,0.6756765246056009,0.0,1.0,0.0,0.1,0.0,0.1,0.0,0.08,0.035555555555555556,0.25660209403286577,0.25660209403286577
360,0.9803189708346491,0.5056642597988931,0.9188196603624459,0.5104505398035252,0.23632945151062196,0.5013691242243918,0.8266666666666667,0.42258056114153414,0.43448390813652354,0.12,0.5314285714285715,0.39233530451730886,0.40627390759422993,0.08857142857142856,0.04888888888888889,0.03142857142857143,0.35714285714285715,13.862857142857143,0.013333333333333334,0.0,0.03385139998462219,0.12174575615377627,4.275555555555556,0.03202015605939889,0.062032812676094284,0.16921209363563933,0.08,0,0.139201847662338,0.29997381817893554,1.4288331104130088,0.6692157227777675,0.0,0.9090909090909091,0.0,0.1,0.0,0.1,0.0,0.08,0.04888888888888889,0.25640403121187977,0.25640403121187977
361,0.9815753704322363,0.5042264042882146,0.9196273458180376,0.5101265029373576,0.23632945151062196,0.5010664043885642,0.8622222222222222,0.42258056114153414,0.43448390813652354,0.12,0.5542857142857143,0.39233530451730886,0.40627390759422993,0.08857142857142856,0.03111111111111111,0.02,0.35714285714285715,13.874285714285714,0.013333333333333334,0.0,0.0339805857234963,0.12164437394363413,4.275555555555556,0.03105955137761692,0.060229049184251204,0.16863573082657016,0.08,0,0.13870541056688346,0.29847394908804087,1.4202564482047484,0.6558314083222122,0.0,1.0,0.0,0.1,0.0,0.1,0.0,0.08,0.03111111111111111,0.25621191027552337,0.25621191027552337
362,0.9831511798858369,0.5031483824680983,0.9206403661810665,0.5090796817609715,0.23632945151062196,0.5006892416371561,0.8222222222222222,0.42275833891931186,0.4346172414698569,0.12,0.5285714285714286,0.39244959023159465,0.40635962187994423,0.08857142857142856,0.04888888888888889,0.03142857142857143,0.35714285714285715,13.888571428571428,0.013333333333333334,0.0,0.03410672425352054,0.12154603319979618,4.275555555555556,0.030127764836288415,0.05847608445482888,0.16807665890177304,0.08,0,0.1386687406569062,0.2969815793426006,1.423279890669225,0.6765508126465141,0.0,0.9090909090909091,0.0,0.1,0.0,0.1,0.0,0.08,0.04888888888888889,0.2560255529672577,0.2560255529672577
363,0.9817458509935459,0.5026376171483942,0.9197369404645939,0.5086356040577261,0.23632945151062196,0.5001740037347394,0.8533333333333334,0.4228472278082008,0.4346839081365236,0.12,0.5485714285714286,0.3925067330887375,0.4064024790228013,0.08857142857142856,0.04888888888888889,0.03142857142857143,0.35714285714285715,13.90857142857143,0.013333333333333334,0.0,0.034229861576218996,0.12145064267827338,4.275555555555556,0.02922393189119976,0.05677258457246703,0.16753435913471984,0.08,0,0.1386886855214788,0.3064969953050037,1.426242864284412,0.6630197963935838,0.0,0.9090909090909091,0.0,0.1,0.0,0.1,0.0,0.08,0.04888888888888889,0.25584478637823993,0.25584478637823993
364,0.9829462721719263,0.5015023236046312,0.9205086397935525,0.5076747410998147,0.23632945151062196,0.4997162537987242,0.88,0.4228472278082008,0.4346839081365236,0.12,0.5657142857142857,0.3925067330887375,0.4064024790228013,0.08857142857142856,0.035555555555555556,0.022857142857142857,0.35714285714285715,13.93142857142857,0.013333333333333334,0.0,0.0343500446907571,0.12135811387239627,4.275555555555556,0.028347213934463766,0.05511724490579173,0.16700832836067825,0.08,0,0.1381665278081571,0.30496451032847866,1.4205751498558667,0.6497594004657121,0.0,1.0,0.0,0.1,0.0,0.1,0.0,0.08,0.035555555555555556,0.25566944278689274,0.25566944278689274
365,0.9815104808011225,0.5009393917580672,0.9195856310551787,0.5075976500978097,0.23632945151062196,0.49919610769078143,0.84,0.42302500558597855,0.4348172414698569,0.12,0.54,0.39262101880302325,0.4064881933085156,0.08857142857142856,0.035555555555555556,0.022857142857142857,0.35714285714285715,13.945714285714285,0.017777777777777778,0.0,0.03446732144982176,0.1212683609306955,4.275555555555556,0.027496797516429854,0.053508789820830516,0.1664980785098579,0.08,0,0.1382451315798485,0.3034396877768363,1.4150207897158924,0.6511095563342606,0.0,0.875,0.0,0.1,0.0,0.1,0.0,0.08,0.035555555555555556,0.25549935950328595,0.25549935950328595
366,0.9823370046243958,0.5016894135854996,0.9201169677987114,0.5082535981941059,0.23632945151062196,0.4987022970228745,0.8444444444444444,0.42302500558597855,0.4348172414698569,0.12,0.5428571428571428,0.39262101880302325,0.4064881933085156,0.08857142857142856,0.05333333333333334,0.03428571428571429,0.35714285714285715,13.974285714285715,0.017777777777777778,0.0,0.03458174042433367,0.12118130057724576,4.275555555555556,0.026671893590936958,0.05194597237162091,0.16600313615456216,0.08,0,0.13792447806480637,0.30192248933795207,1.4210060882072886,0.6380873652075754,0.0,1.0,0.0,0.1,0.0,0.1,0.0,0.08,0.05333333333333334,0.25533437871818737,0.25533437871818737
367,0.9813778626051889,0.5025294772974065,0.91950037650065,0.5091745231494503,0.23632945151062196,0.49809278584183575,0.8044444444444444,0.42320278336375633,0.43495057480319027,0.12,0.5171428571428571,0.392735304517309,0.4065739075942299,0.08857142857142856,0.04,0.025714285714285714,0.35714285714285715,13.98857142857143,0.017777777777777778,0.0,0.03469335077664759,0.12109685203439957,4.275555555555556,0.025871736783208848,0.050427573970253325,0.1655230420699253,0.08,0,0.13786328424591093,0.30041287689126234,1.4183002521574284,0.6396129777600006,0.0,0.8888888888888888,0.0,0.1,0.0,0.1,0.0,0.08,0.04,0.2551743473566418,0.2551743473566418
368,0.9804954805828321,0.5033274235293823,0.9189331309148492,0.5092401872622117,0.23632945151062196,0.49767620848175076,0.8044444444444444,0.42320278336375633,0.43495057480319027,0.12,0.5171428571428571,0.392735304517309,0.4065739075942299,0.08857142857142856,0.02666666666666667,0.017142857142857144,0.35714285714285715,13.994285714285715,0.017777777777777778,0.0,0.03480220214189643,0.12101493694783863,4.275555555555556,0.025095584679712582,0.048952404038457686,0.16505735080782755,0.08,0,0.13731668211039566,0.298910812506806,1.407077104257137,0.6268207182048006,0.0,1.0,0.0,0.1,0.0,0.1,0.0,0.08,0.02666666666666667,0.25501911693594254,0.25501911693594254
369,0.9810527393567822,0.5033968967760147,0.9192913686981027,0.5096359082033229,0.23632945151062196,0.49732815642331635,0.7866666666666666,0.4233805611415341,0.4350839081365236,0.12,0.5057142857142857,0.3928495902315946,0.4066596218799442,0.08857142857142856,0.04,0.025714285714285714,0.35714285714285715,14.028571428571428,0.017777777777777778,0.0,0.03490834451713625,0.1209354793138746,4.275555555555556,0.024342717139321204,0.04751929964270851,0.1646056302835927,0.08,0,0.13720124155698651,0.3040514911209594,1.4046498478862801,0.6142843038407045,0.0,0.8888888888888888,0.0,0.1,0.0,0.1,0.0,0.08,0.04,0.25486854342786425,0.25486854342786425
370,0.9811655551259377,0.5031414237376914,0.9193638931211314,0.5097875763290592,0.23632945151062196,0.4969335185992058,0.8044444444444444,0.4233805611415341,0.4350839081365236,0.12,0.5171428571428571,0.3928495902315946,0.4066596218799442,0.08857142857142856,0.03111111111111111,0.02,0.35714285714285715,14.04,0.022222222222222223,0.0,0.03501182815795295,0.12085840540892946,4.275555555555556,0.023612435625141568,0.04612712511470596,0.16416746137508492,0.08,0,0.1368850960599159,0.3025312336653546,1.3965568509285542,0.6019986177638904,0.0,1.0,0.0,0.1,0.0,0.1,0.0,0.08,0.03111111111111111,0.2547224871250283,0.2547224871250283
371,0.9814211908440014,0.5025506959311387,0.9195282303684579,0.5090791089386807,0.23632945151062196,0.4964105910561003,0.7777777777777778,0.4235583389193119,0.4352172414698569,0.12,0.5,0.3929638759458804,0.40674533616565844,0.08857142857142856,0.04888888888888889,0.03142857142857143,0.35714285714285715,14.057142857142857,0.022222222222222223,0.0,0.035112703482195105,0.12078364372113272,4.275555555555556,0.02290406255638732,0.04477477165897081,0.16374243753383239,0.08,0,0.1369143855796163,0.3010185774970278,1.4000542853385547,0.6618001771104316,0.0,0.9090909090909091,0.0,0.1,0.0,0.1,0.0,0.08,0.04888888888888889,0.25458081251127745,0.25458081251127745
372,0.9811553389562734,0.5003243614609627,0.9191967303901475,0.5079604367493167,0.23632945151062196,0.49599452386853093,0.8125,0.425364173278833,0.434064563325558,0.12053571428571429,0.52,0.3930781616601662,0.40683105045137274,0.08857142857142856,0.049107142857142856,0.03428571428571429,0.36,14.074285714285715,0.017857142857142856,0.002857142857142857,0.03525898755344709,0.12071112488396984,4.232142857142857,0.0222169406796957,0.043461156949179625,0.16333016440781742,0.08035714285714286,0,0.13702754216968238,0.31838267139444126,1.4063389139174978,0.6485641735682229,0.0,0.9166666666666666,0.0,0.1,0.0,0.1,0.0,0.08,0.05333333333333334,0.25444338813593914,0.25444338813593914
373,0.9817370287246969,0.5004812021845005,0.9194261179463434,0.5072193148352645,0.23632945151062196,0.4955774516815191,0.8565022421524664,0.42578108757301303,0.43481546131154547,0.1210762331838565,0.5457142857142857,0.3930781616601662,0.40683105045137274,0.08857142857142856,0.04035874439461883,0.03142857142857143,0.3628571428571429,14.097142857142858,0.017937219730941704,0.002857142857142857,0.03542035279811899,0.12064078161192189,4.179372197309417,0.021550432459304828,0.042185224714760716,0.1629302594755829,0.08071748878923767,0,0.136942404458834,0.3167907580374691,1.4096407070677193,0.6355928900968585,0.0,0.9090909090909091,0.0,0.1,0.0,0.1,0.0,0.08,0.044642857142857144,0.254310086491861,0.254310086491861
374,0.9807921631366292,0.5005565848196419,0.918824103585946,0.5076960204330264,0.23632945151062196,0.4954143531988671,0.8071748878923767,0.42578108757301303,0.43481546131154547,0.1210762331838565,0.5142857142857142,0.3930781616601662,0.40683105045137274,0.08857142857142856,0.04932735426008968,0.03142857142857143,0.3628571428571429,14.12,0.02242152466367713,0.0,0.03551422817349438,0.12057254863803533,4.179372197309417,0.020903919485525682,0.040945944319172756,0.1625423516913154,0.08071748878923767,0,0.13722912100796839,0.3152068042472817,1.4128764643549363,0.6228810322949213,0.0,1.0,0.0,0.1,0.0,0.1,0.0,0.08,0.04932735426008968,0.25418078389710513,0.25418078389710513
375,0.9806709748947078,0.49974851909589324,0.918746889363236,0.507454056082498,0.23632945151062196,0.4953810807437987,0.8116591928251121,0.42605014586897716,0.43501725503351857,0.1210762331838565,0.5171428571428571,0.39324959023159467,0.4069596218799442,0.08857142857142856,0.06278026905829596,0.04,0.3628571428571429,14.128571428571428,0.02242152466367713,0.0,0.03560568279449808,0.12050636265336537,4.179372197309417,0.02027680190095991,0.03974231033118736,0.16216608114057593,0.08071748878923767,0,0.13862683825292857,0.31515440467852274,1.4246189350678375,0.6342253686876607,0.0,0.8571428571428571,0.0,0.1,0.0,0.1,0.0,0.08,0.06278026905829596,0.254055360380192,0.254055360380192
376,0.9790312720191197,0.4986414106446447,0.9176907522032866,0.5073000571808544,0.23632945151062196,0.49533590787456233,0.7882882882882883,0.4256352530125929,0.43360438583030925,0.12162162162162163,0.5,0.39324959023159467,0.4069596218799442,0.08857142857142856,0.04954954954954955,0.03142857142857143,0.3657142857142857,14.14,0.018018018018018018,0.002857142857142857,0.0357114960847514,0.12044216224823551,4.162162162162162,0.019668497843931113,0.03857334209041252,0.16180109870635867,0.08108108108108109,0,0.1390474190616639,0.31357863265513014,1.4275551277950522,0.6215408613139074,0.0,1.0,0.0,0.1,0.0,0.1,0.0,0.08,0.04932735426008968,0.2539336995687862,0.2539336995687862
377,0.9780121793883946,0.49907040081695037,0.9170443563060839,0.5078321740272234,0.23632945151062196,0.4951603444912329,0.8693693693693694,0.42581543319277315,0.4337395209654443,0.12162162162162163,0.5514285714285714,0.39336387594588035,0.4070453361656585,0.08857142857142856,0.05855855855855856,0.037142857142857144,0.3657142857142857,14.154285714285715,0.018018018018018018,0.0,0.0358042506912785,0.12037988785525956,4.162162162162162,0.01907844290861318,0.03743808326820253,0.1614470657451679,0.08108108108108109,0,0.1391790462342306,0.3169608745641982,1.4361468823820083,0.6191065155623906,0.0,0.9230769230769231,0.0,0.1,0.0,0.1,0.0,0.08,0.05855855855855856,0.25381568858172265,0.25381568858172265
378,0.9787544873317474,0.49950479547442317,0.9175151916301533,0.5080740994472801,0.23632945151062196,0.49493464534360915,0.8513513513513513,0.42581543319277315,0.4337395209654443,0.12162162162162163,0.54,0.39336387594588035,0.4070453361656585,0.08857142857142856,0.04954954954954955,0.03142857142857143,0.3657142857142857,14.165714285714285,0.02252252252252252,0.0,0.03588883266350394,0.12031948169407292,4.162162162162162,0.018506089621354783,0.03633560142501968,0.16110365377281285,0.08108108108108109,0,0.139111579574488,0.3153760701913772,1.4388525161629393,0.6067243852511428,0.0,1.0,0.0,0.1,0.0,0.1,0.0,0.08,0.04954954954954955,0.25370121792427097,0.25370121792427097
379,0.9784930626168195,0.4983911171454376,0.9173493736681134,0.5076030821129859,0.23632945151062196,0.4948051807067479,0.8063063063063063,0.42581543319277315,0.4337395209654443,0.12162162162162163,0.5114285714285715,0.39336387594588035,0.4070453361656585,0.08857142857142856,0.036036036036036036,0.025714285714285714,0.3657142857142857,14.185714285714285,0.02252252252252252,0.0,0.03597119085149564,0.12026088771772182,4.162162162162162,0.01795090693271414,0.03526498756523999,0.1607705441596285,0.08108108108108109,0,0.13870564118378836,0.3137991898404203,1.4357897515539666,0.5945898975461199,0.0,1.0,0.0,0.1,0.0,0.1,0.0,0.08,0.036036036036036036,0.2535901813865428,0.2535901813865428
380,0.9782780438955216,0.4983363376064339,0.91721299036489,0.5069696792383177,0.23632945151062196,0.4946671392317862,0.8108108108108109,0.4259055232828632,0.433807088533012,0.12162162162162163,0.5142857142857142,0.3934210188030232,0.40708819330851564,0.08857142857142856,0.03153153153153153,0.02,0.3657142857142857,14.2,0.02252252252252252,0.0,0.03605137418792697,0.12020405156066127,4.162162162162162,0.017412379724732717,0.03422535569031393,0.16044742783483962,0.08108108108108109,0,0.13852639869215513,0.3388355841231648,1.4270739565228872,0.5979209609745777,0.0,0.8571428571428571,0.0,0.1,0.0,0.1,0.0,0.08,0.03153153153153153,0.25348247594494655,0.25348247594494655
381,0.9801180272989489,0.4981464576860122,0.9175640000013005,0.5065391524911229,0.23632945151062196,0.4944783896932577,0.832579185520362,0.426268004571356,0.43554896819647176,0.12217194570135746,0.5257142857142857,0.39353530451730895,0.4071739075942299,0.08857142857142856,0.04524886877828054,0.03142857142857143,0.36857142857142855,14.211428571428572,0.01809954751131222,0.002857142857142857,0.036181834607239054,0.12014892048831256,4.099547511312217,0.016890008332990734,0.033215842351134284,0.16013400499979444,0.08144796380090498,0,0.13857562527012293,0.33714140620254895,1.4299610488210006,0.593334667222337,0.0,0.9090909090909091,0.0,0.1,0.0,0.1,0.0,0.08,0.04954954954954955,0.25337800166659813,0.25337800166659813
382,0.9795439529318628,0.49740961048067267,0.9172015130437974,0.5057688505337661,0.23632945151062196,0.49435158270389207,0.7918552036199095,0.4263585023089125,0.4356168414996392,0.12217194570135746,0.5,0.3935924473744518,0.4072167647370871,0.08857142857142856,0.05429864253393665,0.03428571428571429,0.36857142857142855,14.231428571428571,0.01809954751131222,0.0,0.036299009436481795,0.12009544334813428,4.099547511312217,0.01638330808300101,0.032235606200388345,0.1598299848498006,0.08144796380090498,0,0.1386243221402009,0.3434055334994655,1.435647542130295,0.5814679738778903,0.0,0.9166666666666666,0.0,0.1,0.0,0.1,0.0,0.08,0.05429864253393665,0.25327666161660023,0.25327666161660023
383,0.9800885855922895,0.49703650264967514,0.9175454096665242,0.5049718191118584,0.23632945151062196,0.4943020407955458,0.8099547511312217,0.4265394977840256,0.43575258810597406,0.12217194570135746,0.5114285714285715,0.3937067330887375,0.40730247902280137,0.08857142857142856,0.03619909502262444,0.022857142857142857,0.36857142857142855,14.228571428571428,0.01809954751131222,0.0,0.036373274999730004,0.12004357052216141,4.099547511312217,0.01589180884051098,0.03128382754561865,0.15953508530430657,0.08144796380090498,0,0.1386159176687856,0.3416885058319682,1.4297917341448318,0.5756507942688813,0.0,0.875,0.0,0.1,0.0,0.1,0.0,0.08,0.03619909502262444,0.2531783617681022,0.2531783617681022
384,0.9792866425699034,0.49777193873894904,0.9170390399295318,0.5052335606297792,0.23632945151062196,0.4944066276907508,0.832579185520362,0.42662999552158215,0.4358204614091415,0.12217194570135746,0.5257142857142857,0.3937638759458803,0.4073453361656585,0.08857142857142856,0.049773755656108594,0.03142857142857143,0.36857142857142855,14.24,0.02262443438914027,0.0,0.03644554741940365,0.11999325388096758,4.099547511312217,0.01541505457529565,0.030359707903652278,0.15924903274517738,0.08144796380090498,0,0.13874899516983444,0.3531059339114651,1.4326244708905067,0.567392556872609,0.0,0.9090909090909091,0.0,0.1,0.0,0.1,0.0,0.08,0.049773755656108594,0.25308301091505914,0.25308301091505914
385,0.9805397085656813,0.49689306455140675,0.9178302616011514,0.5052583827647402,0.23632945151062196,0.4946426040485358,0.8190045248868778,0.42662999552158215,0.4358204614091415,0.12217194570135746,0.5171428571428571,0.3937638759458803,0.4073453361656585,0.08857142857142856,0.02262443438914027,0.017142857142857144,0.36857142857142855,14.251428571428571,0.02262443438914027,0.0,0.03651587309219078,0.11994444673900978,4.099547511312217,0.01495260293803678,0.029462469557007154,0.15897156176282207,0.08144796380090498,0,0.13825482233684241,0.3513404042419078,1.4211148386155539,0.5560447057351567,0.0,1.0,0.0,0.1,0.0,0.1,0.0,0.08,0.02262443438914027,0.25299052058760735,0.25299052058760735
386,0.9819633044899103,0.49637678667905544,0.918729160741879,0.5046460458772465,0.23632945151062196,0.49477200479034145,0.8280542986425339,0.42662999552158215,0.4358204614091415,0.12217194570135746,0.5228571428571429,0.3937638759458803,0.4073453361656585,0.08857142857142856,0.03167420814479638,0.022857142857142857,0.36857142857142855,14.28,0.02262443438914027,0.0,0.03658429777280484,0.11989710381131054,4.099547511312217,0.014504024849895677,0.02859135511283384,0.1587024149099374,0.08144796380090498,0,0.13776326251087248,0.3495837022206983,1.4155496847003854,0.5449238116204536,0.0,1.0,0.0,0.1,0.0,0.1,0.0,0.08,0.03167420814479638,0.25290080496997913,0.25290080496997913
387,0.9814283204796904,0.4956946116856954,0.9183913565525686,0.5038281786902622,0.23632945151062196,0.4949293481985034,0.8687782805429864,0.42662999552158215,0.4358204614091415,0.12217194570135746,0.5485714285714286,0.3937638759458803,0.4073453361656585,0.08857142857142856,0.058823529411764705,0.037142857142857144,0.36857142857142855,14.271428571428572,0.02262443438914027,0.0,0.03665086655256746,0.1198511811714424,4.099547511312217,0.014068904104398806,0.02774562706489825,0.15844134246263927,0.08144796380090498,0,0.1376707497127109,0.3478357837095948,1.4243815481492348,0.5340253353880445,0.0,1.0,0.0,0.1,0.0,0.1,0.0,0.08,0.058823529411764705,0.25281378082087974,0.25281378082087974
388,0.9804423304649953,0.49435101091690514,0.9177687742861469,0.5032802630536406,0.23632945151062196,0.4950306014484043,0.8642533936651584,0.42662999552158215,0.4358204614091415,0.12217194570135746,0.5457142857142857,0.3937638759458803,0.4073453361656585,0.08857142857142856,0.04524886877828054,0.03142857142857143,0.36857142857142855,14.274285714285714,0.02262443438914027,0.0,0.036715623840721176,0.11980663621077016,4.099547511312217,0.013646836981266841,0.02692456735907056,0.1581881021887601,0.08144796380090498,0,0.13723939596414733,0.3460966047910468,1.4273224886148215,0.5233448286802835,0.0,1.0,0.0,0.1,0.0,0.1,0.0,0.08,0.04524886877828054,0.25272936739625335,0.25272936739625335
389,0.9807471371348399,0.4940917686510808,0.9179612379262487,0.502801309495058,0.23632945151062196,0.4950186103043155,0.8416289592760181,0.42662999552158215,0.4358204614091415,0.12217194570135746,0.5314285714285715,0.3937638759458803,0.4073453361656585,0.08857142857142856,0.05429864253393665,0.03428571428571429,0.36857142857142855,14.262857142857143,0.02262443438914027,0.0,0.03677861334829461,0.1197634275989182,4.099547511312217,0.013237431871828836,0.026127476962740204,0.1579424591230973,0.08144796380090498,0,0.13678162755575515,0.3443661217670916,1.4330617531282395,0.5128779321066779,0.0,1.0,0.0,0.1,0.0,0.1,0.0,0.08,0.05429864253393665,0.2526474863743658,0.2526474863743658
390,0.9813341996530772,0.4935277160594791,0.9183319259734786,0.5023394924378232,0.23632945151062196,0.49495012165794255,0.8280542986425339,0.4267204932591388,0.4358883347123089,0.12217194570135746,0.5228571428571429,0.3938210188030233,0.40738819330851567,0.08857142857142856,0.04072398190045249,0.025714285714285714,0.36857142857142855,14.28,0.02262443438914027,0.0,0.0368398780743504,0.1197215152454218,4.099547511312217,0.01284030891567397,0.025353675438536172,0.15770418534940436,0.08144796380090498,0,0.13675429156083355,0.3495123091926166,1.4301148037799603,0.5205355190154402,0.0,0.8888888888888888,0.0,0.1,0.0,0.1,0.0,0.08,0.04072398190045249,0.2525680617831348,0.2525680617831348
391,0.9828547181284606,0.49518618957271776,0.9192920247822207,0.503336031558587,0.23632945151062196,0.49495828410578285,0.8733031674208145,0.42681099099669534,0.43595620801547624,0.12217194570135746,0.5514285714285714,0.3938781616601661,0.4074310504513728,0.08857142857142856,0.04524886877828054,0.03142857142857143,0.36857142857142855,14.291428571428572,0.02262443438914027,0.0,0.03689946029445536,0.11968086026253026,4.099547511312217,0.012455099648203752,0.02460250052269808,0.15747305978892223,0.08144796380090498,0,0.13686952081731507,0.35155452108690727,1.4329410791329324,0.5101248086351313,0.0,0.9090909090909091,0.0,0.1,0.0,0.1,0.0,0.08,0.04524886877828054,0.25249101992964074,0.25249101992964074
392,0.9822896338771008,0.493502523261794,0.918935214440648,0.5018142205395025,0.23632945151062196,0.4951310700204676,0.8416289592760181,0.42681099099669534,0.43595620801547624,0.12217194570135746,0.5314285714285715,0.3938781616601661,0.4074310504513728,0.08857142857142856,0.04072398190045249,0.025714285714285714,0.36857142857142855,14.294285714285714,0.02262443438914027,0.0,0.03695740155121996,0.11964142492912543,4.099547511312217,0.01208144665875764,0.023873307708403013,0.1572488679952546,0.08144796380090498,0,0.13641345892751422,0.34979674848147274,1.4299965432645594,0.4999223124624287,0.0,1.0,0.0,0.1,0.0,0.1,0.0,0.08,0.04072398190045249,0.25241628933175153,0.25241628933175153
393,0.9831727525145418,0.4946274261396741,0.9194928407802891,0.5027395206385612,0.23632945151062196,0.4951123518290011,0.8144796380090498,0.42681099099669534,0.43595620801547624,0.12217194570135746,0.5142857142857142,0.3938781616601661,0.4074310504513728,0.08857142857142856,0.027149321266968326,0.02,0.36857142857142855,14.294285714285714,0.02262443438914027,0.0,0.03701374264676233,0.11960317265572273,4.099547511312217,0.01171900325899491,0.02316546983432588,0.15703140195539694,0.08144796380090498,0,0.13584567734716235,0.3480477647390654,1.421396612399268,0.48992386621318007,0.0,1.0,0.0,0.1,0.0,0.1,0.0,0.08,0.027149321266968326,0.25234380065179896,0.25234380065179896
394,0.9830510233872536,0.4947423686471564,0.9194159775313442,0.5026141988724573,0.23632945151062196,0.4950534949894695,0.8461538461538461,0.42681099099669534,0.43595620801547624,0.12217194570135746,0.5342857142857143,0.3938781616601661,0.4074310504513728,0.08857142857142856,0.027149321266968326,0.017142857142857144,0.36857142857142855,14.285714285714286,0.02262443438914027,0.0,0.037068523636959574,0.11956606795052221,4.099547511312217,0.011367433161225063,0.022478376678675915,0.15682045989673504,0.08144796380090498,0,0.1352805918175694,0.34630752591537006,1.41011153729414,0.4801253888889165,0.0,1.0,0.0,0.1,0.0,0.1,0.0,0.08,0.027149321266968326,0.252273486632245,0.252273486632245
395,0.9816810778392289,0.49523209403263907,0.91855095477102,0.5025087036411563,0.23632945151062196,0.49512916078995167,0.8506787330316742,0.42681099099669534,0.43595620801547624,0.12217194570135746,0.5371428571428571,0.3938781616601661,0.4074310504513728,0.08857142857142856,0.03167420814479638,0.022857142857142857,0.36857142857142855,14.271428571428572,0.01809954751131222,0.0,0.037121783827356196,0.1195300763864777,4.099547511312217,0.01102641016638831,0.02181143455892587,0.15661584609983298,0.08144796380090498,0,0.13514348811921373,0.3445759882857932,1.4047664494054002,0.4705228811111381,0.0,1.0,0.0,0.1,0.0,0.1,0.0,0.08,0.03167420814479638,0.2522052820332777,0.2522052820332777
396,0.9816171929519457,0.49668589205178,0.9185106160279072,0.5033626326073743,0.23632945151062196,0.4953956924861598,0.8461538461538461,0.4269014887342519,0.43602408131864373,0.12217194570135746,0.5342857142857143,0.3939353045173089,0.40747390759422986,0.08857142857142856,0.03619909502262444,0.025714285714285714,0.36857142857142855,14.271428571428572,0.01809954751131222,0.0,0.03717356177060731,0.11949516456935448,4.099547511312217,0.01069561786139666,0.02116406593742237,0.15641737071683798,0.08144796380090498,0,0.13512448567861762,0.3428531083443642,1.4023854061315777,0.4667580578389513,0.0,0.8888888888888888,0.0,0.1,0.0,0.1,0.0,0.08,0.03619909502262444,0.25213912357227936,0.25213912357227936
397,0.9811130531262543,0.4959972039066903,0.9181079392155068,0.5023189915080566,0.23632945151062196,0.4958035220697963,0.8045454545454546,0.4268619801292068,0.4362998634165822,0.12272727272727273,0.5057142857142857,0.3939353045173089,0.40747390759422986,0.08857142857142856,0.04090909090909091,0.025714285714285714,0.37142857142857144,14.28,0.013636363636363636,0.002857142857142857,0.03723555141114402,0.11946130010674497,4.0636363636363635,0.01037474932555476,0.020535709033042693,0.15622484959533284,0.08181818181818182,0,0.13481787748247442,0.3411388428026424,1.4000519837232315,0.4574228966821723,0.0,1.0,0.0,0.1,0.0,0.1,0.0,0.08,0.04072398190045249,0.252074949865111,0.252074949865111
398,0.9816153029555026,0.4967709164639457,0.918423639108177,0.5032637597842374,0.23632945151062196,0.4960625016517521,0.8409090909090909,0.4270437983110249,0.4364362270529459,0.12272727272727273,0.5285714285714286,0.39404959023159464,0.40755962187994416,0.08857142857142856,0.05,0.03428571428571429,0.37142857142857144,14.285714285714286,0.013636363636363636,0.0,0.037316027104486685,0.11942845157801371,4.0636363636363635,0.010063506845788116,0.01992581743903754,0.15603810410747287,0.08181818181818182,0,0.1349136523629371,0.33943314858862916,1.4063366583344814,0.47020646240110525,0.0,0.9166666666666666,0.0,0.1,0.0,0.1,0.0,0.08,0.05,0.2520127013691576,0.2520127013691576
399,0.981707891545539,0.4963568940901974,0.9184818376504855,0.5031065425080934,0.23632945151062196,0.49634722156935257,0.8681818181818182,0.4270437983110249,0.4364362270529459,0.12272727272727273,0.5457142857142857,0.39404959023159464,0.40755962187994416,0.08857142857142856,0.04090909090909091,0.025714285714285714,0.37142857142857144,14.288571428571428,0.013636363636363636,0.0,0.03736367159583122,0.11939658850514444,4.0636363636363635,0.009761601640414473,0.01933385974717905,0.15585696098424867,0.08181818181818182,0,0.13452422767255098,0.337735982845686,1.4039242108820775,0.4608023331530831,0.0,1.0,0.0,0.1,0.0,0.1,0.0,0.08,0.04090909090909091,0.2519523203280829,0.2519523203280829
400,0.9809234531055291,0.4960082489961759,0.9179887620596222,0.5025933968694076,0.23632945151062196,0.49671207328307543,0.8318181818181818,0.42713470740193404,0.4365044088711276,0.12272727272727273,0.5228571428571429,0.39410673308873756,0.40760247902280133,0.08857142857142856,0.045454545454545456,0.02857142857142857,0.37142857142857144,14.291428571428572,0.013636363636363636,0.0,0.037409977954349326,0.11936568132446122,4.0636363636363635,0.009468753591202039,0.01875931917831508,0.15568125215472123,0.08181818181818182,0,0.13448003510561676,0.33604730293145757,1.4044171552358644,0.4645484568620834,0.0,0.9,0.0,0.1,0.0,0.1,0.0,0.08,0.045454545454545456,0.2518937507182404,0.2518937507182404
401,0.9823193722542605,0.4964350896382536,0.9188661969531106,0.5026481315806721,0.23632945151062196,0.49691774625335994,0.8363636363636363,0.42713470740193404,0.4365044088711276,0.12272727272727273,0.5257142857142857,0.39410673308873756,0.40760247902280133,0.08857142857142856,0.05909090909090909,0.037142857142857144,0.37142857142857144,14.294285714285714,0.013636363636363636,0.0,0.03745498104555972,0.11933570135919845,4.0636363636363635,0.009184690983465978,0.01820169321940779,0.1555108145900796,0.08181818181818182,0,0.13431978562653513,0.3343670664168003,1.4134716692740044,0.4552574877248417,0.0,1.0,0.0,0.1,0.0,0.1,0.0,0.08,0.05909090909090909,0.25183693819669317,0.25183693819669317
402,0.9813115432422628,0.496630598168018,0.9182327044312834,0.5032518186157583,0.23632945151062196,0.4970317048512697,0.8227272727272728,0.4273165255837522,0.4366407725074913,0.12272727272727273,0.5171428571428571,0.39422101880302324,0.40768819330851563,0.08857142857142856,0.05,0.03142857142857143,0.37142857142857144,14.311428571428571,0.013636363636363636,0.0,0.03749871499123473,0.11930662079289366,4.0636363636363635,0.008909150253961998,0.01766049326712238,0.1553454901523772,0.08181818181818182,0,0.13424818669840244,0.33322654096858967,1.4166308073170957,0.44615233797034487,0.0,0.9090909090909091,0.0,0.1,0.0,0.1,0.0,0.08,0.05,0.2517818300507924,0.2517818300507924
403,0.9812361437421683,0.4960701404500791,0.9181853104597955,0.5028039755167997,0.23632945151062196,0.4969897848968026,0.8181818181818182,0.4273165255837522,0.4366407725074913,0.12272727272727273,0.5142857142857142,0.39422101880302324,0.40768819330851563,0.08857142857142856,0.04090909090909091,0.025714285714285714,0.37142857142857144,14.325714285714286,0.013636363636363636,0.0,0.037541213174701264,0.11927841264357794,4.0636363636363635,0.008641875746343139,0.017135244278011386,0.15518512544780588,0.08181818181818182,0,0.13377666005062472,0.33156040826374666,1.4140124768850393,0.4372292912109379,0.0,1.0,0.0,0.1,0.0,0.1,0.0,0.08,0.04090909090909091,0.2517283751492686,0.2517283751492686
404,0.9796408921603124,0.4956789189126725,0.9171825808940574,0.5027410781467024,0.23632945151062196,0.49684895812431307,0.8454545454545455,0.4273165255837522,0.4366407725074913,0.12272727272727273,0.5314285714285715,0.39422101880302324,0.40768819330851563,0.08857142857142856,0.03636363636363636,0.022857142857142857,0.37142857142857144,14.325714285714286,0.013636363636363636,0.0,0.03758250824691376,0.11925105073874165,4.0636363636363635,0.008382619473952845,0.01662548442532863,0.1550295716843717,0.08181818181818182,0,0.13336434889322873,0.32990260622242795,1.4085893702044814,0.4284847053867192,0.0,1.0,0.0,0.1,0.0,0.1,0.0,0.08,0.03636363636363636,0.25167652389479056,0.25167652389479056
405,0.9791625787821614,0.49752254243082733,0.9168819267706483,0.5034076743697523,0.23632945151062196,0.4966847361204295,0.8772727272727273,0.4273165255837522,0.4366407725074913,0.12272727272727273,0.5514285714285714,0.39422101880302324,0.40768819330851563,0.08857142857142856,0.04090909090909091,0.025714285714285714,0.37142857142857144,14.331428571428571,0.013636363636363636,0.0,0.037622632133227904,0.11922450969105056,4.0636363636363635,0.008131140889734259,0.016130764762490424,0.15487868453384054,0.08181818181818182,0,0.13295409929161972,0.32825309319131585,1.4061318685146775,0.4199150112789848,0.0,1.0,0.0,0.1,0.0,0.1,0.0,0.08,0.04090909090909091,0.25162622817794683,0.25162622817794683
406,0.9781117666838701,0.49792950164082084,0.9161300547247073,0.5030387240356586,0.23632945151062196,0.4967559326585459,0.8401826484018264,0.42714181993344147,0.43763052427640403,0.1232876712328767,0.5257142857142857,0.39422101880302324,0.40768819330851563,0.08857142857142856,0.0136986301369863,0.011428571428571429,0.3742857142857143,14.342857142857143,0.0091324200913242,0.002857142857142857,0.03773312254262053,0.11919876487479016,3.990867579908676,0.007887206663042231,0.015650648893192565,0.15473232399782533,0.0821917808219178,0,0.1325169030773045,0.32661182772535924,1.3894378025729555,0.41151671105340504,0.0,1.0,0.0,0.1,0.0,0.1,0.0,0.08,0.013636363636363636,0.25157744133260845,0.25157744133260845
407,0.9791296562210943,0.4980308421703393,0.9167669627494276,0.5034734803183027,0.23632945151062196,0.49683635899619544,0.8493150684931506,0.4274157925361812,0.4378360037284588,0.1278538812785388,0.5314285714285715,0.39439244737445184,0.4078167647370871,0.09142857142857143,0.045662100456621,0.02857142857142857,0.3742857142857143,14.354285714285714,0.0091324200913242,0.0,0.03779575533789012,0.11917379240301762,3.990867579908676,0.007650590463150964,0.01518471264817578,0.15459035427789058,0.0821917808219178,0,0.1331086192227393,0.3249787685867324,1.3902204750929248,0.42985668702265445,0.0,0.8,0.0,0.1,0.0,0.1,0.0,0.08,0.045662100456621,0.2515301180926302,0.2515301180926302
408,0.9791445240577032,0.4975669035578206,0.9167762657671916,0.5028496352132884,0.23632945151062196,0.49692248348206725,0.8310502283105022,0.42750711673709446,0.4379044968791438,0.1278538812785388,0.52,0.3944495902315946,0.40785962187994423,0.09142857142857143,0.0365296803652968,0.022857142857142857,0.3742857142857143,14.348571428571429,0.0091324200913242,0.0,0.03783270265442455,0.11914956910539815,3.990867579908676,0.0074210727492564355,0.014732543768625317,0.15445264364955386,0.0821917808219178,0,0.13312807684091135,0.32335387474379873,1.3852732084482093,0.4212595532822014,0.0,0.875,0.0,0.1,0.0,0.1,0.0,0.08,0.0365296803652968,0.25148421454985126,0.25148421454985126
409,0.9797689288993373,0.4987664964277324,0.9171669647966713,0.5035913162691679,0.23632945151062196,0.49703304822741623,0.8356164383561644,0.42750711673709446,0.4379044968791438,0.1278538812785388,0.5228571428571429,0.3944495902315946,0.40785962187994423,0.09142857142857143,0.0319634703196347,0.02,0.3742857142857143,14.357142857142858,0.0091324200913242,0.0,0.03786859497052483,0.11912607250670736,3.990867579908676,0.007198440566778742,0.014293741596179688,0.15431906434006723,0.0821917808219178,0,0.13274701073884965,0.32173710537007977,1.377567744279245,0.41283436221655734,0.0,1.0,0.0,0.1,0.0,0.1,0.0,0.08,0.0319634703196347,0.25143968811335576,0.25143968811335576
410,0.9798081472226596,0.4988950433391845,0.9171915042618356,0.5038988001598866,0.23632945151062196,0.4972405658573571,0.8264840182648402,0.42750711673709446,0.4379044968791438,0.1278538812785388,0.5171428571428571,0.3944495902315946,0.40785962187994423,0.09142857142857143,0.0273972602739726,0.017142857142857144,0.3742857142857143,14.354285714285714,0.0091324200913242,0.0,0.03790346082820343,0.11910328080597725,3.990867579908676,0.0069824873497753796,0.013867916769512711,0.1541894924098652,0.0821917808219178,0,0.13242456496729824,0.3201284198432294,1.3671592465365172,0.4045776749722262,0.0,1.0,0.0,0.1,0.0,0.1,0.0,0.08,0.0273972602739726,0.25139649746995507,0.25139649746995507
411,0.9803674408312192,0.49877145580695054,0.91754146226262,0.5038132635500968,0.23632945151062196,0.49735847207188993,0.8264840182648402,0.42750711673709446,0.4379044968791438,0.1278538812785388,0.5171428571428571,0.3944495902315946,0.40785962187994423,0.09142857142857143,0.045662100456621,0.03142857142857143,0.3742857142857143,14.36,0.0091324200913242,0.0,0.03793732809261092,0.11908117285626907,3.990867579908676,0.006773012729282118,0.013454690927448443,0.15406380763756927,0.0821917808219178,0,0.13199072785674745,0.3185277777440132,1.3712446330343584,0.3964861214727816,0.0,1.0,0.0,0.1,0.0,0.1,0.0,0.08,0.045662100456621,0.2513546025458564,0.2513546025458564
412,0.9814336789217318,0.49906519743667543,0.9182086226678265,0.5039547263993893,0.23632945151062196,0.49745129707759744,0.7945205479452054,0.42750711673709446,0.4379044968791438,0.1278538812785388,0.49714285714285716,0.3944495902315946,0.40785962187994423,0.09142857142857143,0.0319634703196347,0.022857142857142857,0.3742857142857143,14.368571428571428,0.0091324200913242,0.0,0.03797022396211347,0.11905972814505206,3.990867579908676,0.006569822347403655,0.013053696418557914,0.1539418934084422,0.0821917808219178,0,0.13153034636032085,0.3169351388552931,1.3666768832308138,0.388556399043326,0.0,1.0,0.0,0.1,0.0,0.1,0.0,0.08,0.0319634703196347,0.25131396446948073,0.25131396446948073
413,0.9812517569778489,0.49984742793476267,0.9180947915086541,0.5044338034791462,0.23632945151062196,0.4975875834526797,0.821917808219178,0.42750711673709446,0.4379044968791438,0.1278538812785388,0.5142857142857142,0.3944495902315946,0.40785962187994423,0.09142857142857143,0.0228310502283105,0.014285714285714285,0.3742857142857143,14.368571428571428,0.0091324200913242,0.0,0.03800217497863973,0.11903892677517164,3.990867579908676,0.006372727676981545,0.01266457601718185,0.15382363660618892,0.0821917808219178,0,0.1310432689106621,0.31535046316101667,1.3536290598519118,0.38078527106245946,0.0,1.0,0.0,0.1,0.0,0.1,0.0,0.08,0.0228310502283105,0.2512745455353963,0.2512745455353963
414,0.9821367235758933,0.4996674378402746,0.9186485277514304,0.50431969828559,0.23632945151062196,0.4978829893111253,0.863013698630137,0.42750711673709446,0.4379044968791438,0.1278538812785388,0.54,0.3944495902315946,0.40785962187994423,0.09142857142857143,0.0547945205479452,0.03428571428571429,0.3742857142857143,14.377142857142857,0.0136986301369863,0.0,0.038033207038258354,0.11901874944638763,3.990867579908676,0.006181545846672099,0.012286982645817623,0.15370892750800325,0.0821917808219178,0,0.13095578465193014,0.31377371084521155,1.3608421929405878,0.37316956564121023,0.0,1.0,0.0,0.1,0.0,0.1,0.0,0.08,0.0547945205479452,0.2512363091693344,0.2512363091693344
415,0.9811059262902834,0.4996696148316855,0.9180035431641487,0.5038806239673557,0.23632945151062196,0.498175773304038,0.821917808219178,0.42750711673709446,0.4379044968791438,0.1278538812785388,0.5142857142857142,0.3944495902315946,0.40785962187994423,0.09142857142857143,0.0228310502283105,0.014285714285714285,0.3742857142857143,14.388571428571428,0.0136986301369863,0.0,0.038063345401949646,0.11899917743746703,3.990867579908676,0.005996099471271936,0.011920579103801288,0.15359765968276315,0.0821917808219178,0,0.13041529144295622,0.3122048422909855,1.3479110633674904,0.36570617432838604,0.0,1.0,0.0,0.1,0.0,0.1,0.0,0.08,0.0228310502283105,0.25119921989425437,0.25119921989425437
416,0.981172132417102,0.49943465041515894,0.9180449692835009,0.5034813630868836,0.23632945151062196,0.49842570615325976,0.8401826484018264,0.42750711673709446,0.4379044968791438,0.1278538812785388,0.5257142857142857,0.3944495902315946,0.40785962187994423,0.09142857142857143,0.0502283105022831,0.03142857142857143,0.3742857142857143,14.40857142857143,0.0136986301369863,0.0,0.03809261470653774,0.11898019258881415,3.990867579908676,0.005816216487133778,0.011565037802213185,0.15348972989228027,0.0821917808219178,0,0.1301329363964736,0.31064381807953056,1.3523814135287122,0.3583920508418183,0.0,1.0,0.0,0.1,0.0,0.1,0.0,0.08,0.0502283105022831,0.25116324329742673,0.25116324329742673
417,0.9818747631465424,0.5004585863480707,0.9184846153684938,0.50403490385493,0.23632945151062196,0.49874312287003497,0.8721461187214612,0.42750711673709446,0.4379044968791438,0.1278538812785388,0.5457142857142857,0.3944495902315946,0.40785962187994423,0.09142857142857143,0.0319634703196347,0.02,0.3742857142857143,14.417142857142856,0.0136986301369863,0.0,0.038121038975752204,0.11896177728562085,3.990867579908676,0.005641729992519764,0.011220040504929751,0.15338503799551184,0.0821917808219178,0,0.12965327242877692,0.30909059898913294,1.3453337852581377,0.3512242098249819,0.0,1.0,0.0,0.1,0.0,0.1,0.0,0.08,0.0319634703196347,0.251128345998504,0.251128345998504
418,0.9808418360717703,0.5004183020318358,0.9178382981417077,0.5038986678341564,0.23632945151062196,0.4990276083620685,0.863013698630137,0.42768976513892093,0.43804148318051367,0.1278538812785388,0.54,0.3945638759458804,0.40794533616565853,0.09142857142857143,0.0410958904109589,0.02857142857142857,0.3742857142857143,14.43142857142857,0.0136986301369863,0.0,0.03814864163138975,0.11894391444152336,3.990867579908676,0.005472478092744171,0.010885278075740024,0.1532834868556465,0.0821917808219178,0,0.13009029178091877,0.32660355674860536,1.3469985381244036,0.4134675369495886,0.0,0.8,0.0,0.1,0.0,0.1,0.0,0.08,0.0410958904109589,0.25109449561854885,0.25109449561854885
419,0.97917591061867,0.5005430438141242,0.9167959047867679,0.5041664641588071,0.23632945151062196,0.49931784153984315,0.821917808219178,0.42814638614348716,0.43838394893393834,0.1278538812785388,0.5142857142857142,0.3948495902315946,0.40815962187994426,0.09142857142857143,0.0502283105022831,0.03142857142857143,0.3742857142857143,14.448571428571428,0.0136986301369863,0.0,0.03817544550454992,0.11892658748274877,3.990867579908676,0.0053083037499618456,0.01056045023144403,0.1531849822499771,0.0821917808219178,0,0.13089684032201415,0.3359576402924325,1.3514871387904865,0.539161838255816,0.0,0.7272727272727273,0.0,0.1,0.0,0.1,0.0,0.08,0.0502283105022831,0.25106166074999237,0.25106166074999237
420,0.9798929625372131,0.5000885474933381,0.9172445744157991,0.5042917744284959,0.23632945151062196,0.4997169889714345,0.8447488584474886,0.42814638614348716,0.43838394893393834,0.1278538812785388,0.5285714285714286,0.3948495902315946,0.40815962187994426,0.09142857142857143,0.0547945205479452,0.037142857142857144,0.3742857142857143,14.457142857142857,0.0136986301369863,0.0,0.038201472846919354,0.11890978033273744,3.990867579908676,0.00514905463746299,0.01024526530084413,0.15308943278247777,0.0821917808219178,0,0.13092098438579436,0.3342778520909704,1.3616002531575344,0.5283786014906997,0.0,1.0,0.0,0.1,0.0,0.1,0.0,0.08,0.0547945205479452,0.2510298109274926,0.2510298109274926
421,0.9807666829798249,0.5013611646066335,0.9177912737784621,0.5049975767975983,0.23632945151062196,0.49999937981188364,0.8493150684931506,0.4283290345453136,0.4385209352353082,0.1278538812785388,0.5314285714285715,0.39496387594588034,0.40824533616565856,0.09142857142857143,0.0547945205479452,0.03428571428571429,0.3742857142857143,14.471428571428572,0.0136986301369863,0.0,0.03822674534208242,0.11889347739722636,3.990867579908676,0.0049945829983391,0.009939439989540277,0.15299674979900346,0.0821917808219178,0,0.13092337946386537,0.33260646283051554,1.3686539623800977,0.5341486782469456,0.0,0.9166666666666666,0.0,0.1,0.0,0.1,0.0,0.08,0.0547945205479452,0.25099891659966783,0.25099891659966783
422,0.9808530203229563,0.4999505693095275,0.9178452962874498,0.5041510591996136,0.23632945151062196,0.5002899023195306,0.863013698630137,0.4283290345453136,0.4385209352353082,0.1278538812785388,0.54,0.39496387594588034,0.40824533616565856,0.09142857142857143,0.0136986301369863,0.008571428571428572,0.3742857142857143,14.468571428571428,0.0136986301369863,0.0,0.03825128411683686,0.11887766354978072,3.990867579908676,0.004844745508388927,0.00964269915043725,0.15290684730503334,0.0821917808219178,0,0.13035447685226034,0.330943430516363,1.3498523117039245,0.5234657046820066,0.0,1.0,0.0,0.1,0.0,0.1,0.0,0.08,0.0136986301369863,0.2509689491016778,0.2509689491016778
423,0.9795984891999578,0.4996814270623068,0.9170603182419164,0.5039012841366846,0.23632945151062196,0.5003019007351985,0.8264840182648402,0.4283290345453136,0.4385209352353082,0.1278538812785388,0.5171428571428571,0.39496387594588034,0.40824533616565856,0.09142857142857143,0.0502283105022831,0.037142857142857144,0.3742857142857143,14.494285714285715,0.0136986301369863,0.0,0.03827510975249556,0.1188623241177584,3.990867579908676,0.0046994031431372586,0.009354775559869521,0.15281964188588235,0.0821917808219178,0,0.13007299161085617,0.3292887133637811,1.359998122612703,0.5129963905883665,0.0,1.0,0.0,0.1,0.0,0.1,0.0,0.08,0.0502283105022831,0.25093988062862743,0.25093988062862743
424,0.9801827337858189,0.5001360834506899,0.917425888425641,0.5041890786851515,0.23632945151062196,0.5002265685104459,0.8127853881278538,0.4283290345453136,0.4385209352353082,0.1278538812785388,0.5085714285714286,0.39496387594588034,0.40824533616565856,0.09142857142857143,0.045662100456621,0.02857142857142857,0.3742857142857143,14.5,0.0136986301369863,0.0,0.03829824229615625,0.11884744486869678,3.990867579908676,0.0045584210488431405,0.00907540969924825,0.15273505262930587,0.0821917808219178,0,0.12984779509960484,0.32764226979696226,1.3613695887318775,0.5027364627765992,0.0,1.0,0.0,0.1,0.0,0.1,0.0,0.08,0.045662100456621,0.2509116842097686,0.2509116842097686
425,0.9806034682291733,0.49981393252495737,0.91768914797734,0.5038328965802865,0.23632945151062196,0.5002189348073464,0.7808219178082192,0.4283290345453136,0.4385209352353082,0.1278538812785388,0.48857142857142855,0.39496387594588034,0.40824533616565856,0.09142857142857143,0.0502283105022831,0.03142857142857143,0.3742857142857143,14.502857142857144,0.0136986301369863,0.0,0.03832070127192371,0.11883301199710702,3.990867579908676,0.004421668417377846,0.008804349542133605,0.1526530010504267,0.0821917808219178,0,0.12948327326339254,0.3260040584479774,1.3655707683858114,0.4926817335210672,0.0,1.0,0.0,0.1,0.0,0.1,0.0,0.08,0.0502283105022831,0.25088433368347557,0.25088433368347557
426,0.9814198552670124,0.4990366298594036,0.9181999730095878,0.5034184320748256,0.23632945151062196,0.5001147804088133,0.7899543378995434,0.4286030071480533,0.438726414687363,0.1278538812785388,0.4942857142857143,0.39513530451730894,0.40837390759422987,0.09142857142857143,0.0365296803652968,0.025714285714285714,0.3742857142857143,14.514285714285714,0.0136986301369863,0.0,0.03834250569206882,0.11881901211166486,3.990867579908676,0.004289018364856511,0.008541350346634835,0.1525734110189139,0.0821917808219178,0,0.12986428546850415,0.3243740381557375,1.3639736387323806,0.5403636395278805,0.0,0.7777777777777778,0.0,0.1,0.0,0.1,0.0,0.08,0.0365296803652968,0.2508578036729713,0.2508578036729713
427,0.9816908478235964,0.4999274907778544,0.9183695369235647,0.5041347436656166,0.23632945151062196,0.500155722113767,0.7899543378995434,0.4286030071480533,0.438726414687363,0.1278538812785388,0.4942857142857143,0.39513530451730894,0.40837390759422987,0.09142857142857143,0.0228310502283105,0.017142857142857144,0.3742857142857143,14.537142857142857,0.0136986301369863,0.0,0.03836367406811195,0.11880543222278606,3.990867579908676,0.0041603478139108155,0.008286174453038697,0.15249620868834649,0.0821917808219178,0,0.12947153618401877,0.3227521679649588,1.3538370231005905,0.5295563667373229,0.0,1.0,0.0,0.1,0.0,0.1,0.0,0.08,0.0228310502283105,0.25083206956278215,0.25083206956278215
428,0.9817360699620309,0.49990550451050014,0.9183978330616136,0.5044734598389452,0.23632945151062196,0.5001435066447719,0.8447488584474886,0.42878565554987974,0.4388634009887329,0.1278538812785388,0.5285714285714286,0.3952495902315947,0.4084596218799442,0.09142857142857143,0.0365296803652968,0.025714285714285714,0.3742857142857143,14.548571428571428,0.0136986301369863,0.0,0.0383842244218177,0.11879225973057359,3.990867579908676,0.004035537379493491,0.008038591086568347,0.1524213224276961,0.0821917808219178,0,0.1293954642173844,0.3318834196497592,1.3524745683528643,0.5189652394025764,0.0,0.8888888888888888,0.0,0.1,0.0,0.1,0.0,0.08,0.0365296803652968,0.2508071074758987,0.2508071074758987
429,0.9826254754071032,0.4997001461353887,0.9189543467543874,0.5043586379219835,0.23632945151062196,0.5000607028460848,0.8310502283105022,0.42878565554987974,0.4388634009887329,0.1278538812785388,0.52,0.3952495902315947,0.4084596218799442,0.09142857142857143,0.0410958904109589,0.025714285714285714,0.3742857142857143,14.557142857142857,0.0182648401826484,0.0,0.03840417429609038,0.11877948241312748,3.990867579908676,0.003914471258108686,0.007798376165171983,0.1523486827548652,0.0821917808219178,0,0.1291449368249938,0.3302240025515104,1.3511393627000925,0.508585934614525,0.0,1.0,0.0,0.1,0.0,0.1,0.0,0.08,0.0410958904109589,0.25078289425162176,0.25078289425162176
430,0.9826764677166686,0.49980076200597123,0.9189862533709441,0.5045471964254825,0.23632945151062196,0.4999775697909341,0.8264840182648402,0.42878565554987974,0.4388634009887329,0.1278538812785388,0.5171428571428571,0.3952495902315947,0.4084596218799442,0.09142857142857143,0.0319634703196347,0.022857142857142857,0.3742857142857143,14.565714285714286,0.0182648401826484,0.0,0.03842354076576017,0.11876708841520477,3.990867579908676,0.0037970371203654256,0.007565312112242317,0.15227822227221924,0.0821917808219178,0,0.12875549928372598,0.32857288253875283,1.3469737183032335,0.4984142159222344,0.0,1.0,0.0,0.1,0.0,0.1,0.0,0.08,0.0319634703196347,0.2507594074240731,0.2507594074240731
431,0.9820875887662455,0.4999206380248947,0.918617783399108,0.5044734076190618,0.23632945151062196,0.49998299676565117,0.867579908675799,0.42878565554987974,0.4388634009887329,0.1278538812785388,0.5428571428571428,0.3952495902315947,0.4084596218799442,0.09142857142857143,0.0319634703196347,0.02,0.3742857142857143,14.58,0.0182648401826484,0.0,0.03844234044825082,0.11875506623721974,3.990867579908676,0.0036831260067544625,0.007339187674166858,0.15220987560405266,0.0821917808219178,0,0.12825443607302164,0.32693001812605904,1.3400342439371689,0.4884459316037897,0.0,1.0,0.0,0.1,0.0,0.1,0.0,0.08,0.0319634703196347,0.25073662520135087,0.25073662520135087
432,0.9812592560174883,0.499914072508203,0.9178406675106885,0.5043094668856408,0.23632945151062196,0.49983819129348284,0.8394495412844036,0.42920899900452747,0.43938618528596024,0.12844036697247707,0.5228571428571429,0.3952495902315947,0.4084596218799442,0.09142857142857143,0.045871559633027525,0.03142857142857143,0.37714285714285717,14.585714285714285,0.013761467889908258,0.002857142857142857,0.03847057973986634,0.1187434047245743,3.9724770642201834,0.0035726322265518286,0.007119797742611067,0.1521435793359311,0.08256880733944955,0,0.12806661805374522,0.32529536803542874,1.344662130486997,0.4786770129717139,0.0,1.0,0.0,0.1,0.0,0.1,0.0,0.08,0.0502283105022831,0.2507145264453104,0.2507145264453104
433,0.9828231951168397,0.49971057899809407,0.9188147781497131,0.5043776133061324,0.23632945151062196,0.4995434321959689,0.8211009174311926,0.42930074212379354,0.43945499262540977,0.12844036697247707,0.5114285714285715,0.3953067330887375,0.40850247902280135,0.09142857142857143,0.05504587155963303,0.03428571428571429,0.37714285714285717,14.602857142857143,0.013761467889908258,0.0,0.03850197884312008,0.11873209305730817,3.9724770642201834,0.0034654532597552736,0.006906943181432812,0.15207927195585316,0.0779816513761468,0,0.12805471353490502,0.3236688911952516,1.3520546021629714,0.47099338627336496,0.0,0.9166666666666666,0.0,0.1,0.0,0.1,0.0,0.08,0.05504587155963303,0.25069309065195106,0.25069309065195106
434,0.9825371010643955,0.5007508721898203,0.9185042195147516,0.5052837098335425,0.23632945151062196,0.4992316117021543,0.8248847926267281,0.42984877960972406,0.44128950507154,0.12903225806451613,0.5114285714285715,0.3954210188030232,0.40858819330851565,0.09142857142857143,0.041474654377880185,0.03142857142857143,0.38,14.62,0.009216589861751152,0.002857142857142857,0.038500064791138155,0.11872112074006003,3.9723502304147464,0.0033614896619626154,0.006700430658132306,0.15201689379717756,0.07834101382488479,0,0.1284995835386591,0.32205054673927536,1.3564420815482832,0.4866059894948355,0.0,0.8181818181818182,0.0,0.1,0.0,0.1,0.0,0.08,0.045871559633027525,0.25067229793239254,0.25067229793239254
435,0.9823174785714605,0.5015924054829881,0.9183680535691318,0.5061850890660508,0.23632945151062196,0.4990391086916705,0.8755760368663594,0.43012527730557654,0.4414968783434295,0.12903225806451613,0.5428571428571428,0.39559244737445176,0.408716764737087,0.09142857142857143,0.04608294930875576,0.03142857142857143,0.38,14.628571428571428,0.009216589861751152,0.0,0.03853287365038875,0.11871047759232935,3.9723502304147464,0.003260644972103737,0.006500072479738717,0.15195638698326225,0.07834101382488479,0,0.12908253906776873,0.3211274145334511,1.360741811345889,0.4993846709550631,0.0,0.8181818181818182,0.0,0.1,0.0,0.1,0.0,0.08,0.04608294930875576,0.25065212899442074,0.25065212899442074
436,0.9818634953767054,0.5021487102280677,0.9180865839883836,0.5063457609156059,0.23632945151062196,0.4988455251655908,0.880184331797235,0.4302174432041941,0.4415660027673926,0.12903225806451613,0.5457142857142857,0.3956495902315947,0.4087596218799442,0.09142857142857143,0.041474654377880185,0.025714285714285714,0.38,14.625714285714286,0.009216589861751152,0.0,0.03854908693789495,0.11870015373903059,3.9723502304147464,0.0031628256229406246,0.006305686433034863,0.15189769537376438,0.07834101382488479,0,0.1294026159246724,0.31952177746078386,1.359241260833257,0.49918803480345275,0.0,0.8888888888888888,0.0,0.1,0.0,0.1,0.0,0.08,0.041474654377880185,0.25063256512458815,0.25063256512458815
437,0.9822955572704721,0.5018345301933188,0.9183544623625188,0.5056534218312233,0.23632945151062196,0.4986660950552156,0.8525345622119815,0.4302174432041941,0.4415660027673926,0.12903225806451613,0.5285714285714286,0.3956495902315947,0.4087596218799442,0.09142857142857143,0.027649769585253458,0.017142857142857144,0.38,14.637142857142857,0.009216589861751152,0.0,0.038564823716876695,0.11869013960133074,3.9723502304147464,0.0030679408542524057,0.0061170956290268474,0.15184076451255143,0.07834101382488479,0,0.12895545998790617,0.31792416857348,1.349199292759449,0.4892042741073837,0.0,1.0,0.0,0.1,0.0,0.1,0.0,0.08,0.027649769585253458,0.2506135881708505,0.2506135881708505
438,0.9808063496564605,0.5015614309294374,0.9174311536418319,0.5057532156731092,0.23632945151062196,0.49849116745926486,0.8847926267281107,0.4302174432041941,0.4415660027673926,0.12903225806451613,0.5485714285714286,0.3956495902315947,0.4087596218799442,0.09142857142857143,0.03225806451612903,0.02,0.38,14.634285714285713,0.009216589861751152,0.0,0.038580097701882955,0.118680425887762,3.9723502304147464,0.0029759026286248335,0.005934128351560153,0.1517855415771749,0.07834101382488479,0,0.12856725483082376,0.3163345477306126,1.3422153069042597,0.479420188625236,0.0,1.0,0.0,0.1,0.0,0.1,0.0,0.08,0.03225806451612903,0.250595180525725,0.250595180525725
439,0.9821708203177049,0.5015465400898779,0.9182771254518034,0.5058765990860453,0.23632945151062196,0.49835482784238705,0.847926267281106,0.4302174432041941,0.4415660027673926,0.12903225806451613,0.5257142857142857,0.3956495902315947,0.4087596218799442,0.09142857142857143,0.03686635944700461,0.022857142857142857,0.38,14.645714285714286,0.009216589861751152,0.0,0.038594922230014275,0.11867100358560022,3.9723502304147464,0.0028866255497660884,0.005756617909990158,0.15173197532985966,0.07834101382488479,0,0.12818084784238395,0.31475287499195953,1.3382281436233177,0.4698317848527313,0.0,1.0,0.0,0.1,0.0,0.1,0.0,0.08,0.03686635944700461,0.25057732510995323,0.25057732510995323
440,0.9805680634805212,0.5002269161765347,0.9172834162127493,0.505094291670197,0.23632945151062196,0.49814352192695804,0.7972350230414746,0.43049394090004667,0.4417733760392821,0.12903225806451613,0.4942857142857143,0.39582101880302323,0.4088881933085156,0.09142857142857143,0.055299539170506916,0.03428571428571429,0.38,14.662857142857144,0.009216589861751152,0.0,0.038609310270266504,0.11866186395250329,3.9723502304147464,0.002800026783273106,0.0055844024958126015,0.15168001606996387,0.07834101382488479,0,0.12876624354970767,0.3131791106169997,1.3457492950365655,0.5273075816337072,0.0,0.8333333333333334,0.0,0.1,0.0,0.1,0.0,0.08,0.055299539170506916,0.2505600053566546,0.2505600053566546
441,0.980499987914826,0.5002791957966288,0.9172412093620184,0.5055150306693246,0.23632945151062196,0.49782468334129093,0.8018433179723502,0.4305861067986642,0.44184250046324514,0.12903225806451613,0.49714285714285716,0.39587816166016604,0.4089310504513728,0.09142857142857143,0.03686635944700461,0.022857142857142857,0.38,14.665714285714285,0.009216589861751152,0.0,0.03862327443270869,0.11865299850839932,3.9723502304147464,0.0027160259797749126,0.00541732504316228,0.15162961558786495,0.07834101382488479,0,0.12875055590338771,0.31161321506391476,1.341691451992977,0.5817471944370426,0.0,0.875,0.0,0.1,0.0,0.1,0.0,0.08,0.03686635944700461,0.25054320519595497,0.25054320519595497
442,0.9797523359720899,0.4988103524017608,0.916777665157522,0.5039617104359416,0.23632945151062196,0.49741309778154386,0.815668202764977,0.4305861067986642,0.44184250046324514,0.12903225806451613,0.5057142857142857,0.39587816166016604,0.4089310504513728,0.09142857142857143,0.018433179723502304,0.011428571428571429,0.38,14.674285714285714,0.009216589861751152,0.0,0.03863682697749357,0.11864439902761847,3.9723502304147464,0.002634545200381665,0.005255233093089617,0.151580727120229,0.07834101382488479,0,0.12819251740958504,0.31005514898859515,1.3262861943816888,0.5701122505483017,0.0,1.0,0.0,0.1,0.0,0.1,0.0,0.08,0.018433179723502304,0.25052690904007635,0.25052690904007635
443,0.9818009166094275,0.4980582114939824,0.9180477851526714,0.5035833151073942,0.23632945151062196,0.4969873910092876,0.8433179723502304,0.43067827269728165,0.44191162488720825,0.12903225806451613,0.5228571428571429,0.3959353045173089,0.4089739075942299,0.09142857142857143,0.03686635944700461,0.022857142857142857,0.38,14.691428571428572,0.013824884792626729,0.0,0.03864997982369947,0.11863605753126102,3.9723502304147464,0.002555508844370215,0.005097978661524283,0.15153330530662212,0.07834101382488479,0,0.12837770623326927,0.3085048732436522,1.3226176133511978,0.6056364974621037,0.0,0.875,0.0,0.1,0.0,0.1,0.0,0.08,0.03686635944700461,0.25051110176887403,0.25051110176887403
444,0.9823322497228061,0.49865082929277466,0.918377211682966,0.5042023874465776,0.23632945151062196,0.4966470538735973,0.8294930875576036,0.43067827269728165,0.44191162488720825,0.12903225806451613,0.5142857142857142,0.3959353045173089,0.4089739075942299,0.09142857142857143,0.02304147465437788,0.014285714285714285,0.38,14.7,0.009216589861751152,0.0,0.03866274455800289,0.11862796627979429,3.9723502304147464,0.0024788435790391084,0.004945418110839261,0.15148730614742345,0.07834101382488479,0,0.12784996055924577,0.30696234887743395,1.3104509753698883,0.5935237675128616,0.0,1.0,0.0,0.1,0.0,0.1,0.0,0.08,0.02304147465437788,0.2504957687158078,0.2504957687158078
445,0.9840408421269289,0.4982029215409857,0.9190425054105851,0.5037364111095097,0.23632945151062196,0.49637968590853565,0.8425925925925926,0.43187808166824476,0.4419512938245203,0.12962962962962962,0.52,0.39604959023159464,0.4090596218799442,0.09142857142857143,0.041666666666666664,0.02857142857142857,0.38285714285714284,14.714285714285714,0.009259259259259259,0.002857142857142857,0.03881088381190816,0.11862011776587161,3.75,0.002404478271667935,0.004797412024927561,0.15144268696300076,0.0787037037037037,0,0.12812130777468106,0.30542753713304677,1.3128133844339192,0.5816532921626044,0.0,0.9,0.0,0.1,0.0,0.1,0.0,0.08,0.04608294930875576,0.25048089565433357,0.25048089565433357
446,0.98338706472084,0.49761281200991586,0.9186390313542558,0.5038137197189653,0.23632945151062196,0.49614650794796633,0.8657407407407407,0.43187808166824476,0.4419512938245203,0.12962962962962962,0.5342857142857143,0.39604959023159464,0.4090596218799442,0.09142857142857143,0.023148148148148147,0.014285714285714285,0.38285714285714284,14.72,0.009259259259259259,0.0,0.03895616083796459,0.11861250470736652,3.75,0.002332343923517897,0.004653825087704844,0.15139940635411073,0.0787037037037037,0,0.127821001896629,0.30390039944738156,1.300842831030955,0.5700202263193523,0.0,1.0,0.0,0.1,0.0,0.1,0.0,0.08,0.023148148148148147,0.2504664687847036,0.2504664687847036
447,0.9819503138126722,0.49789377333838436,0.9177523507937865,0.5041460685633137,0.23632945151062196,0.4959907562888842,0.8564814814814815,0.43206326685342994,0.4420901827134092,0.12962962962962962,0.5285714285714286,0.3961638759458804,0.40914533616565846,0.09142857142857143,0.032407407407407406,0.02,0.38285714285714284,14.725714285714286,0.009259259259259259,0.0,0.03896795830459598,0.11860512004061664,3.75,0.0022623736058123597,0.00451452596495705,0.1513574241634874,0.0787037037037037,0,0.12772475403000297,0.3023808974501446,1.2948259744103356,0.5785000468099354,0.0,0.8571428571428571,0.0,0.1,0.0,0.1,0.0,0.08,0.032407407407407406,0.2504524747211625,0.2504524747211625
448,0.9814115913475742,0.496992011726494,0.9174198820724689,0.5042354062450525,0.23632945151062196,0.49575580836262173,0.8055555555555556,0.43206326685342994,0.4420901827134092,0.12962962962962962,0.49714285714285716,0.3961638759458804,0.40914533616565846,0.09142857142857143,0.032407407407407406,0.02,0.38285714285714284,14.725714285714286,0.009259259259259259,0.0,0.038979406970366365,0.1185979569138693,3.75,0.002194502397637989,0.0043793871894469705,0.15131670143858278,0.0787037037037037,0,0.12756787084951307,0.30086899296289393,1.2889294549221288,0.5669300458737366,0.0,1.0,0.0,0.1,0.0,0.1,0.0,0.08,0.032407407407407406,0.2504389004795276,0.2504389004795276
449,0.9803945773579117,0.4965937714903324,0.9167922391531343,0.5037930107216531,0.23632945151062196,0.4954711015263364,0.8518518518518519,0.4321558594460225,0.4421596271578536,0.12962962962962962,0.5257142857142857,0.3962210188030232,0.40918819330851564,0.09142857142857143,0.041666666666666664,0.025714285714285714,0.38285714285714284,14.728571428571428,0.009259259259259259,0.0,0.03899051699791789,0.11859100868092433,3.75,0.002128667325708849,0.004248285049200606,0.1512772003954253,0.0787037037037037,0,0.12767189149169408,0.29936464799807944,1.2888651515379723,0.5555914449562619,0.0,0.8888888888888888,0.0,0.1,0.0,0.1,0.0,0.08,0.041666666666666664,0.25042573346514174,0.25042573346514174
