agent_id,punish_issued,punished_received,final_r,final_b,final_x,y,L,cap,service,is_enforcer,cadre_fallback,exited,exit_time,exit_intent,disengaged,exit_cost_eff_last,degree,degree_at_end,betweenness
0,0,13,0.40109510879983057,0.36348329800571877,0.541619841069751,0.7719982070581016,0.1777870192803349,0.0,0.0,False,False,True,25,9,False,2.065,4,4,
1,0,28,0.06395099082261273,0.3352769098332201,0.3093124767708439,0.36978279908900014,0.13260520660563166,0.0,0.0,False,False,True,49,21,False,1.3719999999999999,0,0,
2,0,11,0.144903011934331,0.5484868207767062,0.7000076624244521,0.7609691107635889,0.10399765422614758,0.0,0.0,False,False,True,34,23,False,1.519,4,4,
3,51,1,1.0,1.0,0.8683445032777912,0.3621921859655433,0.6728532439086237,0.28033520972495646,0.01375952230595956,False,False,True,72,13,False,0.847,0,0,
4,13,7,1.0,0.462906208798352,0.430185777969589,0.5607116518028817,0.24450358271961697,0.21516381304402576,0.001823748065878707,False,False,True,35,13,False,1.015,0,0,
5,0,2,0.1807303863866411,0.20087389457972768,0.9104114912464949,0.3713881110345468,0.3662731299698421,0.0,0.0,False,False,True,393,8,False,0.784,0,0,
6,0,1,0.2319763609658473,0.1182719932460544,0.9251873469920779,0.5041281661877307,0.3953811731848081,0.0,0.0,False,False,False,-1,7,True,0.8049999999999999,4,4,
7,0,26,0.12146690685085731,0.2791475016944577,0.5822408336908504,0.7392328838947642,0.3899358487810039,0.0,0.0,False,False,True,36,17,False,2.086,4,4,
8,0,10,0.4147900152562302,0.6678001498155446,0.39264653896086965,0.4168814204074775,0.3587573197324173,0.0,0.0,False,False,True,32,12,False,2.0229999999999997,0,0,
9,0,9,0.10720846591149179,0.2049709272861587,0.569780035110607,0.6351510215224812,0.3422813499395642,0.0,0.0,False,False,True,39,8,False,1.7710000000000001,2,2,
10,12,121,1.0,0.5883256706311476,0.509373938775776,0.6381977202778039,0.6136479659072455,0.19745141708658526,0.0016257880057482796,False,False,True,60,46,False,1.3719999999999999,1,1,
11,0,5,0.17618102088830193,0.4583474492414994,0.9981656555142081,0.44644396089910987,0.17890881842532927,0.0,0.0,False,False,True,55,9,False,1.1409999999999998,1,1,
12,2,5,0.412179497360831,0.588822912957329,1.0,0.5711927474116238,0.01200718378013333,0.157036056746293,0.5466344187297515,False,False,False,-1,2,False,0.868,8,8,
13,0,2,0.40174912876467533,0.4850286728064964,1.0,0.40749875641274264,0.3923207177412156,0.0,0.0,False,False,True,91,8,False,1.0779999999999998,2,2,
14,0,33,0.14945206358368787,0.13865082684262828,0.48181819097665257,0.48122632134044124,0.03497848225675802,0.0,0.0,False,False,True,51,28,False,1.687,2,2,
15,0,11,0.2468404469287524,0.19579178812500875,1.0,0.3800921719175142,0.29997232905872767,0.0,0.0,False,False,True,312,9,False,1.1829999999999998,2,2,
16,0,11,0.384782469633186,0.5128312102752542,0.8386696002359427,0.3470398451490033,0.33437983086755946,0.0,0.0,False,False,True,43,12,False,1.2249999999999999,2,2,
17,15,27,0.9304057183623698,0.7517565447614282,0.5045393060289354,0.24140860999326044,0.2554404230388973,0.23171530289542497,0.0023607625194588472,False,False,True,45,29,False,1.351,2,2,
18,1,3,0.0,0.17529207132466396,1.0,0.553880721849035,0.16555147299221626,0.029416601782369066,0.0014075849026180458,False,False,False,-1,0,False,0.0,6,6,
19,0,8,0.3740227947472228,0.17060436828728917,0.9982101842219465,0.525611335805566,0.29687673866529635,0.0,0.0,False,False,False,-1,1,False,1.204,16,16,
20,0,13,0.09350686024847464,0.08158621315479414,0.6006089210353108,0.5716305165561139,0.07209771527079864,0.0,0.0,False,False,True,54,14,False,1.1199999999999999,1,1,
21,0,0,0.38433939180734294,0.5580330416239033,0.9168706487158974,0.5758437877946873,0.2393796069773468,0.0,0.0,False,False,True,318,9,False,0.8049999999999999,1,1,
22,0,15,0.44212177522075474,0.35637150097137865,0.731603728523218,0.30428793711985785,0.003166024234371565,0.0,0.0,False,False,True,48,13,False,1.057,0,0,
23,0,14,0.5230042032010774,0.12661476626349188,0.8587160078517773,0.3501285535807464,0.18763441872136952,0.0,0.0,False,False,True,53,20,False,1.393,2,2,
24,0,9,0.13581503551732874,0.38971826572357426,0.5582874502223849,0.373580535843095,0.0936794611632603,0.0,0.0,False,False,True,51,11,False,1.1199999999999999,1,1,
25,0,38,0.05278747312157511,0.3818962672449525,0.6016425409639697,0.5583993214201004,0.08762452449842471,0.0,0.0,False,False,True,45,37,False,1.204,2,2,
26,0,6,0.1397667217357387,0.08723748889838867,1.0,0.4859618604239151,0.09120709770193645,0.0,0.0,False,False,False,-1,2,False,0.784,3,3,
27,0,8,0.07385005722007296,0.18674751648273497,0.7572371497080183,0.810439358514739,0.043024110859066794,0.0,0.0,False,False,True,36,13,False,1.0779999999999998,1,1,
28,0,0,0.03238005832507789,0.15114995558074235,0.9651741607123657,0.4048364458621311,0.23151849266410837,0.0,0.0,False,False,False,-1,0,False,0.0,5,5,
29,0,2,0.1108319300633368,0.1869342203926131,0.49338364111757244,0.5104059985564043,0.031024634088244105,0.0,0.0,False,False,True,38,8,False,1.036,1,1,
30,0,6,0.20838293042564027,0.4252698939911555,0.46281524837076565,0.12537941394055574,0.19383512497373132,0.0,0.0,False,False,True,25,8,False,0.973,0,0,
31,0,4,0.309680604271526,0.10047049886125672,0.9757703486265722,0.3568145628047669,0.4215331710239108,0.0,0.0,False,False,True,41,8,False,1.036,1,1,
32,0,9,0.07861842130803691,0.24170828556371507,0.9700835239060044,0.668602509688193,0.1407919409793622,0.0,0.0,False,False,True,51,15,False,1.036,1,1,
33,1,0,0.1664721551732721,0.02270384254763364,0.9723836980695553,0.5403356127467939,0.33016841138719166,0.017641956117454373,0.00017928102259645766,False,False,True,177,8,False,0.9309999999999999,1,1,
34,0,6,0.32399818151455534,0.6169159956011918,0.7676178757777987,0.47394023567459725,0.2656697840141658,0.0,0.0,False,False,True,48,8,False,0.9099999999999999,1,1,
35,1,19,0.8395713734616989,0.4335057050745793,0.6099300704051894,0.861021903296336,0.17656761468464932,0.017641956117454373,0.00017928102259645766,False,False,True,58,19,False,1.1829999999999998,0,0,
36,0,11,0.17000169192481307,0.18533024134683843,0.3447326296499396,0.2671614041835385,0.15471443451341838,0.0,0.0,False,False,True,30,11,False,1.015,0,0,
37,0,0,0.2184767952674649,0.5567358108787529,0.9792468806142881,0.6091881855302222,0.05086806541710609,0.0,0.0,False,False,True,181,9,False,0.826,1,1,
38,1,6,0.2830290478065622,0.577079784832609,1.0,0.49259323109429703,0.0939279160959029,0.13843966859613538,0.7237977205924956,False,False,False,-1,2,False,0.9519999999999998,6,6,
39,0,15,0.6037739762148683,0.39410513565771,0.5696737298709196,0.49489944278614856,0.05957379468310377,0.0,0.0,False,False,True,30,19,False,0.973,1,1,
40,0,3,0.29621329278358255,0.3223887193342143,0.8477025013896307,0.3563099124853481,0.20744061160854776,0.0,0.0,False,False,True,50,9,False,0.847,1,1,
41,35,6,1.0,1.0,0.3257267063731784,0.5681736939164485,0.4829343732448892,0.2340499511582283,0.005127717018736439,False,False,True,38,16,False,0.868,0,0,
42,0,5,0.554859591381447,0.589016899088554,0.8348389695915931,0.5840203071569753,0.08822001599576838,0.0,0.0,False,False,True,47,8,False,0.973,0,0,
43,0,7,0.16825638117100256,0.15694284987570187,0.6799599999256861,0.5389288994266713,0.3939883515545079,0.0,0.0,False,False,True,35,12,False,1.0779999999999998,1,1,
44,0,8,0.2654151443925401,0.17901622339087908,0.7413160349880384,0.8895639406284148,0.15123484745525456,0.0,0.0,False,False,True,25,9,False,1.204,1,1,
45,0,13,0.3895385965784817,0.02917641436029297,0.41749383651112904,0.06512626778349093,0.0898403159091788,0.0,0.0,False,False,True,22,8,False,1.1409999999999998,1,1,
46,1,7,0.5361780767690627,0.21780218051380568,0.9762085114756541,0.5622965732191321,0.03352309723871671,0.027699343140196786,0.0011045554131610005,False,False,False,-1,0,False,0.763,3,3,
47,0,0,0.09032024362571803,0.14839079087454315,0.8984072762458564,0.5323966855781105,0.22533976854252194,0.0,0.0,False,False,True,77,8,False,0.8049999999999999,1,1,
48,1,1,0.10430696064426953,0.40804550007112084,1.0,0.5378609397949289,0.3530906981016828,0.07624426106378758,0.06539133720934334,False,False,False,-1,1,False,0.0,4,4,
49,1,4,0.382213494011291,0.3752800146743222,0.9335529511560426,0.508960918949845,0.1282201022027591,0.03741834937017657,0.003712128203948726,False,False,True,445,8,False,0.847,1,1,
50,1,0,0.10948248916504223,0.14275338158745438,0.9901550540714598,0.5115236808104484,0.0680150334829988,0.03760638127655937,0.003787885922396659,False,False,False,-1,0,False,0.0,3,3,
51,0,1,0.09373058698867087,0.5869277720763628,1.0,0.30600392688337613,0.29593678832621,0.0,0.0,False,False,True,201,9,False,0.973,1,1,
52,1,1,0.5343618363232441,0.18061077994760866,0.975290285916717,0.18501653092807985,0.3087844722437976,0.01790925397163782,0.00019048294354016786,False,False,True,105,8,False,0.973,0,0,
53,0,10,0.17138110099747286,0.17348961194736118,0.6371965396460078,0.48184777468654816,0.3656271870014058,0.0,0.0,False,False,True,35,8,False,0.9309999999999999,1,1,
54,0,15,0.1291718607261984,0.40247317901695534,0.5122261735889317,0.3510687007706327,0.08479509764278426,0.0,0.0,False,False,True,30,14,False,0.9939999999999999,0,0,
55,0,9,0.6548953405011139,0.21039969389877297,0.8561624524026734,0.46255103612920767,0.3071881545813094,0.0,0.0,False,False,True,44,12,False,1.162,1,1,
56,0,7,0.3842855940480845,0.15342812916701046,0.29290555111395206,0.10933972279728962,0.1877891008875741,0.0,0.0,False,False,True,16,9,False,1.1199999999999999,1,1,
57,0,14,0.31505931728792236,0.19238506001800607,0.4046957070509698,0.7378603777784452,0.13713527411971116,0.0,0.0,False,False,True,21,11,False,0.973,0,0,
58,0,1,0.0938730134486263,0.14866828223102752,0.9955992412600075,0.591371097219105,0.29073483201892625,0.0,0.0,False,False,True,383,10,False,0.784,0,0,
59,0,4,0.45809185865001467,0.2714219851333348,0.36374004115609776,0.5460486517203014,0.21414115261071978,0.0,0.0,False,False,True,57,8,False,0.9939999999999999,1,1,
60,47,1,1.0,1.0,0.42013016710663603,0.8683554356219615,0.262757356344664,0.2510645668743244,0.00864122421158218,False,False,True,43,12,False,1.057,0,0,
61,1,6,0.1785343809186157,0.32763771089960436,1.0,0.44687980155005225,0.2317891232558777,0.07778839964226868,0.07089505042036941,False,False,True,324,9,False,0.784,0,0,
62,0,7,0.22812847454856625,0.025939433101597992,0.6822085507036024,0.44164771696371263,0.1567141523283667,0.0,0.0,False,False,True,34,9,False,1.036,1,1,
63,1,2,0.020304801119899313,0.5624733741231891,0.9602571386697746,0.550664883195076,0.06582354029052939,0.0558776542330602,0.018686884934977686,False,False,False,-1,4,True,1.015,10,10,
64,0,8,0.12018671425350308,0.616568104310279,0.5387789084677052,0.49266866740820925,0.23218499005831386,0.0,0.0,False,False,True,41,13,False,0.868,1,1,
65,72,0,1.0,1.0,1.0,0.553563019604279,0.5496158952568138,0.2733965637404231,0.016526082011937483,True,False,False,-1,0,False,0.0,1,1,
66,0,6,0.724974076582779,0.285791830035514,0.8692753982963423,0.40011970753875475,0.05782106861660926,0.0,0.0,False,False,True,36,12,False,0.8889999999999999,1,1,
67,0,8,0.47115461771625916,0.09015306488112745,0.6352738254207956,0.6504069378428697,0.05757857140148013,0.0,0.0,False,False,True,32,10,False,0.973,1,1,
68,0,8,0.6566037635765666,0.2194633989721761,0.3756217471396181,0.5590155945461959,0.242399061651071,0.0,0.0,False,False,True,26,14,False,0.9939999999999999,0,0,
69,0,5,0.2465665830530645,0.2263070190930237,0.32429405787038357,0.5340467845450156,0.5292771396008609,0.0,0.0,False,False,True,30,10,False,0.8889999999999999,1,1,
70,87,3,1.0,1.0,0.9627919001901871,0.5252956775472173,0.5194258745295227,0.2845826412179647,0.018838471442841332,True,False,False,-1,0,False,0.0,0,0,
71,1,1,0.456455840266626,0.4497636581661484,0.38146722955587187,0.8004714529378157,0.2089144471002809,0.017999250222751575,0.0001943703505511917,False,False,True,51,8,False,0.847,1,1,
72,0,10,0.020978768395559438,0.42100311073466257,0.846446500229062,0.5737974412196966,0.48587902581953346,0.0,0.0,False,False,True,44,13,False,0.868,1,1,
73,0,17,0.008861024899222535,0.6337459089233425,0.249015567171229,0.46159340279067723,0.403133493370583,0.0,0.0,False,False,True,29,15,False,1.057,2,2,
74,25,8,1.0,1.0,0.4221166165968721,0.5426695938264351,0.5185350022112372,0.2340499511582283,0.003787588656562508,False,False,True,29,12,False,1.015,0,0,
75,0,2,0.23297898552619517,0.6917973201158893,0.9518978250038145,0.5196231193736235,0.4823631698511398,0.0,0.0,False,False,False,-1,0,False,0.0,3,3,
76,0,3,0.6181162543912153,0.11241938559181695,0.7863926598978628,0.7010877716161308,0.3060923494418946,0.0,0.0,False,False,True,58,8,False,0.826,0,0,
77,0,16,0.5134874407904391,0.4659099299500472,0.6259853769255519,0.7091372724013341,0.4051853667115442,0.0,0.0,False,False,True,39,15,False,1.204,1,1,
78,0,12,0.31307706644293926,0.6107915402129174,0.3741209542220744,0.5255291547116595,0.4649679211703624,0.0,0.0,False,False,True,95,18,False,0.784,0,0,
79,2,0,0.41398073970827853,0.5059999331090366,0.9373647614691472,0.470316047575602,0.2702021695544774,0.06386885408540538,0.0064387865169110185,False,False,False,-1,0,False,0.0,2,2,
80,0,1,0.4035164870849417,0.35686749005455226,1.0,0.3423865450638736,0.36712361822888256,0.0,0.0,False,False,True,408,8,False,0.784,0,0,
81,0,0,0.28073735044117426,0.029400651578379573,0.6661486655194825,0.882600358976202,0.06614069702958396,0.0,0.0,False,False,True,40,8,False,0.8889999999999999,1,1,
82,1,1,0.0754648544247763,0.39016998517872703,0.9899402715823571,0.5196118201757438,0.06384801364388583,0.0830261284548433,0.0921885388650119,False,False,False,-1,0,False,0.8049999999999999,5,5,
83,0,2,0.23232383038486215,0.15901107043337756,0.99386266365482,0.33114471573764254,0.3073012772547343,0.0,0.0,False,False,True,144,8,False,0.826,1,1,
84,1,2,0.6191825684797605,0.20774890750889718,0.2651151678825372,0.665916568038035,0.09884869328386389,0.017999250222751575,0.0001943703505511917,False,False,True,33,10,False,0.9099999999999999,0,0,
85,1,0,0.22679238462862672,0.35491159007368095,0.9893887414234603,0.5170886724841839,0.24266542820335313,0.030012362158641448,0.0015260553905265396,False,False,False,-1,0,False,0.0,2,2,
86,0,8,0.3618597120603124,0.44665629380683286,0.8852889739972744,0.5251688137432913,0.2526768024999257,0.0,0.0,False,False,True,34,9,False,0.8889999999999999,0,0,
87,0,6,0.17924131134589447,0.3167351627276661,0.7309829345567422,0.8025781850723342,0.19406283948145328,0.0,0.0,False,False,True,34,9,False,0.973,0,0,
88,0,3,0.24604973400388733,0.5674626458351517,0.9586776135622761,0.6084472472100415,0.08832239883791378,0.0,0.0,False,False,True,378,8,False,0.826,1,1,
89,0,0,0.19527011536311895,0.5776497791164753,0.983345167956814,0.4920598313566448,0.15785090908052904,0.0,0.0,False,False,False,-1,0,False,0.0,5,5,
90,0,7,0.7698093562907444,0.1018172733349776,0.5905234423521443,0.690317844393074,0.040210371707877654,0.0,0.0,False,False,True,38,9,False,0.9099999999999999,0,0,
91,0,2,0.3958427858470782,0.1376005767819231,0.9686866785490829,0.4784486623047526,0.2450456232557416,0.0,0.0,False,False,True,51,9,False,0.9309999999999999,1,1,
92,0,9,0.2172966559709687,0.5554283525036282,0.5505455856711927,0.7017697347687277,0.3522579548234127,0.0,0.0,False,False,True,20,8,False,1.015,1,1,
93,6,7,0.38289283367196014,0.6564548229631624,0.21457446350994883,0.09322674741479199,0.610206473236132,0.10113522855299917,0.000899241848480152,False,False,True,42,22,False,0.826,1,1,
94,0,3,0.29065009275105824,0.04987517963425776,0.7709598266018777,0.4337907026995685,0.14046978606160704,0.0,0.0,False,False,True,37,9,False,0.868,0,0,
95,0,1,0.3998320560700124,0.3385617008012614,0.9860269250818335,0.5313398234292522,0.26625816595970414,0.0,0.0,False,False,False,-1,6,True,0.763,3,3,
96,1,0,0.6339155897438564,0.0,1.0,0.5329391910186445,0.2440621575144424,0.04712191280521227,0.009402070101885509,False,False,False,-1,1,False,0.8049999999999999,5,5,
97,1,0,0.6163249813153925,0.3072701058987933,0.9935810934716822,0.4271697281212737,0.14098013871733844,0.0555982659618949,0.01831314723627813,False,False,True,396,8,False,0.784,0,0,
98,0,1,0.21218317711270968,0.6582605953681188,0.9189850857872253,0.5057595587441011,0.3205832552956695,0.0,0.0,False,False,False,-1,3,False,0.0,1,1,
99,1,1,0.2996441379253082,0.28167636774480764,0.97873994275742,0.2971149234550451,0.27397942102779954,0.06115369635701275,0.026882369670289397,False,False,True,372,9,False,0.784,0,0,
100,0,7,0.17121506985008866,0.5229038982468052,1.0,0.3346475229466233,0.11409073019338423,0.0,0.0,False,False,True,52,12,False,0.826,1,1,
101,0,8,0.11051199689170567,0.20951260840560842,0.3571673709081726,0.208928988601697,0.22795258569209995,0.0,0.0,False,False,True,44,8,False,0.8889999999999999,1,1,
102,0,3,0.434714947617108,0.27972283473199433,0.5135988017698633,0.7020996283627589,0.4437684931495963,0.0,0.0,False,False,True,46,8,False,0.9309999999999999,1,1,
103,1,4,0.4859696997136127,0.19668694419521054,0.9304410686847678,0.4382918895703812,0.2740545220296716,0.04115722560722842,0.005449134512738076,False,False,False,-1,0,False,0.0,5,5,
104,0,10,0.21983036270167097,0.2902369757827366,0.6084986873517924,0.5234809954700141,0.2617373238059509,0.0,0.0,False,False,True,25,8,False,0.9519999999999998,0,0,
105,0,0,0.12444241194695445,0.36002042266968326,0.9691607235691856,0.4368514184964572,0.2318565625534161,0.0,0.0,False,False,False,-1,0,False,0.0,3,3,
106,0,1,0.44033964819607896,0.4634186754931678,0.9179040121955837,0.5247361818706114,0.1610732669138537,0.0,0.0,False,False,True,428,9,False,0.742,0,0,
107,1,0,0.5667053664611138,0.2950498012663914,0.7927720916133607,0.7226128173268038,0.3181975939608241,0.017730609163270728,0.0001829398189759772,False,False,True,188,8,False,0.826,1,1,
108,0,4,0.19200036764076361,0.31300653093688907,0.47179363484932274,0.5197466593334482,0.009189421854434488,0.0,0.0,False,False,True,40,11,False,0.826,1,1,
109,0,2,0.14286686991519595,0.6082445354856546,0.9750054547653162,0.5197240694670932,0.1757155075150542,0.0,0.0,False,False,True,347,8,False,0.763,0,0,
110,0,3,0.2310442904961708,0.3471164356644309,0.9920179694055735,0.4798024796007976,0.12187346905390119,0.0,0.0,False,False,False,-1,4,True,0.0,1,1,
111,0,1,0.34316967050012886,0.5029216911251156,0.9528711852114251,0.23070190328811463,0.28118053033814255,0.0,0.0,False,False,True,49,8,False,0.847,0,0,
112,3,1,0.5206807992713472,0.22297146512798793,0.962558486780953,0.4675612808655162,0.05169029220501345,0.232724064154126,0.3123831416847672,False,False,True,386,8,False,0.784,0,0,
113,0,11,0.41626865306708905,0.25025524798091975,0.8648141785701132,0.5412928004105733,0.45689140116827887,0.0,0.0,False,False,True,52,14,False,0.847,1,1,
114,3,0,0.33193489313147573,0.15674056951267534,0.9699986168873034,0.36647338622406983,0.4516040414903828,0.18734078289075815,0.10187468231369211,False,False,False,-1,0,False,0.826,3,3,
115,2,1,0.3140389223225473,0.15763123633436382,1.0,0.4993488295043285,0.2132118068090711,0.1710221338014656,0.24395752741048918,False,False,False,-1,1,False,0.868,8,8,
116,0,0,0.23573112612792735,0.3921254796594073,0.9938383832935225,0.47675931341667155,0.46174301627956993,0.0,0.0,False,False,True,210,8,False,0.784,0,0,
117,0,1,0.4190335206638538,0.2549788524386743,0.9760687988229261,0.3688081019384754,0.14836319226037298,0.0,0.0,False,False,True,75,8,False,0.742,0,0,
118,0,1,0.07833423759983198,0.5147018212684299,1.0,0.5312256505475224,0.11773143073643454,0.0,0.0,False,False,False,-1,0,False,0.784,4,4,
119,0,0,0.24363559070321544,0.25382409299959346,0.9966423268850205,0.5667341430675762,0.20888366800674715,0.0,0.0,False,False,True,217,8,False,0.9309999999999999,1,1,
120,10,0,0.4906742738005869,0.2953565033607324,0.7272676586217821,0.6398178653793176,0.581273556101922,0.1753247230322891,0.0017543593553166238,False,False,True,33,8,False,0.826,0,0,
121,0,8,0.11669147816599026,0.5071326112066545,1.0,0.5215193855190032,0.4026138218391334,0.0,0.0,False,False,False,-1,1,False,0.8049999999999999,4,4,
122,1,1,0.42753123031263185,0.09341839495695535,0.9639706510963595,0.49851778882363557,0.17274815412885597,0.01854880476229905,0.00021941866267632623,False,False,False,-1,0,False,0.0,1,1,
123,3,3,0.5715307808567616,0.4206040425059283,0.8944041957181594,0.5625912776768651,0.3008111932941671,0.1363376066234621,0.03619497373285193,False,False,False,-1,1,False,0.9309999999999999,3,3,
124,1,4,0.5044101332292391,0.30826509041111516,1.0,0.46377512863028353,0.055011984622022364,0.019404756765075526,0.00026317151618582036,False,False,False,-1,0,False,0.9309999999999999,0,0,
125,0,8,0.6760843770719552,0.48369467194025484,0.6481206432978353,0.3603931578231259,0.026972128851633605,0.0,0.0,False,False,True,37,10,False,0.8889999999999999,0,0,
126,1,0,0.5254712381885257,0.24487821979280155,1.0,0.5881049835696849,0.4597752489087859,0.03685987582853301,0.0034938253685309092,False,False,True,194,8,False,0.784,0,0,
127,0,16,0.6410431539350738,0.20396358752134872,0.594428757830514,0.8721258891342291,0.28362154656425786,0.0,0.0,False,False,True,56,16,False,0.868,1,1,
128,54,2,1.0,1.0,1.0,0.548320182405348,0.5674552554348945,0.29180518335141203,0.01618700255537877,True,False,False,-1,0,False,0.0,2,2,
129,1,0,0.31312917361483855,0.524041318686478,1.0,0.5205563870996689,0.2169716761571264,0.017378647717156852,0.00016873786421960516,False,False,True,357,8,False,0.721,0,0,
130,0,6,0.34289613287405457,0.053307560568461726,0.807244252827568,0.29770595327117416,0.14370301929743498,0.0,0.0,False,False,True,40,8,False,0.868,1,1,
131,0,0,0.18626514748638343,0.3033791237377141,0.9811316676848244,0.7357614760707651,0.08365692238849574,0.0,0.0,False,False,True,289,8,False,0.826,1,1,
132,2,2,0.46003188972102615,0.004281234167869241,0.9106929173462289,0.6852543289539252,0.21856840583960171,0.05443058894856444,0.003215158458053001,False,False,True,365,8,False,0.742,0,0,
133,0,7,0.6791616982525736,0.2696123389942667,0.6749015113367324,0.33964120478942117,0.08913073531756517,0.0,0.0,False,False,True,42,10,False,0.9099999999999999,0,0,
134,0,0,0.32403643977890817,0.08216991639166454,0.9524289117560212,0.5668783978596657,0.2815083037292656,0.0,0.0,False,False,True,50,8,False,0.847,0,0,
135,1,0,0.3277742289644392,0.35333757097517093,1.0,0.4287032822528571,0.07386440496293234,0.05476845489263037,0.017236187673607083,False,False,False,-1,0,False,0.0,3,3,
136,1,0,0.3009520930040122,0.360949228612554,0.9798077330955616,0.41618586367493593,0.289131436369347,0.020300207476283406,0.00031564884265888887,False,False,False,-1,0,False,0.0,1,1,
137,2,1,0.6222079383358223,0.18021256252562334,0.9670971552795933,0.5582844540632741,0.25763436088619596,0.07255417093071384,0.007870620485856567,False,False,True,327,8,False,0.784,0,0,
138,0,0,0.141430247138195,0.3792764384154611,0.9868757784514383,0.49827380828244777,0.45134295776324085,0.0,0.0,False,False,False,-1,1,False,0.0,1,1,
139,64,1,1.0,1.0,0.9955577839316458,0.44997357082501904,0.6267644130245862,0.25614925755125223,0.012125790949287086,True,False,False,-1,0,False,0.0,2,2,
140,0,0,0.5146439909768323,0.2326290824582585,0.9845536778666809,0.5459033685737547,0.12315301918108877,0.0,0.0,False,False,True,162,11,False,0.826,0,0,
141,2,2,0.42608355320561886,0.2803442851088823,1.0,0.49793385214659047,0.17561723741570487,0.1204879939961982,0.050644255289123766,False,False,False,-1,0,False,0.0,2,2,
142,1,6,0.10617986105388698,0.5027114606666918,0.6807479594204299,0.9708597049534362,0.2507957973159387,0.01579990638989009,0.0001149497380509562,False,False,True,48,13,False,0.9309999999999999,0,0,
143,0,0,0.02903787392245326,0.7001502231721769,0.5240562723379355,0.625613989581738,0.012761721005456863,0.0,0.0,False,False,True,80,9,False,0.8049999999999999,1,1,
144,0,10,0.533210263364589,0.02319153651802234,0.5100232817412186,0.17458904344076354,0.17679207844369374,0.0,0.0,False,False,True,48,20,False,0.9099999999999999,1,1,
145,0,1,0.14840546892490641,0.5017059830746609,1.0,0.5257872758057749,0.40694548636001976,0.0,0.0,False,False,True,195,8,False,0.826,1,1,
146,0,4,0.1228093558533374,0.18091173690609336,0.7546771319907639,0.5493037685200202,0.34727190860124457,0.0,0.0,False,False,True,38,8,False,0.9309999999999999,1,1,
147,6,2,0.5621398062495403,0.48357650377407047,0.6475523642699436,0.7083184016247271,0.6493220348107861,0.09945074658924452,0.0008394445478533414,False,False,True,32,8,False,0.826,0,0,
148,0,0,0.38684982238626336,0.6257625420870092,0.7132894199284425,0.40603080235356154,0.16262317378333796,0.0,0.0,False,False,True,56,8,False,0.784,0,0,
149,0,10,0.3750444137496187,0.2556782070562778,0.5660438658227104,0.33890321327407447,0.1946760142023396,0.0,0.0,False,False,True,37,10,False,0.826,1,1,
150,0,0,0.36482464056019953,0.7221948552126084,0.9601165571742093,0.4873819243827181,0.06031131665123491,0.0,0.0,False,False,False,-1,1,False,0.742,2,2,
151,0,3,0.35327030655562053,0.33668988921397497,0.25721250586349576,0.4400613042304773,0.43277649744038443,0.0,0.0,False,False,True,37,8,False,0.868,0,0,
152,0,1,0.11905274360063137,0.21898485216697336,1.0,0.42162694553515556,0.5402419753470884,0.0,0.0,False,False,False,-1,10,True,0.8049999999999999,5,5,
153,0,6,0.179922534730873,0.35870352840439096,0.7720593930649265,0.7185069809057102,0.24847435786772842,0.0,0.0,False,False,True,42,10,False,0.742,0,0,
154,0,1,0.06316762971586198,0.3518557324926966,0.8965309340125621,0.6998889622626217,0.058417260530770926,0.0,0.0,False,False,True,261,8,False,0.784,0,0,
155,0,5,0.3731622974722013,0.12921181506554388,0.6749246822066343,0.7335449487837311,0.25226999723404103,0.0,0.0,False,False,True,54,10,False,0.763,0,0,
156,1,0,0.3033282958824596,0.3288715180169404,0.9906930203139135,0.3568002973372199,0.20758377021464144,0.044149212463804356,0.007230402413742983,False,False,True,215,10,False,0.784,0,0,
157,0,1,0.11472532207839618,0.22667337730322698,0.9724569693650753,0.4588833322352617,0.30211962357526667,0.0,0.0,False,False,True,440,8,False,0.742,0,0,
158,8,7,0.8059820012112753,0.4830186763985147,0.19951588540160275,0.8439134669225165,0.31221055784304663,0.13225693292410284,0.0011063216102619963,False,False,True,23,12,False,0.9099999999999999,0,0,
159,56,1,1.0,1.0,0.9995877415600205,0.5625147030337376,0.4909851056861214,0.262650176922853,0.01150262701087819,False,False,False,-1,0,False,0.0,0,0,
160,0,0,0.18966544835637902,0.42280039938925273,0.9735851859263311,0.17974549560660222,0.11116355425309797,0.0,0.0,False,False,True,190,9,False,0.826,0,0,
161,3,0,0.3351372451598501,0.5280122281801534,0.9488938188267625,0.5519854858979533,0.031192680395768675,0.23013743251688787,0.8405490425811344,False,False,False,-1,2,False,0.784,4,4,
162,0,4,0.2642231485149478,0.2672744176369406,1.0,0.5509384934802581,0.08112624073106145,0.0,0.0,False,False,False,-1,3,False,0.0,5,5,
163,1,1,0.3366776824185026,0.24403769497961697,1.0,0.4870902262150155,0.11031876659630088,0.021343698091347334,0.0003863166660279412,False,False,True,193,8,False,0.8049999999999999,1,1,
164,0,0,0.07454739740265527,0.5691749421269182,0.9714386951857935,0.4885568176938556,0.03347348268186977,0.0,0.0,False,False,False,-1,0,False,0.0,3,3,
165,0,4,0.032824542652835936,0.46269175836712595,0.18749609078973273,0.7161882888408695,0.27886297361176343,0.0,0.0,False,False,True,32,8,False,0.868,0,0,
166,0,0,0.5227996203230603,0.19242089289320544,0.9375929156077908,0.405584422503401,0.29654592577395184,0.0,0.0,False,False,False,-1,0,False,0.0,0,0,
167,1,1,0.17087883900373496,0.49969016120638887,0.9813910757697684,0.4579850243207406,0.5255601467067694,0.018642014836481455,0.00022389659456767983,False,False,False,-1,0,False,0.8049999999999999,4,4,
168,0,4,0.10190929294616945,0.4348055907895701,0.5133426064184778,0.6509388493986109,0.3673032642709208,0.0,0.0,False,False,True,49,9,False,0.847,1,1,
169,4,1,0.21756955106666687,0.3344655090485248,0.9850650684068133,0.587182818380786,0.21564337317230933,0.12602220111330015,0.008758504899549529,False,False,True,386,8,False,0.763,0,0,
170,0,1,0.3483240361692354,0.09949103283922035,1.0,0.4237854422812962,0.24635666926068936,0.0,0.0,False,False,False,-1,2,False,0.0,4,4,
171,0,0,0.37767016759425065,0.1987979917368742,1.0,0.5099335668688008,0.14762259174444262,0.0,0.0,False,False,False,-1,0,False,0.0,3,3,
172,1,0,0.18047506473567065,0.28353246559002304,0.9478987767183584,0.38388636994254155,0.30017888195392256,0.058456181025711144,0.022413115553359196,False,False,True,279,9,False,0.763,0,0,
173,0,2,0.35331057077689715,0.10814229929231682,0.6063469458844061,0.32892338815644573,0.26469446480570413,0.0,0.0,False,False,True,37,10,False,0.826,0,0,
174,58,1,1.0,1.0,0.9679909761578781,0.4996022881510045,0.5507459933840714,0.2679695054227667,0.012505111558049392,True,False,False,-1,0,False,0.0,2,2,
175,0,7,0.45974959297641577,0.29834009113320636,0.7312964176737063,0.19079122815747843,0.17832472714406716,0.0,0.0,False,False,True,44,12,False,0.847,1,1,
176,0,4,0.2854481286963326,0.06350141072108308,0.7271947005067816,0.10417288642490319,0.2867498728982599,0.0,0.0,False,False,True,58,12,False,0.8889999999999999,0,0,
177,0,7,0.12745920042504436,0.170988457199596,0.3530168021123228,0.5575234397071834,0.11736641883476832,0.0,0.0,False,False,True,29,8,False,0.9099999999999999,0,0,
178,1,0,0.5200825312865575,0.13664284839045715,0.9874968572737249,0.7697627049661365,0.16252097994296236,0.022666929830734407,0.0004923007938320674,False,False,True,84,9,False,0.8049999999999999,0,0,
179,0,1,0.18231141199799733,0.49054240739116567,0.9906908601357679,0.42733808401328083,0.21485551539137054,0.0,0.0,False,False,True,359,9,False,0.763,0,0,
180,0,1,0.5117038104526499,0.09914959351189409,1.0,0.26013693070972255,0.35260221471901293,0.0,0.0,False,False,True,87,10,False,0.742,0,0,
181,0,6,0.36364667703758813,0.1017566637653087,0.5405119494584276,0.07338664129653842,0.08886609359794662,0.0,0.0,False,False,True,21,8,False,0.973,0,0,
182,2,3,0.5667538078291748,0.07954831754427852,0.9992692319932452,0.5674534368644896,0.2477738089688077,0.03911463480689954,0.0005949156352100134,False,False,True,276,8,False,0.8049999999999999,1,1,
183,4,0,0.3054116537293202,0.47999148210423115,1.0,0.5858771279136756,0.08039625171272957,0.19553809966037122,0.14407744392738195,False,False,True,399,8,False,0.8049999999999999,1,1,
184,0,16,0.3010916092151307,0.16146155219141609,0.5771560695967418,0.4431252007599173,0.08189819984863574,0.0,0.0,False,False,True,66,20,False,0.784,0,0,
185,0,1,0.5547244387944923,0.2995986932569765,0.5932954021526312,0.323014862490891,0.07904274062717177,0.0,0.0,False,False,True,52,8,False,0.826,0,0,
186,63,0,1.0,1.0,0.9514357385138251,0.4778563438408983,0.5092341553493851,0.2693160858520268,0.012731887351435,True,False,False,-1,0,False,0.0,1,1,
187,0,0,0.27904250747508325,0.06873127635290051,1.0,0.494322960476709,0.1513324892828168,0.0,0.0,False,False,False,-1,1,False,0.0,2,2,
188,0,1,0.11495678893742026,0.22210541414710183,0.9680954434393292,0.3862929893849509,0.10418153130605008,0.0,0.0,False,False,True,439,8,False,0.826,1,1,
189,0,8,0.27848535099657024,0.24451588723037898,0.6039363145984802,0.517769515825382,0.13051581106030793,0.0,0.0,False,False,True,15,9,False,0.9099999999999999,1,1,
190,1,1,0.2051846992091348,0.1495841794423911,0.9205679972636306,0.3934762827500457,0.281769075585011,0.03419007701304396,0.002580431467235621,False,False,True,360,9,False,0.763,0,0,
191,4,2,0.48981225928522065,0.4751251159136495,1.0,0.4433343141790612,0.27968989959042984,0.20378149213217572,0.6559844638993579,False,False,False,-1,2,False,0.0,2,2,
192,1,0,0.2836915343575508,0.15830809318499886,0.9520944320496751,0.581383294334967,0.19073431059281454,0.08137801834384177,0.0850317729660095,False,False,False,-1,4,True,0.0,2,2,
193,2,1,0.2067090880276662,0.06780329918163923,1.0,0.4893864656038967,0.18978419563094934,0.18315362056492693,0.3161718732580714,False,False,False,-1,0,False,0.0,0,0,
194,0,0,0.2097714300239218,0.391478096132134,1.0,0.8379764583260435,0.48517357149632245,0.0,0.0,False,False,True,80,8,False,0.763,0,0,
195,0,0,0.36030884448633776,0.3481850232460599,1.0,0.46586418472363994,0.3054249654781889,0.0,0.0,False,False,False,-1,0,False,0.0,1,1,
196,2,0,0.2735405993193975,0.355748619255338,0.9751151086035207,0.45122027633742323,0.17853051827161506,0.12512796846286484,0.19542833226312578,False,False,False,-1,1,False,0.0,1,1,
197,0,1,0.24479179106326118,0.3328501003014464,0.5105124467641684,0.931548810471579,0.24709503195604848,0.0,0.0,False,False,True,38,8,False,0.784,0,0,
198,1,0,0.1701137491613302,0.12933211988467236,0.9882480800000927,0.5227181676285968,0.23565991299749497,0.023358998335362365,0.0005557431033632705,False,False,False,-1,0,False,0.0,2,2,
199,1,0,0.3483056698784466,0.13403975114969263,0.970557291994347,0.44376261079151685,0.1455197783854206,0.07072181061325282,0.04829602124348771,False,False,False,-1,4,True,0.0,1,1,
200,65,0,1.0,1.0,1.0,0.47820527971728694,0.7035039000040566,0.2845826412179647,0.01633106981395344,True,False,False,-1,0,False,0.0,1,1,
201,0,2,0.07109209718791717,0.4389816106934174,1.0,0.4966422741237341,0.07659911896637749,0.0,0.0,False,False,False,-1,6,True,0.8049999999999999,3,3,
202,0,0,0.09454915491810909,0.6213745984539414,0.8533183190738148,0.6005662922773338,0.40077540296028996,0.0,0.0,False,False,True,178,8,False,0.784,0,0,
203,0,5,0.8334752152174385,0.3556733310915949,0.46922679409942086,0.7839616534251292,0.05563710872129844,0.0,0.0,False,False,True,39,10,False,0.826,1,1,
204,0,1,0.46758080783159767,0.27073537152788085,0.9517506723546273,0.49271556094202845,0.20927124366668942,0.0,0.0,False,False,False,-1,0,False,0.0,3,3,
205,0,12,0.21231306372387146,0.2890044890268417,0.6856382610479699,0.45139565467525955,0.3263395192405589,0.0,0.0,False,False,True,44,10,False,0.868,1,1,
206,2,0,0.38771208279351604,0.5834484177642827,0.9999166655325746,0.5123178591761083,0.2355138602953408,0.08673942906533333,0.04214203948512047,False,False,False,-1,0,False,0.742,2,2,
207,0,5,0.3691718060793889,0.5012084310164231,0.8428896090278332,0.8459337387814936,0.1910188211887632,0.0,0.0,False,False,True,51,13,False,0.826,1,1,
208,0,3,0.4369704499138222,0.03855341768564815,0.7330341776518264,0.3799190340546504,0.11154758599053312,0.0,0.0,False,False,True,47,8,False,0.784,0,0,
209,50,0,1.0,1.0,1.0,0.4420804863689668,0.11036023941430359,0.27893353367633167,0.013759661475936496,False,False,False,-1,0,False,0.0,0,0,
210,1,1,0.23024938914766266,0.10882935016884024,1.0,0.5491668889271792,0.021997165084962654,0.025057116101344847,0.0007374099990715259,False,False,False,-1,1,False,0.0,4,4,
211,0,4,0.15707147362407162,0.3925285445151661,0.9948969392098177,0.5928927752855082,0.08189154713660035,0.0,0.0,False,False,True,191,8,False,0.826,1,1,
212,0,3,0.06145319465275995,0.18804995372316569,0.9996657200309116,0.4999597830615685,0.4939630752381255,0.0,0.0,False,False,False,-1,0,False,0.868,4,4,
213,0,9,0.5300380354095947,0.1662410873990951,0.3412101871165027,0.6971169913867834,0.21123290198165173,0.0,0.0,False,False,True,29,10,False,0.847,0,0,
214,0,6,0.2223610874362807,0.5814522294801513,0.4201958266561882,0.44877314166901083,0.22223626837937627,0.0,0.0,False,False,True,22,8,False,0.868,0,0,
215,0,1,0.10047956566056737,0.3814125177482882,1.0,0.4377244666874493,0.29957684183516226,0.0,0.0,False,False,False,-1,0,False,0.0,3,3,
216,2,1,0.2807509494268888,0.5306053240162613,0.9656684239473792,0.4927176240026049,0.13110479981140863,0.08309787549538361,0.01730569561253767,False,False,False,-1,1,False,0.742,1,1,
217,1,8,0.2740218415170347,0.3297690065870969,0.7035261805257291,0.4710032317860336,0.19776249099568916,0.01595909839639412,0.0001196894398698003,False,False,True,35,13,False,0.8889999999999999,0,0,
218,1,0,0.24931637699918444,0.29345956797411277,1.0,0.3899323794888376,0.041818628113671055,0.018456060738487552,0.0002150302894227997,False,False,False,-1,0,False,0.0,1,1,
219,0,2,0.16769544358844155,0.1490231417411289,0.993427887714089,0.4563630011450464,0.21331168702872458,0.0,0.0,False,False,False,-1,4,True,0.742,2,2,
220,0,3,0.17337282150992608,0.43399456491291993,0.4713475906682435,0.48551221607098666,0.3903472413207739,0.0,0.0,False,False,True,26,11,False,0.826,0,0,
221,0,3,0.3132570740009178,0.1672629074107238,0.3559175100691772,0.29789112808370505,0.34015292810903375,0.0,0.0,False,False,True,27,9,False,0.826,0,0,
222,0,4,0.23027147642018375,0.14773592989665288,0.6896695183698892,0.9700978511611388,0.5199099188959109,0.0,0.0,False,False,True,47,9,False,0.826,0,0,
223,0,0,0.3639157142422015,0.2562761225222861,0.9246918316021115,0.4797310188455642,0.1194597483471724,0.0,0.0,False,False,False,-1,2,False,0.0,2,2,
224,0,0,0.24526139980077347,0.3708376970593148,1.0,0.3864696496433748,0.274328594731022,0.0,0.0,False,False,False,-1,0,False,0.0,3,3,
225,0,2,0.360281096855829,0.17579820129610357,0.9530252866804025,0.5208540660735725,0.20647351945440232,0.0,0.0,False,False,True,192,9,False,0.8049999999999999,1,1,
226,4,0,0.5371811625698184,0.3190236199276335,1.0,0.4637406104043348,0.14465635144040936,0.14204619902903742,0.030432412196342497,False,False,False,-1,0,False,0.0,2,2,
227,2,0,0.34857586879272656,0.0,0.9982563350254989,0.4780437264963324,0.03264297700241683,0.1324031047046906,0.3228446313725146,False,False,False,-1,1,False,0.0,5,5,
228,1,0,0.24478110207403533,0.4841462973730599,0.9751506001511709,0.503094044054686,0.08427476100602155,0.02395183614497094,0.0006148139364982807,False,False,True,290,8,False,0.742,0,0,
229,1,1,0.2781354835182585,0.4269973668485967,0.9879087470477044,0.293066772051121,0.14876422119800084,0.02701374985977188,0.0009984306091742447,False,False,True,212,8,False,0.784,0,0,
230,54,0,1.0,1.0,0.6271715150411366,0.45808959635094737,0.6387868964215955,0.27893353367633167,0.01491599793956424,False,False,True,64,8,False,0.7,0,0,
231,0,0,0.5070643707243762,0.16376659754228517,0.9560301142651019,0.49297172341798945,0.15508123991466444,0.0,0.0,False,False,False,-1,11,True,0.784,4,4,
232,0,0,0.43819345002716037,0.2824730784378375,1.0,0.459948578289437,0.19050226904512146,0.0,0.0,False,False,False,-1,0,False,0.0,0,0,
233,2,1,0.238134217862585,0.288429461144347,0.9943861544153171,0.5406440953383166,0.15581845256314944,0.047079155482923934,0.0017620919158970259,False,False,False,-1,0,False,0.763,1,1,
234,1,0,0.2626587884768151,0.06993419983438713,0.9858482966822838,0.41204561765199865,0.050485838810649705,0.12460780522231983,0.4735488656416021,False,False,False,-1,5,True,0.0,1,1,
235,0,0,0.11702214462852042,0.2277830300893715,0.9875041666677306,0.5552609250422883,0.011558073854461328,0.0,0.0,False,False,True,448,8,False,0.742,0,0,
236,0,0,0.20971782305565662,0.7396745497897493,0.8735625731015776,0.748111862387349,0.12394623943071484,0.0,0.0,False,False,True,208,8,False,0.8049999999999999,1,1,
237,1,0,0.28639760911691275,0.31943289060339664,0.9826562811799098,0.4675696184187126,0.1212328623040721,0.016200898836643378,0.0001271679315907916,False,False,True,430,8,False,0.784,0,0,
238,1,3,0.03742016259026566,0.012556387638619368,0.9904454585345461,0.4510328101292142,0.3539396777789776,0.07398533493248176,0.05792641784140538,False,False,False,-1,4,True,0.0,2,2,
239,0,3,0.31405887657262954,0.8285638275797526,0.9939278363576614,0.5636603319184347,0.09939553767258308,0.0,0.0,False,False,False,-1,0,False,0.0,1,1,
240,0,3,0.3120847187568069,0.1249446493491497,0.8753774109111014,0.4549232077449847,0.028054427524727157,0.0,0.0,False,False,False,-1,6,True,0.8049999999999999,5,5,
241,0,1,0.23180045105533834,0.2544026291617327,1.0,0.40735559205675276,0.12033689782156977,0.0,0.0,False,False,False,-1,1,False,0.763,3,3,
242,0,6,0.2776492831961515,0.38225232095557227,0.7674014591488877,0.29650963118219864,0.16832029928671594,0.0,0.0,False,False,True,32,11,False,0.826,0,0,
243,1,3,0.41285901312980644,0.04167539354773089,1.0,0.5317134911783998,0.05580755436330298,0.04481812863596217,0.007682175808701076,False,False,False,-1,2,False,0.8049999999999999,4,4,
244,0,0,0.33331731768720696,0.337605453909659,0.977003869201262,0.4522054369995487,0.2865933742297992,0.0,0.0,False,False,False,-1,0,False,0.0,2,2,
245,0,0,0.14936745461439754,0.23620749810166466,0.9417095813007375,0.36422945020822567,0.19692371021234178,0.0,0.0,False,False,True,320,9,False,0.763,0,0,
246,0,0,0.6478740645364194,0.2133654491226588,0.9830085861676634,0.5454086743584312,0.26346371081031933,0.0,0.0,False,False,False,-1,0,False,0.0,2,2,
247,0,9,0.42210489267706175,0.5372306021266063,0.6469007483153862,0.47119831131655787,0.3550368866937709,0.0,0.0,False,False,True,79,14,False,0.784,0,0,
248,0,6,0.19637790459833288,0.293723362007552,0.5465656466303063,0.4350209503460855,0.21497997705396324,0.0,0.0,False,False,True,42,15,False,0.784,0,0,
249,0,2,0.2698538426043687,0.32722612655081995,0.5194033979806587,0.6320046825847747,0.38412441136874276,0.0,0.0,False,False,True,29,10,False,0.8049999999999999,0,0,
250,1,0,0.14643859409699464,0.2687347292473563,1.0,0.45073097073358054,0.05215230246641157,0.062392212941003,0.029144945409097164,False,False,False,-1,2,False,0.0,1,1,
251,2,9,0.665827263083806,0.39978177066703025,0.7692440364835166,0.8683389212061514,0.14396336443878183,0.03628171129014701,0.00041502801180947496,False,False,True,48,9,False,0.826,1,1,
252,47,0,1.0,1.0,0.9341633040656089,0.4772841055409799,0.5392974753420704,0.23879005295517117,0.007115360211149992,False,False,False,-1,0,False,0.0,1,1,
253,1,0,0.14320745262929682,0.14527475279418472,0.9872336810351598,0.5149756893539164,0.3542877056223797,0.03875458230108665,0.004276026982026048,False,False,False,-1,1,False,0.0,1,1,
254,2,0,0.43025062743919223,0.307325930744749,1.0,0.38410528658824,0.014526265917163866,0.09876007763357214,0.03067025559268605,False,False,False,-1,0,False,0.0,2,2,
255,0,7,0.14379923290821825,0.3436401615163031,0.8306299466778924,0.3159874418629869,0.500221560926539,0.0,0.0,False,False,True,35,12,False,0.826,0,0,
256,0,8,0.10615893495741748,0.22326192690857768,0.7366746378538567,0.27065862188408757,0.15131807513736306,0.0,0.0,False,False,True,58,11,False,0.763,0,0,
257,118,0,1.0,1.0,0.9937753346025603,0.409831397185582,0.6585924530642533,0.2845826412179647,0.026204218260737887,True,False,False,-1,0,False,0.0,1,1,
258,1,0,0.2009747927918431,0.40095626240848403,0.947676415590913,0.45555038380273716,0.11597770728579837,0.020504742280531712,0.0003286639344636494,False,False,False,-1,0,False,0.0,1,1,
259,1,1,0.3806731738471578,0.3172226131070663,1.0,0.40014261164612824,0.16511327455455496,0.066593269819718,0.037898695559615975,False,False,False,-1,0,False,0.8049999999999999,4,4,
260,3,0,0.5478950248683853,0.478672933345313,0.8933634246176323,0.5194611153898475,0.09263595316086008,0.1509204463299897,0.12650046379454674,False,False,False,-1,1,False,0.0,4,4,
261,0,4,0.4336184016532654,0.4879373511204905,0.8822601575305323,0.5447175921309005,0.04387966154673752,0.0,0.0,False,False,True,58,8,False,0.784,0,0,
262,0,0,0.17241952779870864,0.26108274221569056,0.9408256389013729,0.5132969522350728,0.09872056036663542,0.0,0.0,False,False,False,-1,1,False,0.784,3,3,
263,0,2,0.1757328056906731,0.1058331187733314,1.0,0.5157937650238971,0.12699185635155805,0.0,0.0,False,False,True,192,8,False,0.8049999999999999,0,0,
264,4,2,0.5834609713496435,0.38534371859079153,0.5120658841493269,0.13130708487130402,0.38473728916889804,0.06853310161062964,0.0006439778432935036,False,False,True,37,8,False,0.826,0,0,
265,0,4,0.07097036176483337,0.30256165587349165,0.4979862420396238,0.48848965519948206,0.16676908255626804,0.0,0.0,False,False,True,44,9,False,0.763,0,0,
266,0,1,0.16436947269277738,0.5850176059259043,0.9741545913789036,0.46550431372762274,0.25765407858866846,0.0,0.0,False,False,False,-1,0,False,0.763,2,2,
267,2,1,0.2376196879448521,0.7859275384271052,0.9115435608631726,0.4625472955556396,0.18106706787221755,0.04659365996266165,0.0012975068042859307,False,False,False,-1,1,False,0.784,2,2,
268,0,0,0.4284021134951318,0.3099930107119209,0.9502911214146246,0.28159610993505696,0.057577544723936815,0.0,0.0,False,False,True,94,9,False,0.784,0,0,
269,1,0,0.06755115152622229,0.28482524333127296,0.8652956589314819,0.05271589808601326,0.2938586355071154,0.01603929487074786,0.00012213208149979623,False,False,True,52,9,False,0.826,0,0,
270,0,3,0.31311405297605066,0.36674912655321634,0.6227433860291751,0.1999300508913057,0.05333711501034919,0.0,0.0,False,False,True,40,8,False,0.8049999999999999,1,1,
271,3,0,0.14981983623625356,0.18500507228510715,1.0,0.5098038397701158,0.22549609624724593,0.19168680256986714,0.9612244384045826,False,False,False,-1,2,False,0.0,1,1,
272,3,1,0.22130896520845356,0.6552004760284162,0.9810800392610866,0.5208795437670852,0.19647438675164441,0.07817860162145142,0.0040162815244766574,False,False,False,-1,1,False,0.0,2,2,
273,1,0,0.11660898735144963,0.12138518373365982,1.0,0.40289587568510704,0.5530670459635814,0.06208025187629798,0.02856204650091522,False,False,False,-1,1,False,0.0,3,3,
274,68,0,1.0,1.0,0.9948747017561134,0.4582165808375732,0.1416525358247663,0.2845826412179647,0.01805754357605415,False,False,False,-1,0,False,0.0,3,3,
275,0,0,0.48399362973151555,0.4507211669068296,0.9821979773573324,0.3446003925283405,0.20950224774909934,0.0,0.0,False,False,True,218,8,False,0.784,0,0,
276,0,0,0.20695376782039282,0.3660541899365451,0.9941396042063879,0.4014260314591943,0.1692694299742037,0.0,0.0,False,False,False,-1,0,False,0.742,1,1,
277,0,6,0.5748709339078333,0.3483576324404284,0.26246346936444687,0.44628000262868794,0.18777358806393532,0.0,0.0,False,False,True,35,8,False,0.826,1,1,
278,2,0,0.3078977565353984,0.49475451289457517,0.9841441159201386,0.4279526247294751,0.29612329498363127,0.10033575787168782,0.08698653393411444,False,False,False,-1,0,False,0.763,3,3,
279,0,0,0.44096251012603255,0.3994641186594306,0.995630968786017,0.5613982531989347,0.315148813003463,0.0,0.0,False,False,True,219,8,False,0.742,0,0,
280,0,0,0.5222599247986968,0.07816822483704074,0.9094939517296702,0.35681923109471136,0.0765555182111625,0.0,0.0,False,False,True,398,8,False,0.763,0,0,
281,0,9,0.3897493678030555,0.47682701990462906,0.400799905873227,0.5678878756268595,0.19811384170541024,0.0,0.0,False,False,True,38,11,False,0.847,1,1,
282,0,2,0.572305020707146,0.42046620843875865,0.8753653679082125,0.4200064254425525,0.04314518307456362,0.0,0.0,False,False,True,67,8,False,0.8049999999999999,1,1,
283,2,2,0.10314827581160632,0.40897844563103847,0.9342728937701524,0.5375254617039605,0.05848007173897597,0.08317219632515911,0.02006668054282489,False,False,True,323,8,False,0.8049999999999999,1,1,
284,18,0,1.0,0.65670117421709,1.0,0.557832807386609,0.2733004014766892,0.3114533111381652,0.006197084341399005,False,False,False,-1,0,False,0.0,0,0,
285,1,2,0.4734507484349338,0.2502494762192063,0.9497061549083926,0.4857939600322191,0.24259483864632841,0.10299646397807995,0.21976355758743915,False,False,False,-1,6,True,0.0,3,3,
286,0,1,0.5295436406068779,0.3368266088603156,0.9446411530047271,0.33100673518453616,0.20302783952872233,0.0,0.0,False,False,True,53,8,False,0.8049999999999999,0,0,
287,22,0,0.8885850701070503,1.0,0.9837434097026087,0.5173968280183573,0.7505691226476823,0.3374610553786671,0.010776349765195472,True,False,False,-1,0,False,0.0,0,0,
288,0,6,0.20362560691298714,0.3082393952358269,0.4612201531876592,0.5474091108417717,0.4590417208178333,0.0,0.0,False,False,True,37,8,False,0.8049999999999999,0,0,
289,1,0,0.33309919522670345,0.09874286617029744,0.9691785304471571,0.7689502225754182,0.2662224975770193,0.04284118208460475,0.006404996888794895,False,False,True,379,8,False,0.742,0,0,
290,0,2,0.017523888478525724,0.5892550692258327,0.978940621470886,0.5143316041117016,0.4460841156753246,0.0,0.0,False,False,True,406,8,False,0.8049999999999999,1,1,
291,2,0,0.6133098012809098,0.21673160370309857,1.0,0.46203969745330975,0.27411041304706135,0.07943182720854812,0.021927801768895496,False,False,False,-1,1,False,0.742,1,1,
292,0,1,0.19920374820559847,0.2254151321649084,1.0,0.4920175074713109,0.28017841294604595,0.0,0.0,False,False,False,-1,0,False,0.0,0,0,
293,3,3,0.35465218262248827,0.46389563160938907,1.0,0.6708847384127925,0.017004297861274664,0.08174635777566144,0.0042889465420490385,False,False,True,316,8,False,0.8049999999999999,0,0,
294,0,0,0.4633837201206261,0.3093069255113975,0.9597741721644987,0.4891471414339903,0.07435805078162633,0.0,0.0,False,False,False,-1,2,False,0.742,2,2,
295,1,3,0.48768544144841863,0.25192832550642225,0.7609664158693968,0.033912916677425735,0.4305688444559926,0.017641956117454373,0.00017928102259645766,False,False,True,36,8,False,0.826,0,0,
296,2,3,0.2732866691391902,0.27652356919099763,0.868810895667745,0.5296536601698959,0.5241091195412008,0.09052305067790196,0.054699162083584475,False,False,False,-1,4,True,0.784,3,3,
297,1,0,0.31831528143239174,0.35230090813486814,0.9810486713151526,0.5265882881317973,0.10441168325749833,0.0555982659618949,0.01831314723627813,False,False,True,437,8,False,0.742,0,0,
298,0,7,0.3643232292388305,0.28871645876928737,0.46366282778474527,0.47463084846123144,0.1896064266690382,0.0,0.0,False,False,True,47,8,False,0.8049999999999999,1,1,
299,0,2,0.28046583852896395,0.22422509368420698,0.9725771187128557,0.3877541661038522,0.12448981591494514,0.0,0.0,False,False,True,175,8,False,0.742,0,0,
300,3,1,0.6123398075370354,0.25378670923343327,0.9287912324843374,0.4669089297538463,0.21581825569339005,0.1075979216139711,0.014318218700159955,False,False,False,-1,0,False,0.784,4,4,
301,1,1,0.18684844539324363,0.19046964093538338,0.9940356679694654,0.5098338748555791,0.26955428878585436,0.04136404583641047,0.00556034133952865,False,False,False,-1,0,False,0.0,2,2,
302,0,0,0.16461639776342069,0.4360501636953026,0.9782750864300571,0.4312485008579606,0.09264896214472025,0.0,0.0,False,False,False,-1,5,True,0.742,2,2,
303,0,0,0.4311559979471426,0.673018575400978,0.9732870180408452,0.5420643498144787,0.021115350235673146,0.0,0.0,False,False,False,-1,1,False,0.0,2,2,
304,0,0,0.3323806376630733,0.10288972998645168,0.9578364383228885,0.4822024288055079,0.2269822003508567,0.0,0.0,False,False,True,69,8,False,0.742,0,0,
305,3,1,0.4979160546067952,0.206249038608462,0.9314175479692393,0.34506249147477924,0.31916319977077345,0.08766991147020882,0.006035810136170506,False,False,True,192,8,False,0.763,0,0,
306,0,6,0.1480189796966613,0.39654816481430477,0.5057998345655176,0.502867591040015,0.546978712124135,0.0,0.0,False,False,True,48,8,False,0.784,0,0,
307,0,2,0.2033499983883519,0.21146671763027877,0.9627813881543656,0.36673210652149263,0.06912989144828506,0.0,0.0,False,False,True,75,8,False,0.721,0,0,
308,0,1,0.4923375896869348,0.1634108773684731,1.0,0.4036095726534189,0.13796901699505695,0.0,0.0,False,False,True,187,8,False,0.763,0,0,
309,0,1,0.5453480155302686,0.2313327359949152,0.600248444750028,0.3152046905414784,0.45466751313513554,0.0,0.0,False,False,True,49,9,False,0.784,0,0,
310,0,2,0.07507146960911995,0.2138907551164543,1.0,0.5167145494127253,0.020095104628526813,0.0,0.0,False,False,False,-1,1,False,0.784,2,2,
311,0,3,0.3048071158473341,0.2831388435843178,0.649576626848727,0.5380415546947188,0.2124088026791866,0.0,0.0,False,False,True,39,8,False,0.784,0,0,
312,0,0,0.38480943664767475,0.22651165735585932,0.7841100385244236,0.5502511453850566,0.09510658298327744,0.0,0.0,False,False,True,43,9,False,0.784,0,0,
313,1,0,0.38815217032902405,0.39047258854114153,0.9888870298455147,0.6050590315729799,0.29141910369202934,0.023594351996527728,0.0005786579585206898,False,False,True,189,8,False,0.742,0,0,
314,0,9,0.603217208575792,0.6739418221271656,0.3649302260157631,0.42471604631630666,0.15188019592636767,0.0,0.0,False,False,True,50,15,False,0.8049999999999999,0,0,
315,0,1,0.07663000172662554,0.2697886681285255,1.0,0.45937913369899663,0.23979680508966045,0.0,0.0,False,False,False,-1,1,False,0.0,1,1,
316,3,0,0.16900812504582194,0.4342442929803707,0.9946057461321927,0.5745906147448108,0.4442477825829397,0.062144916092384435,0.0010295540604320407,False,False,False,-1,1,False,0.742,1,1,
317,2,0,0.721319509321468,0.341460843950378,0.9016566856075314,0.3609590086979163,0.27161602256016654,0.04738413160365814,0.0016229844097898159,False,False,True,263,8,False,0.763,0,0,
318,0,4,0.29837070863597615,0.1499617160759568,0.5537764798080246,0.33525953225553895,0.1611473361257979,0.0,0.0,False,False,True,30,9,False,0.8049999999999999,0,0,
319,0,5,0.3606271093037704,0.35604473153010624,1.0,0.6935314822875359,0.06962908692346254,0.0,0.0,False,False,True,39,8,False,0.847,0,0,
320,1,0,0.15634908191659042,0.47607668398931624,0.9467020944561549,0.4322056721592465,0.16469176854276255,0.01694850451710154,0.00015252566467571568,False,False,True,55,8,False,0.784,0,0,
321,60,1,1.0,1.0,0.960881348921536,0.4420600737931293,0.5099571385560447,0.2639700270581437,0.011463859968878266,True,False,False,-1,0,False,0.0,0,0,
322,1,1,0.43633245767525874,0.3247908844886906,1.0,0.4853607870234813,0.20230035804953367,0.066593269819718,0.037898695559615975,False,False,True,424,8,False,0.742,0,0,
323,1,1,0.44552580007634734,0.4714322672791528,0.9789137732513138,0.3793266202426026,0.02036455996450618,0.022216979954296247,0.0004540825773734234,False,False,True,200,8,False,0.742,0,0,
324,1,0,0.051774267480092215,0.148839903551574,1.0,0.5283294883469113,0.0637464065361998,0.0751063059368779,0.061545803450736285,False,False,False,-1,0,False,0.0,3,3,
325,1,1,0.5163358972185719,0.16184150187639884,0.9638468434372155,0.5418485350063715,0.12755357304689122,0.01587930290441215,0.00011729565107240429,False,False,False,-1,0,False,0.0,0,0,
326,0,1,0.6455553250122046,0.20264716564887963,0.6700371144422919,0.7183099697645406,0.11911641338062214,0.0,0.0,False,False,True,31,9,False,0.826,0,0,
327,0,0,0.424956106137293,0.24666471821088615,0.8880543690650211,0.5685727234585768,0.22288509746661755,0.0,0.0,False,False,True,183,9,False,0.763,0,0,
328,0,1,0.33522725021824745,0.266268474792878,1.0,0.5309258300661525,0.2043026437311689,0.0,0.0,False,False,False,-1,0,False,0.0,1,1,
329,0,0,0.24306353416768103,0.2504762465834403,0.9605461347049208,0.5829927507238326,0.2853336554145651,0.0,0.0,False,False,True,386,9,False,0.742,0,0,
330,0,5,0.12572412440188985,0.44791504536064547,0.6384746812381074,0.3633532237160806,0.12348724793433115,0.0,0.0,False,False,True,16,8,False,0.826,1,1,
331,0,9,0.3217510342095806,0.48061933168265314,0.3053198822914326,0.38406433036258464,0.08818813504168399,0.0,0.0,False,False,True,40,14,False,0.8049999999999999,1,1,
332,2,0,0.48385394471357734,0.31764906190512054,0.9922167107106444,0.5451372237413702,0.2276438402593249,0.1745563305599493,0.7715512120979949,False,False,False,-1,0,False,0.0,2,2,
333,0,0,0.2639626102275533,0.3027676024988538,1.0,0.5934786811664987,0.47107295903422985,0.0,0.0,False,False,False,-1,4,True,0.0,2,2,
334,1,16,0.4778425188585713,0.07033197753736707,0.7866542421776308,0.32088149228602464,0.26118551485989366,0.019404756765075526,0.00026317151618582036,False,False,True,58,16,False,0.784,0,0,
335,0,0,0.6209729233188764,0.48506140596736463,0.9260742600048861,0.548845994231741,0.21014144670647575,0.0,0.0,False,False,True,169,8,False,0.763,0,0,
336,0,0,0.41046771838110335,0.638873689196856,1.0,0.44911232595379424,0.08405731536388444,0.0,0.0,False,False,False,-1,0,False,0.742,1,1,
337,0,6,0.17645598341348004,0.0946287911990915,0.6306191949162143,0.3158969958544115,0.3233461858009614,0.0,0.0,False,False,True,56,8,False,0.8049999999999999,1,1,
338,2,0,0.3482140649767109,0.1081597513001665,0.9900578885881953,0.4755291431959887,0.2325526959504014,0.054955481137730036,0.004403194913616835,False,False,False,-1,0,False,0.0,0,0,
339,1,8,0.3473321833035121,0.1035125795848549,0.5400897663500936,0.30995160383499315,0.18738714386643326,0.017553746336867102,0.0001756954021445285,False,False,True,40,11,False,0.8049999999999999,1,1,
340,0,1,0.14248852780470042,0.6218063731364925,0.9204902806100274,0.6907683359631636,0.24641301002452817,0.0,0.0,False,False,True,178,8,False,0.763,0,0,
341,1,2,0.34721944443841346,0.38181581919388385,0.9722247421686776,0.5199348676543198,0.007459913987438689,0.033679785839864654,0.0024286814535104282,False,False,False,-1,3,False,0.0,1,1,
342,1,0,0.3562527724416936,0.3134232764594262,1.0,0.5153613946243508,0.0573377639540152,0.018642014836481455,0.00022389659456767983,False,False,True,160,8,False,0.742,0,0,
343,0,0,0.2805922691214787,0.09342777811489945,0.9333113547675546,0.4780586350443512,0.3515491908950562,0.0,0.0,False,False,True,93,8,False,0.742,0,0,
344,20,0,0.8808144396529742,0.6610961953251232,0.9877109315592545,0.5352561506720274,0.5725938693023771,0.26529650960617457,0.003998757778667259,False,False,False,-1,0,False,0.0,1,1,
345,0,1,0.3019120875268325,0.1767629255530201,1.0,0.5288968754024904,0.26026021721588366,0.0,0.0,False,False,False,-1,0,False,0.0,2,2,
346,0,2,0.1452865323651035,0.30929538164584064,0.8244320298572491,0.49716655689176625,0.0547042749360797,0.0,0.0,False,False,True,314,8,False,0.742,0,0,
347,0,5,0.3669985959199103,0.6360390688841753,0.6256778797588541,0.4657986661939993,0.051764528462945075,0.0,0.0,False,False,True,36,10,False,0.826,1,1,
348,0,1,0.4364375217466738,0.5704967573961217,0.9345948553586044,0.48285558063536077,0.3576175712639473,0.0,0.0,False,False,False,-1,2,False,0.721,1,1,
349,0,1,0.38603714217339513,0.6404788415569015,0.8578592335430165,0.8156627533125281,0.049597011674566226,0.0,0.0,False,False,True,277,8,False,0.763,0,0,
