agent_id,punish_issued,punished_received,final_r,final_b,final_x,y,L,cap,service,is_enforcer,cadre_fallback,exited,exit_time,exit_intent,disengaged,exit_cost_eff_last,degree,degree_at_end,betweenness
0,0,96,0.41218607296515647,0.19453895957067455,0.6811026464373683,0.6924522945104926,0.19856147379967867,0.0,0.0,False,False,True,100,66,False,2.71,5,5,
1,2,0,0.3218197678023915,0.24414688727193762,1.0,0.4867018333196459,0.30436461367028206,0.1120858564496633,0.05385636258301639,False,False,False,-1,0,False,0.0,7,7,
2,1,20,0.45938170467865747,0.6981892350309508,0.744516643168841,0.5584588038170036,0.03237066672447221,0.018456060738487552,0.0002150302894227997,False,False,True,43,15,False,2.4699999999999998,5,5,
3,507,311,1.0,1.0,0.9666193444037077,0.5504457667426852,0.2835427245967108,1.99,56.64317212294581,True,False,False,-1,0,False,0.0,19,19,
4,0,17,0.4058295064353335,0.17587876043563733,0.674753561857023,0.48508490108698354,0.15324340169814635,0.0,0.0,False,False,True,42,12,False,1.51,1,1,
5,0,87,0.5144151673911038,0.11995744641523502,0.6642459278459151,0.48993756512966613,0.2580170779720817,0.0,0.0,False,False,True,172,112,False,1.45,0,0,
6,0,310,0.03178380536034513,0.387515698703995,0.8685001009057789,0.3991134265907347,0.1831643049904987,0.0,0.0,False,False,True,196,143,False,1.87,3,3,
7,0,35,0.2788180176458587,0.6016578277410113,1.0,0.48713236753005834,0.293982239355981,0.0,0.0,False,False,False,-1,14,True,2.23,41,41,
8,0,53,0.5570706311540957,0.6485899913495584,0.6881269335161851,0.7044309793916192,0.1851390863898695,0.0,0.0,False,False,True,113,51,False,2.26,4,4,
9,0,4,0.2728910933216414,0.4741581874818866,0.9870185385488336,0.5539998891305036,0.1158557481936508,0.0,0.0,False,False,False,-1,0,False,0.0,32,32,
10,1,83,0.3357899214135407,0.5648899257597234,0.9285443575258083,0.39485364667491757,0.24792964577312226,0.025564585897729867,0.0007994746903140346,False,False,True,257,93,False,1.87,3,3,
11,0,7,0.39621419046376266,0.25046269489966144,0.9539316791274239,0.4849755476948423,0.244615220405815,0.0,0.0,False,False,False,-1,0,False,0.0,20,20,
12,0,33,0.5017108606483921,0.6175405421725024,1.0,0.5809079196369503,0.2213211106491711,0.0,0.0,False,False,True,137,21,False,1.72,1,1,
13,0,20,0.03202018382665988,0.2242544108535122,0.9062879446041163,0.546229782171571,0.0681798084141262,0.0,0.0,False,False,True,41,23,False,2.2,4,4,
14,0,59,0.6342896977592333,0.37744463977763804,0.8496649233635725,0.7708343223764907,0.03476158393144968,0.0,0.0,False,False,True,98,55,False,2.26,4,4,
15,1,234,0.4743516492231148,0.2873731280356876,0.6429559816696827,0.8940343182365295,0.22973302099729384,0.016779443184543448,0.00014648564835455732,False,False,True,131,97,False,2.1399999999999997,4,4,
16,0,26,0.2746098586674238,0.691583345349315,0.6761812250034057,0.22122625001717058,0.3922628380929839,0.0,0.0,False,False,True,63,20,False,2.02,3,3,
17,0,110,0.37391461544976523,0.16759144665423203,0.40628576291635615,0.26735870202923073,0.37037629525716165,0.0,0.0,False,False,True,71,56,False,2.62,4,4,
18,0,99,0.287887506300825,0.21776479886789216,0.4465377079855175,0.45659693568530846,0.14424387570633054,0.0,0.0,False,False,True,85,61,False,2.5300000000000002,4,4,
19,0,135,0.2441224497612381,0.7995107026327021,0.5498158910342614,0.4946602439003247,0.08113240843902353,0.0,0.0,False,False,True,98,79,False,1.6,2,2,
20,0,56,0.3819064119215966,0.22396402075707894,0.6629767406458439,0.4446454486398022,0.25708717090278377,0.0,0.0,False,False,True,65,38,False,1.9,3,3,
21,0,15,0.2644786701000766,0.37225150679339253,0.5714532984495766,1.0,0.3647179717914033,0.0,0.0,False,False,True,48,14,False,1.51,1,1,
22,645,569,1.0,1.0,1.0,0.4972303435899535,0.5628407346715281,2.0,69.44308652519116,True,False,False,-1,0,False,0.0,28,28,
23,0,24,0.11500243925612871,0.46370720291057604,1.0,0.5745740747779017,0.08729011542947673,0.0,0.0,False,False,False,-1,0,False,0.0,14,14,
24,1,0,0.14951817818467192,0.1969092837429293,1.0,0.5754599278603348,0.21122765584298409,0.05004330020385454,0.011981483021206774,False,False,False,-1,0,False,0.0,4,4,
25,0,28,0.4827400698364912,0.18523965253817,0.5653194928896403,0.8696867871828444,0.3228308158729842,0.0,0.0,False,False,True,61,24,False,1.54,1,1,
26,0,26,0.08394094174283165,0.04229929125167567,1.0,0.436771081362584,0.04593185260261105,0.0,0.0,False,False,False,-1,0,False,0.0,8,8,
27,0,62,0.14021558147473556,0.18574641254737115,0.7530321246622934,0.33622043085629333,0.36134959919719906,0.0,0.0,False,False,True,219,55,False,1.87,3,3,
28,0,26,0.360641442295274,0.5101619422060988,0.4048049574736119,0.6533199272601706,0.02641647201746391,0.0,0.0,False,False,True,54,23,False,1.87,3,3,
29,0,21,0.326118551736167,0.5828350138839279,0.2788780338285371,0.42740746186879097,0.38427611461343664,0.0,0.0,False,False,True,43,19,False,1.66,2,2,
30,0,26,0.4300835066329396,0.4497251818837131,0.8491231036646198,0.2041268336827967,0.21421076371496833,0.0,0.0,False,False,True,77,22,False,1.54,2,2,
31,3,7,0.2353724133077158,0.545505588022491,1.0,0.4907772208516699,0.09925629404018044,0.13404008940292156,0.02803042811330556,False,False,False,-1,0,False,0.0,12,12,
32,0,37,0.2535212858536978,0.4351680510942342,0.8210054694579083,0.8539391149990662,0.1590845029462166,0.0,0.0,False,False,True,58,26,False,1.99,2,2,
33,1,62,0.40077359544494534,0.3595842800131589,0.9913135410059669,0.44732929490373025,0.1727873812626016,0.01595909839639412,0.0001196894398698003,False,False,True,255,12,False,1.21,1,1,
34,0,35,0.16991209472355417,0.188792260903852,0.30871135849083364,0.25634471093721295,0.26479063505167943,0.0,0.0,False,False,True,43,18,False,2.2,2,2,
35,0,2,0.09139806757010527,0.15055910392147462,0.9954794777726319,0.5198630603254859,0.4110494380811688,0.0,0.0,False,False,False,-1,0,False,0.0,7,7,
36,0,16,0.504252249144901,0.12801511558073225,0.9255841980380081,0.6623392947663116,0.32612409860119396,0.0,0.0,False,False,True,76,14,False,1.27,0,0,
37,339,23,1.0,1.0,1.0,0.45319909564760497,0.5734178832183866,2.0,22.80855318803801,True,False,False,-1,0,False,0.0,1,1,
38,0,1,0.08652603909347027,0.3109093313410849,1.0,0.43395902273456455,0.28510990290558164,0.0,0.0,False,False,False,-1,0,False,0.0,2,2,
39,0,25,0.35051380175278496,0.3254821929709958,0.915070882931718,0.5071891079176651,0.02384118475521029,0.0,0.0,False,False,True,92,17,False,1.33,0,0,
40,2,0,0.5010292381734656,0.3586762305983412,0.9894285666786335,0.4747841923126786,0.1292089188680714,0.1583961758110357,0.19003035560935813,False,False,False,-1,0,False,0.0,17,17,
41,2,1,0.35199373136432477,0.6262216754139933,1.0,0.44260617141043496,0.15280136075970135,0.09168369903511239,0.01683434722088952,False,False,False,-1,0,False,0.0,12,12,
42,0,13,0.08377994017526538,0.1923254342587189,0.9877738675925086,0.5660025888599431,0.31739614674485966,0.0,0.0,False,False,False,-1,0,False,0.0,13,13,
43,0,50,0.36342332638041663,0.6328920861890536,0.8757603672517178,0.7787727025327178,0.3759241902530917,0.0,0.0,False,False,True,141,47,False,1.18,0,0,
44,671,36,1.0,1.0,0.9919144686085359,0.5527191504714352,0.5387695197265047,2.0,54.555444987378635,True,False,False,-1,0,False,0.0,4,4,
45,0,36,0.41138166876204374,0.37312888170362335,1.0,0.42174459722430785,0.4358738291042114,0.0,0.0,False,False,False,-1,5,False,1.24,8,8,
46,0,4,0.06518861546483519,0.17657246239405433,0.9660444708646778,0.5594994976587111,0.12834181526712582,0.0,0.0,False,False,False,-1,0,False,0.0,9,9,
47,0,32,0.1801242671222038,0.4534449223785321,0.857616990542887,0.40314064086373474,0.5352229067618883,0.0,0.0,False,False,True,95,40,False,1.3,1,1,
48,0,93,0.1285490476140699,0.12769185604268013,0.4962177955394253,0.7376428921688966,0.15273529081172268,0.0,0.0,False,False,True,95,58,False,1.45,1,1,
49,5,0,0.9572887233476471,0.49925682815042804,1.0,0.46083038130314635,0.32852439953327534,0.3360990433074942,0.3907543194989436,False,False,False,-1,0,False,0.0,4,4,
50,2,17,0.41519115518659233,0.11995310735231714,0.963839508274891,0.5442513211018359,0.39084080273475225,0.12267581593623195,0.08226882669145563,False,False,False,-1,0,False,0.0,3,3,
51,0,22,0.3727143133503536,0.24361225544262333,0.60322406372481,0.7946096087143543,0.42438108136913844,0.0,0.0,False,False,True,69,16,False,1.69,1,1,
52,0,37,0.3451479871471547,0.2934778934811009,0.7060644667124236,0.3257210117308542,0.4002227103553534,0.0,0.0,False,False,True,64,26,False,1.48,1,1,
53,7,113,0.47737665434493043,0.2887104260943625,0.961829302301766,0.5189959646513784,0.5928173408419881,0.13041934818334006,0.0017457662624200945,False,False,True,191,110,False,1.3599999999999999,1,1,
54,0,1,0.10546508920968876,0.16428013178162024,1.0,0.44153798744374423,0.12821072943944012,0.0,0.0,False,False,False,-1,0,False,0.0,6,6,
55,3,1,0.4019341540050812,0.3423920563731969,0.9859387470756186,0.528514179972792,0.23973600720211807,0.2055907980609566,0.294984393971847,False,False,False,-1,0,False,0.0,5,5,
56,0,6,0.07683833412475227,0.17234591966886206,1.0,0.5748895621699557,0.3323207973740813,0.0,0.0,False,False,False,-1,0,False,0.0,15,15,
57,1,1,0.27649575679453875,0.6176760520824677,0.9938978620534773,0.48706666882867783,0.3550073333606671,0.027560846424495803,0.0010824643048977804,False,False,False,-1,0,False,0.0,7,7,
58,0,29,0.23943701505344148,0.13987470846980254,0.7394845993426696,0.4166049492849533,0.1292332236488711,0.0,0.0,False,False,True,64,31,False,1.27,1,1,
59,0,0,0.1319403039314566,0.3857313914450892,0.9687411262892038,0.5378035895806802,0.23757866868185556,0.0,0.0,False,False,False,-1,0,False,0.0,4,4,
60,0,31,0.23889427135578842,0.16581734261396763,0.9352920459136388,0.38463137647240914,0.41024912129904856,0.0,0.0,False,False,True,87,18,False,1.5699999999999998,2,2,
61,1,36,0.6870035324263369,0.21587771971840933,0.9940618280528158,0.5193365125237142,0.11881630856647975,0.07143436843842611,0.05028740237764235,False,False,False,-1,0,False,1.21,7,7,
62,0,21,0.17407316804905365,0.10004180238671322,0.7488885448248322,0.634529175040874,0.22353219426643092,0.0,0.0,False,False,True,40,20,False,1.42,0,0,
63,440,28,1.0,1.0,1.0,0.5564455820272562,0.3119769157923797,1.99,24.845934954807404,True,False,False,-1,0,False,0.0,2,2,
64,1,30,0.29340038739239593,0.5087397300725006,0.9829274377771515,0.5273216744813156,0.4216371607933385,0.02468313551139276,0.0006940443918461276,False,False,False,-1,2,False,0.0,9,9,
65,1,4,0.27923607689355273,0.25136097746402564,0.959866432544752,0.6008743539796935,0.10098071443625446,0.02395183614497094,0.0006148139364982807,False,False,False,-1,0,False,0.0,8,8,
66,1,6,0.3816573258024017,0.20783319031827954,1.0,0.46766433858491363,0.2121975216920861,0.09845324652432641,0.18322737433628772,False,False,False,-1,0,False,0.0,18,18,
67,0,0,0.41878938844717845,0.4138991991172703,0.974314037609327,0.5427996752566899,0.28035725152923563,0.0,0.0,False,False,False,-1,0,False,0.0,6,6,
68,2,0,0.4798146018414363,0.49314972871814544,1.0,0.5464497174265505,0.11566757121042395,0.059579779831254946,0.0029647842807063495,False,False,False,-1,0,False,0.0,3,3,
69,0,2,0.5216893823774919,0.1331958104495366,0.9713213796205575,0.4916183929874394,0.29736484455515877,0.0,0.0,False,False,False,-1,0,False,0.0,7,7,
70,2,4,0.289156550649214,0.6812286623794145,0.9890093724528901,0.4992794785434323,0.42029906872304296,0.23800837932221677,0.9449939595726745,False,False,False,-1,0,False,0.0,10,10,
71,0,0,0.1140779930789453,0.32932960294271346,1.0,0.5323275002479333,0.5365540005406344,0.0,0.0,False,False,False,-1,0,False,0.0,3,3,
72,504,0,1.0,1.0,1.0,0.6331275138296105,0.6194070160456194,0.8659333781065147,3.031996101034627,True,False,False,-1,0,False,0.0,3,3,
73,0,0,0.26516689076064515,0.2634780440204901,1.0,0.5411367489240768,0.1837449783934302,0.0,0.0,False,False,False,-1,0,False,0.0,5,5,
74,1,6,0.2261910315638281,0.1409485672515018,0.9531978439136778,0.6681478140571301,0.5428024691923533,0.11385725262304361,0.3291805473947476,False,False,False,-1,0,False,0.0,17,17,
75,2,0,0.5575810296539555,0.5095969606428815,1.0,0.5752921935162273,0.020609443101085975,0.14127538455027963,0.3505643512559874,False,False,False,-1,0,False,0.0,9,9,
76,0,43,0.3426358913255004,0.18225082409103094,0.9469897748809181,0.5330030951547321,0.05704392172482354,0.0,0.0,False,False,True,227,36,False,1.27,1,1,
77,1,0,0.32872811037354827,0.43399419110705895,1.0,0.6134779253614508,0.4646174303978812,0.03401912662797874,0.0025288228378909086,False,False,False,-1,0,False,0.0,6,6,
78,0,41,0.3152097539776531,0.1513684700487371,0.7798313190167508,0.6462285976547074,0.26820874020940866,0.0,0.0,False,False,True,85,25,False,1.24,1,1,
79,1,22,0.41942617483200595,0.43613681059291765,0.9882668018260314,0.4685675430475808,0.2881116052725942,0.08685744706778945,0.11057125794194463,False,False,False,-1,0,False,0.0,8,8,
80,0,66,0.521656552293849,0.3883049716180575,0.5778168655815722,0.6652696080609201,0.22443140430822314,0.0,0.0,False,False,True,124,76,False,1.45,1,1,
81,0,16,0.21613560913166407,0.17427423096347097,0.7454536660073774,0.5442461964287311,0.15190726008685693,0.0,0.0,False,False,True,69,22,False,1.3,1,1,
82,2,5,0.6128259591632647,0.2655047039531263,0.9778930170444141,0.542335329159644,0.011279759646100009,0.16522720885518277,0.9413641814941015,False,False,False,-1,0,False,0.0,14,14,
83,2,1,0.42470680119765297,0.26189583252176607,1.0,0.4859741855097803,0.09543519727926379,0.059761369534469505,0.003021028114765774,False,False,False,-1,0,False,0.0,7,7,
84,0,27,0.6698579100746563,0.27480680822690906,0.9355269461429918,0.3890091069114191,0.29575401107309995,0.0,0.0,False,False,True,140,15,False,1.3,1,1,
85,1,1,0.2832182996606531,0.47246143657985773,1.0,0.5362898193935736,0.2356908013365714,0.017205295706178212,0.0001620558447965088,False,False,False,-1,0,False,0.0,7,7,
86,0,0,0.6170735031450344,0.28092450516155465,1.0,0.43833109088008965,0.08570174992096039,0.0,0.0,False,False,False,-1,0,False,0.0,2,2,
87,601,194,1.0,1.0,0.9952749281873776,0.5375322628482148,0.7363306626053049,2.0,50.76560536064651,True,False,False,-1,0,False,0.0,2,2,
88,0,18,0.12185479160269626,0.4682996699279013,0.7461431873145147,0.24493987441775356,0.17754678615244252,0.0,0.0,False,False,True,38,15,False,1.48,2,2,
89,0,41,0.2974687844004131,0.5673932559403277,0.9418377938357092,0.3643640309276998,0.20680746341220888,0.0,0.0,False,False,True,217,25,False,1.3599999999999999,1,1,
90,3,1,0.4777878244286869,0.10785211319335032,1.0,0.4256465436690292,0.22130203789235273,0.14195630945589288,0.22478917432795203,False,False,False,-1,0,False,0.0,8,8,
91,0,84,0.02705724416229187,0.11552419125241589,0.7415081551969409,0.7998059313330707,0.4034760113463487,0.0,0.0,False,False,True,87,71,False,1.21,1,1,
92,0,1,0.1253865103968748,0.4118624712832463,0.9771770460302576,0.528041089336958,0.1431585185706365,0.0,0.0,False,False,False,-1,0,False,0.0,10,10,
93,0,19,0.7723820857415976,0.3338311914000531,0.7260696182757836,0.5246399012944243,0.17916453933993415,0.0,0.0,False,False,True,54,15,False,1.3900000000000001,0,0,
94,0,41,0.012486249135328874,0.714689435693713,0.9402390311827974,0.47972345189898347,0.13190671794058184,0.0,0.0,False,False,True,101,37,False,1.3,1,1,
95,0,65,0.5093790282934291,0.32131341444968886,0.8622824183848156,0.6988707898172124,0.23592525951489468,0.0,0.0,False,False,True,136,65,False,1.24,1,1,
96,0,152,0.17994264693175194,0.15074340790934307,0.6696769571550556,0.24913229702770506,0.5601493692401858,0.0,0.0,False,False,True,231,169,False,1.3900000000000001,1,1,
97,10,43,0.5494340416901924,0.4862367235194178,0.9388870668027256,0.5187151185063845,0.7254287148989936,0.19469218340255068,0.00281573378515955,False,False,True,106,31,False,1.3,1,1,
98,3,2,0.31813867279891145,0.8360606161080042,1.0,0.49870972058100066,0.18020522790261612,0.24231862868609136,0.3696076052621763,False,False,False,-1,0,False,0.0,9,9,
99,0,27,0.3459040298755431,0.11384373315634501,1.0,0.5232807101149936,0.1145800064947093,0.0,0.0,False,False,False,-1,0,False,0.0,6,6,
100,0,20,0.37170959729241715,0.24619829335003618,1.0,0.5659300163375373,0.10336303438163749,0.0,0.0,False,False,False,-1,0,False,0.0,9,9,
101,1,1,0.45766379920448286,0.17976167534508286,0.9914588147132247,0.6208763677777244,0.28659763881321254,0.0696662787496237,0.04545582882620069,False,False,False,-1,0,False,0.0,6,6,
102,4,3,0.6079064191325921,0.5898392763358312,0.9920901198974102,0.623091845094419,0.1714068515944154,0.2339513904701026,0.7324169006618448,False,False,False,-1,0,False,0.0,5,5,
103,0,1,0.24120940923142256,0.2893312973294061,0.999250866469908,0.6428555530548729,0.0004618094113910584,0.0,0.0,False,False,False,-1,0,False,0.0,4,4,
104,2,1,0.28825576361516464,0.3025305029232783,1.0,0.5824093784775163,0.34167648524576955,0.0888619665109363,0.04144479520420517,False,False,False,-1,0,False,0.0,9,9,
105,0,0,0.0807928082783936,0.5178665787368454,1.0,0.5189192118639174,0.20580321666311563,0.0,0.0,False,False,False,-1,0,False,0.0,5,5,
106,2,1,0.641280772462886,0.2331809082920913,0.9841523393034557,0.5517459003293426,0.1624016834530463,0.053591628020484096,0.003174802219066696,False,False,False,-1,0,False,0.0,7,7,
107,3,2,0.21837764616293967,0.5444478044435931,1.0,0.4915744991956212,0.35397432578454546,0.14431978574812312,0.13719202694503094,False,False,False,-1,0,False,0.0,6,6,
108,0,19,0.06683387705418561,0.28445387757791807,0.9954903782489977,0.5748879127083153,0.15440865128475592,0.0,0.0,False,False,False,-1,0,False,0.0,8,8,
109,1,42,0.3828945124189141,0.3959928182826198,0.9346860197711802,0.4255006755588169,0.1620080248051902,0.019019562653038367,0.00024274102714872534,False,False,True,139,40,False,1.15,1,1,
110,4,0,0.6945345331978782,0.16927900254532052,0.9754645048847639,0.5872583505454165,0.2431645142387004,0.2719085672921564,0.6892542741063116,False,False,False,-1,0,False,0.0,5,5,
111,4,0,0.6872030874081574,0.733462911418769,0.9778669757402801,0.5321679096884748,0.2818532902584586,0.17549200939915238,0.09342313900356101,False,False,False,-1,0,False,0.0,3,3,
112,4,0,0.5412584386345572,0.45047891576026033,0.9738248636566962,0.5746290195771434,0.041414914087462125,0.13827646845291633,0.039392733528947003,False,False,False,-1,0,False,0.0,6,6,
113,2,1,0.5020803686636149,0.18026093400006796,1.0,0.5237232502843425,0.028480931508032558,0.07357112441732626,0.008439612760874763,False,False,False,-1,0,False,0.0,7,7,
114,0,14,0.28438536466596437,0.6390235168476686,0.8197646696978431,0.03684600589875025,0.18571338760966424,0.0,0.0,False,False,True,58,13,False,1.3599999999999999,0,0,
115,0,3,0.2460897535219961,0.5476647756177995,0.9916805793118073,0.5612800723647323,0.33886361590943487,0.0,0.0,False,False,False,-1,0,False,0.0,4,4,
116,0,0,0.4364863491274326,0.3242919295682729,0.9609165896561416,0.5361232357840615,0.37470197749465756,0.0,0.0,False,False,False,-1,0,False,0.0,5,5,
117,0,23,0.209915612344816,0.19431727816345193,0.7688764940892452,0.7048745641994152,0.4333798675030154,0.0,0.0,False,False,True,108,25,False,1.27,1,1,
118,1,63,0.5320494148619753,0.47190268292745274,0.7963297047789859,0.6199940556457546,0.20338217752883847,0.04241384129331082,0.006151359011998617,False,False,True,259,46,False,1.3,1,1,
119,0,0,0.15814730975885544,0.32522761713774584,1.0,0.5122346429422439,0.1539372518314128,0.0,0.0,False,False,False,-1,0,False,0.0,1,1,
120,0,25,0.4677694778213104,0.41906336193169214,0.28060852005911596,0.7045973939989355,0.13456475443835542,0.0,0.0,False,False,True,92,20,False,1.42,1,1,
121,1,1,0.46708920077639104,0.3160088616165725,1.0,0.4673759076241354,0.2540098522432899,0.050294774074225675,0.012226003082864055,False,False,False,-1,0,False,0.0,5,5,
122,0,0,0.08165512527245772,0.11712780216247845,0.9784335914256467,0.553698303931428,0.3955681564730397,0.0,0.0,False,False,False,-1,0,False,0.0,3,3,
123,0,1,0.565627483410469,0.25703194282390424,0.9301307376276096,0.4558045260535596,0.07959416176154699,0.0,0.0,False,False,False,-1,0,False,0.0,4,4,
124,1,0,0.383553433481855,0.2015243052579474,1.0,0.5813240166985539,0.17427851957325916,0.01669554596862073,0.00014355593538746618,False,False,False,-1,0,False,0.0,1,1,
125,1,1,0.24506438103537131,0.10154670628678285,1.0,0.5139285559033681,0.19069587326154758,0.06208025187629798,0.02856204650091522,False,False,False,-1,0,False,0.0,5,5,
126,0,0,0.3878391430169542,0.06555685171743679,0.9797872216600615,0.504416265954291,0.08420257134751268,0.0,0.0,False,False,False,-1,0,False,0.0,6,6,
127,0,25,0.33340279896005537,0.1458554399793351,0.6656951478402273,0.2766180674634161,0.2864155637784774,0.0,0.0,False,False,True,67,19,False,1.3599999999999999,1,1,
128,0,54,0.09954063169297518,0.3683055763087264,0.6809580920362044,0.4651222974252512,0.4891240630537159,0.0,0.0,False,False,True,98,58,False,1.3,1,1,
129,5,2,0.6594040407014499,0.23881543882396994,0.8484955018029708,0.6435191739012888,0.021111061046771504,0.2963769927075585,0.49998700743274377,False,False,False,-1,0,False,0.0,6,6,
130,0,3,0.16152115562749528,0.26970190306535363,0.9343300519110254,0.584742956240263,0.12661108072948749,0.0,0.0,False,False,False,-1,0,False,0.0,5,5,
131,0,61,0.16583955897591804,0.24308182448096105,0.6276660334114279,0.1704883018585713,0.19526963394681088,0.0,0.0,False,False,True,81,41,False,1.42,1,1,
132,0,39,0.3998846550674699,0.312415820962271,0.830721145656442,0.5265471708730384,0.1707412637310265,0.0,0.0,False,False,True,96,42,False,1.3,1,1,
133,0,26,0.4012676897515235,0.19469837883471686,0.9813317582633136,0.340719979782918,0.31602814496666326,0.0,0.0,False,False,True,185,14,False,1.09,0,0,
134,3,1,0.39225394516658957,0.7228890440530211,0.9932720094999992,0.5625395763475161,0.1280072283782053,0.15265284008066274,0.15258020358357088,False,False,False,-1,0,False,0.0,2,2,
135,0,47,0.17062282385915006,0.3564356794691332,0.6455472289267948,0.3067196274914581,0.46622798593504994,0.0,0.0,False,False,True,71,51,False,1.27,1,1,
136,2,0,0.3932785522302931,0.24589717098496539,1.0,0.48336545643107554,0.47909412010533653,0.2043058070825465,0.9087129069388563,False,False,False,-1,0,False,0.0,5,5,
137,1,1,0.08926606877405249,0.23755810105342726,0.974755220754489,0.5285320843547523,0.32082024764009065,0.07896699186675396,0.07532474821329699,False,False,False,-1,0,False,0.0,5,5,
138,0,1,0.2634911791631735,0.422026839240959,0.9975112544106804,0.5530435841415172,0.20405115413596295,0.0,0.0,False,False,False,-1,0,False,0.0,4,4,
139,3,1,0.36206054385419834,0.48391197246128725,0.9973930258026277,0.5344515406853967,0.10227258605300579,0.0653922962781489,0.0021404088202954447,False,False,False,-1,0,False,0.0,3,3,
140,2,0,0.2621235087293743,0.4073104801225278,1.0,0.5601949043686939,0.5919763833074558,0.16318956970265105,0.17221976332643632,False,False,False,-1,0,False,0.0,6,6,
141,0,22,0.13275623449543278,0.24357414770464286,1.0,0.5205236034293337,0.1087799213740392,0.0,0.0,False,False,False,-1,0,False,0.0,8,8,
142,0,118,0.12403467312689877,0.4430336030531603,0.9232665285596304,0.6253037524059272,0.1785950372454229,0.0,0.0,False,False,True,198,123,False,1.15,1,1,
143,0,28,0.43985998994985437,0.44009957165373714,0.534016400050254,0.35560276808068897,0.08054874584550416,0.0,0.0,False,False,True,86,31,False,1.21,1,1,
144,0,42,0.13810334428330753,0.1953587199192311,1.0,0.9285205802675065,0.3869741860588659,0.0,0.0,False,False,True,86,34,False,1.21,1,1,
145,1,2,0.14208703163319406,0.3255825902280247,0.9874344865104481,0.5039847520042323,0.10085677815326838,0.10721058580246949,0.25831348066883436,False,False,False,-1,0,False,0.0,4,4,
146,0,1,0.11678806609873993,0.3412521228120047,1.0,0.4971778996533414,0.39086352339794894,0.0,0.0,False,False,False,-1,0,False,0.0,5,5,
147,0,4,0.09524445432722684,0.3980799927782498,0.9954068659661505,0.5465851710600318,0.16595286989803104,0.0,0.0,False,False,False,-1,0,False,0.0,12,12,
148,0,0,0.19772600492882725,0.4064593200341585,0.963697814116837,0.5424978490775492,0.35868842513015653,0.0,0.0,False,False,False,-1,0,False,0.0,10,10,
149,0,21,0.4816559607551634,0.21503877056627752,0.8371791869886508,0.6384934780917016,0.08618255308932983,0.0,0.0,False,False,True,63,21,False,1.33,0,0,
150,1,0,0.24386099873682301,0.31603385671605067,1.0,0.5141569172115666,0.07180360441455248,0.05183037811694673,0.013801555837664382,False,False,False,-1,0,False,0.0,2,2,
151,2,2,0.7177560079771975,0.35303834718313987,1.0,0.5098430153287442,0.33942710342090604,0.11895263387179715,0.05085466079964275,False,False,False,-1,0,False,0.0,7,7,
152,0,46,0.3566280173321618,0.2572267885500245,0.9084847995675054,0.2079040067046553,0.28021004278572936,0.0,0.0,False,False,True,101,48,False,1.21,1,1,
153,2,25,0.26227437839236184,0.16531349881239518,1.0,0.5005951898963477,0.3358417812102946,0.05925442934661119,0.002972265827291289,False,False,False,-1,0,False,0.0,3,3,
154,1,3,0.09425610823973324,0.6628233865230164,1.0,0.5346853239764083,0.0854395382497939,0.027699343140196786,0.0011045554131610005,False,False,False,-1,0,False,0.0,6,6,
155,1,0,0.2643100870395676,0.24712669993928651,1.0,0.5682553451584754,0.035865744365739506,0.017999250222751575,0.0001943703505511917,False,False,False,-1,0,False,0.0,5,5,
156,3,20,0.8300906045256348,0.13129330646354642,0.9915597591350106,0.4914625576048348,0.03652676933240378,0.24083707601343637,0.7193722137438416,False,False,False,-1,0,False,0.0,5,5,
157,204,0,1.0,1.0,0.8593861936462084,0.44548053617874345,0.5809620554644511,0.42710914005617295,0.10962947442814727,True,False,False,-1,0,False,0.0,0,0,
158,0,20,0.2657591829662396,0.6534102294974115,0.955411827327511,0.7000113534348685,0.20916478769954938,0.0,0.0,False,False,True,110,12,False,1.18,1,1,
159,4,22,0.5624164807301587,0.4259865747578244,0.9790076813137086,0.5464315874763904,0.10041028269939828,0.08242435710373222,0.0017420697011934266,False,False,False,-1,0,False,0.0,3,3,
160,2,22,0.44250961354402313,0.3695676111309125,1.0,0.5203809205131636,0.14770747148606497,0.13351809671418416,0.27514758911899456,False,False,False,-1,0,False,0.0,5,5,
161,296,0,1.0,1.0,0.9811899330751196,0.4984119687172526,0.5268486288416545,0.4558676935072535,0.1985045023246707,True,False,False,-1,0,False,0.0,0,0,
162,0,26,0.14201079264959407,0.2820288558792652,0.9828522142421603,0.42925174065146726,0.3065470285462675,0.0,0.0,False,False,False,-1,1,False,0.0,4,4,
163,1,0,0.26105833401502354,0.556867094937495,0.9739082153401637,0.5102303351198083,0.2622602291342866,0.08599104403328825,0.10619263612744362,False,False,False,-1,0,False,0.0,4,4,
164,2,24,0.3901056729344013,0.21861220693196945,1.0,0.4847890964750486,0.2185618097499924,0.08224121863858393,0.01239156459018427,False,False,False,-1,3,False,0.0,9,9,
165,266,0,1.0,1.0,0.9967985525409444,0.5106401858481785,0.63683945151997,0.5683596823224237,0.3522494575999591,True,False,False,-1,0,False,0.0,0,0,
166,0,52,0.2823087848664684,0.2393067927440281,0.9411670212480258,0.313267966703404,0.20820277192571673,0.0,0.0,False,False,True,162,47,False,1.24,1,1,
167,0,39,0.3686748424549916,0.07514329479353993,0.8902361616943011,0.22884896936693266,0.2496962275144842,0.0,0.0,False,False,True,141,37,False,1.18,0,0,
168,3,0,0.5041256154319064,0.6538165158327901,0.9804248244461443,0.538245576624647,0.047831850619063115,0.27810011738618073,1.185515291255447,False,False,False,-1,0,False,0.0,4,4,
169,3,1,0.4380126792020344,0.5429497002385453,0.9891982494571131,0.5047121361601029,0.25178864179745164,0.22997818096299977,0.8185147732738278,False,False,False,-1,0,False,0.0,10,10,
170,0,15,0.14624638410775403,0.2796465518347479,0.8506749643255568,0.5638564071497114,0.6813404444078887,0.0,0.0,False,False,True,87,15,False,1.21,0,0,
171,0,39,0.3386935425787768,0.1134668508586909,0.482384241768612,0.5388927919367429,0.20677373722612408,0.0,0.0,False,False,True,74,32,False,1.27,1,1,
172,0,19,0.17900863081244867,0.10982473502624193,0.6394680244795667,0.16285918161653687,0.11636313808503108,0.0,0.0,False,False,True,80,15,False,1.21,1,1,
173,2,4,0.3036724942712851,0.41917241220977397,1.0,0.4722470270385565,0.2590814040604148,0.19586104205621435,0.6806005345968759,False,False,False,-1,0,False,0.0,7,7,
174,3,19,0.6764495081055185,0.5197882415184494,0.9440879786872591,0.504698499681201,0.14566790315048486,0.08387594020730596,0.005245863565805565,False,False,False,-1,0,False,0.0,6,6,
175,0,0,0.12888720342201648,0.6245772071907938,0.9892081263980615,0.5027675046513442,0.38871502797447816,0.0,0.0,False,False,False,-1,0,False,0.0,6,6,
176,0,22,0.07536494845584814,0.28937906847029876,1.0,0.5469637706091979,0.36362708488527257,0.0,0.0,False,False,False,-1,0,False,0.0,4,4,
177,4,19,0.6621106556862599,0.38997157685556016,1.0,0.4999520813270576,0.43454628840628245,0.29767249895827635,0.8501626310768151,False,False,False,-1,0,False,0.0,7,7,
178,2,1,0.3953265367580929,0.625530785739139,0.9719561733835221,0.5746187073830233,0.33595126882759646,0.15112927727541448,0.5244388834382555,False,False,False,-1,0,False,0.0,3,3,
179,0,20,0.047583168783825236,0.1533519581242598,0.6799374567110829,0.4924922086569639,0.3239125823496018,0.0,0.0,False,False,True,58,22,False,1.3,1,1,
180,1,2,0.2641770565830892,0.26518763021279557,0.9934794914617305,0.5985289383204321,0.17100503702112496,0.016612068238777627,0.00014068481667971685,False,False,False,-1,0,False,0.0,5,5,
181,3,17,0.5473352798138195,0.5059819352624603,0.9456498178011553,0.5516355548718216,0.23656396911751357,0.3010851974235247,1.2611785584586883,False,False,False,-1,0,False,0.0,7,7,
182,0,0,0.23233700873265184,0.28548586213357635,1.0,0.5442572661267528,0.2872803762859248,0.0,0.0,False,False,False,-1,0,False,0.0,8,8,
183,1,2,0.16593382616510294,0.3877481876108302,0.9913600903038338,0.52716313965599,0.3426610607288194,0.020607781186464034,0.00033537136169760145,False,False,False,-1,0,False,0.0,4,4,
184,0,0,0.07461596692120757,0.391489080004937,1.0,0.44144793870940424,0.13298800394522658,0.0,0.0,False,False,False,-1,0,False,0.0,3,3,
185,1,2,0.49248161570593113,0.05105579671298297,0.9863976636491736,0.6392647579550149,0.2726878844805292,0.11442939962114936,0.33589851774974244,False,False,False,-1,0,False,0.0,5,5,
186,2,1,0.31110004760183907,0.2888612676620813,1.0,0.5881794678032478,0.32650491685778793,0.06812162934683616,0.007725958814133549,False,False,False,-1,0,False,0.0,6,6,
187,3,0,0.48407423559514096,0.2960571059827769,0.981348238125065,0.5421115490906854,0.359476900992306,0.2943251700593367,1.046149040213532,False,False,False,-1,0,False,0.0,2,2,
188,0,1,0.08196337153295748,0.36804885327296666,1.0,0.4503627886630569,0.6447202065358073,0.0,0.0,False,False,False,-1,0,False,0.0,5,5,
189,0,48,0.35868513278241915,0.20871595100823234,0.9135051718981467,0.5396812807227411,0.16447044689006735,0.0,0.0,False,False,True,99,47,False,1.21,0,0,
190,0,70,0.7212360664240672,0.5167370053707504,0.38441671098883573,0.39219469792639444,0.16861222360101705,0.0,0.0,False,False,True,155,65,False,1.21,1,1,
191,1,20,0.16654751359594816,0.3119286328178401,0.9979403356948541,0.5444980147235993,0.23375230802264124,0.019502268105603543,0.00026854236345491875,False,False,False,-1,0,False,0.0,6,6,
192,4,29,0.4919309790191997,0.6250359439372247,1.0,0.48736291187574915,0.1652787638802382,0.3092665954111132,0.7131721557146828,False,False,False,-1,0,False,0.0,5,5,
193,0,1,0.42883631795858534,0.3745216389466392,1.0,0.5212554841629654,0.340630637578259,0.0,0.0,False,False,False,-1,0,False,0.0,5,5,
194,4,1,0.3803030950150674,0.5714184241884807,0.9551334083896865,0.5248689666765247,0.46497221814980455,0.23977601737639098,0.6121303886460449,False,False,False,-1,0,False,0.0,5,5,
195,0,77,0.13119594035581117,0.3526786067449289,0.4043781423491446,0.18429002698953242,0.31664771825784627,0.0,0.0,False,False,True,141,65,False,1.24,1,1,
196,0,0,0.28694762274365687,0.49820688402721364,0.9713267356985085,0.4462406974119834,0.48844474260534726,0.0,0.0,False,False,False,-1,0,False,0.0,2,2,
197,0,37,0.34061541458021505,0.15893992098959897,0.9164219118689096,0.8939013093879998,0.3547802402109337,0.0,0.0,False,False,True,129,13,False,1.21,1,1,
198,0,19,0.31153840285892553,0.6517554390944214,0.879444279473755,0.3736310531743521,0.23609265072826705,0.0,0.0,False,False,True,125,20,False,1.15,1,1,
199,0,84,0.6087130238098415,0.4857979863026941,0.8221137373493596,0.13892207899586645,0.18858418272093364,0.0,0.0,False,False,True,155,100,False,1.24,1,1,
200,2,0,0.4228540604987355,0.6492072275802605,0.9411120308883238,0.6032549921264906,0.055662376982324006,0.20523700944754172,0.45333576085587196,False,False,False,-1,0,False,0.0,3,3,
201,2,29,0.2943237395392198,0.7799401283894751,0.9381133517010937,0.5721789190818406,0.2806671924923732,0.13563501510970155,0.387082715576098,False,False,False,-1,0,False,0.0,5,5,
202,0,1,0.3311678010773394,0.5490641487715707,0.971564292237281,0.5396173734291809,0.45717470966177953,0.0,0.0,False,False,False,-1,0,False,0.0,5,5,
203,1,0,0.2505195594708684,0.30905089746441106,1.0,0.5506425172337973,0.28955921572066556,0.09411043230807126,0.15276541331386312,False,False,False,-1,0,False,0.0,3,3,
204,0,60,0.20936579022187654,0.4190370970353333,0.06655974801843077,0.6626269316237535,0.10113451177847596,0.0,0.0,False,False,True,113,58,False,1.18,0,0,
205,1,1,0.33580892002272916,0.08785698024214678,1.0,0.548239920893445,0.4276684590169818,0.03401912662797874,0.0025288228378909086,False,False,False,-1,0,False,0.0,3,3,
206,1,0,0.17441870185439454,0.175957071856898,1.0,0.5425433608185035,0.1863242546360759,0.1284123406432683,0.5345746329947881,False,False,False,-1,0,False,0.0,2,2,
207,0,111,0.4315610770254521,0.3127145828787711,0.7587554442898307,0.4505171368150901,0.3345315076498887,0.0,0.0,False,False,True,171,115,False,1.21,1,1,
208,0,1,0.03636190894100723,0.5285741118258096,1.0,0.4754827480199031,0.07220034201818272,0.0,0.0,False,False,False,-1,0,False,0.0,4,4,
209,0,15,0.07309928389652996,0.6751287807027575,0.4382787345330815,0.32732510768249895,0.28156952497652127,0.0,0.0,False,False,True,64,13,False,1.18,0,0,
210,0,0,0.1475388273188169,0.46407580083810235,0.9830713341308174,0.5238263556518152,0.4683883805523359,0.0,0.0,False,False,False,-1,0,False,0.0,7,7,
211,1,21,0.308248029918811,0.18921605815096745,0.9854576256411789,0.6230938105023162,0.15682136715861567,0.14482809702142263,0.8681255332467198,False,False,False,-1,0,False,0.0,6,6,
212,0,0,0.1562223699769016,0.2860614541398954,0.9692646997660042,0.493675936933065,0.17124412050114174,0.0,0.0,False,False,False,-1,0,False,0.0,6,6,
213,276,0,1.0,1.0,1.0,0.5064955851234483,0.5620068622340992,0.4581584859369382,0.21113594527810858,True,False,False,-1,0,False,0.0,2,2,
214,1,29,0.23919456111294224,0.3203277626320875,1.0,0.5585722448046274,0.4136812931429133,0.034534559241477705,0.0026868299325652034,False,False,False,-1,5,False,0.0,4,4,
215,1,20,0.4666973782142773,0.33809248027801464,0.9129845228615241,0.6511582847501383,0.09366323106334021,0.017819707701779628,0.0001866732846693645,False,False,True,143,12,False,1.12,0,0,
216,0,31,0.15825008006096214,0.11628866267878452,0.9097051047919166,0.4067031373815272,0.24283407864360576,0.0,0.0,False,False,True,91,44,False,1.15,1,1,
217,0,1,0.04612265515053513,0.34280444644425545,0.9534977399397115,0.5385147471910812,0.14416145062742058,0.0,0.0,False,False,False,-1,0,False,0.0,4,4,
218,2,22,0.4584719161184803,0.08034728301410207,0.9745009334733139,0.5306137395634364,0.443720960512817,0.273500876279342,1.3819892236270224,False,False,False,-1,0,False,0.0,5,5,
219,1,1,0.5079460349867881,0.23639624021067138,1.0,0.6359800154030854,0.12443330186212959,0.07001636055238562,0.0463834988022456,False,False,False,-1,0,False,0.0,7,7,
220,0,26,0.3925591659452077,0.43388787090562503,1.0,0.957206904763923,0.43230523617016076,0.0,0.0,False,False,True,121,29,False,1.15,1,1,
221,7,4,0.9880356231314559,0.343445034264498,1.0,0.5363680249768159,0.06745907731530876,0.46255481313171903,0.734414311102184,False,False,False,-1,0,False,0.0,5,5,
222,2,0,0.4489460999601066,0.5608672456331167,0.9833340617024389,0.5667237886485839,0.3467999211756352,0.1052313472454502,0.029327822245969755,False,False,False,-1,0,False,0.0,7,7,
223,0,61,0.335300648774453,0.13600638875302584,0.7550040425581034,0.4355918179624378,0.517330457304767,0.0,0.0,False,False,True,82,57,False,1.27,1,1,
224,1,70,0.3667217583172922,0.5463851759982986,0.924182570484875,0.3331077894711914,0.0824575481224689,0.03914505421690023,0.004452339631430704,False,False,True,263,69,False,1.27,1,1,
225,0,0,0.14380076770027128,0.1736632431991205,0.8534395964535666,0.5987262509136909,0.25394242213824053,0.0,0.0,False,False,False,-1,0,False,0.0,4,4,
226,0,97,0.17049748043025656,0.5058907355144135,0.833204062952337,0.3729599311096728,0.12018185139126357,0.0,0.0,False,False,True,308,119,False,1.18,1,1,
227,2,2,0.5028137815169675,0.6410811787813522,1.0,0.49756724583234196,0.4642958141669532,0.059738802408273194,0.005199608830476535,False,False,False,-1,0,False,0.0,5,5,
228,0,1,0.13982546022857867,0.15286275921340078,1.0,0.5099530395042077,0.24759362417496003,0.0,0.0,False,False,False,-1,0,False,0.0,2,2,
229,0,27,0.13931557963127814,0.3869278544124291,0.8366311167119322,0.7095015792658195,0.305622526968347,0.0,0.0,False,False,True,154,12,False,1.12,0,0,
230,0,20,0.29096424023970224,0.4376140375471261,1.0,0.42851421790811894,0.14275308304595782,0.0,0.0,False,False,False,-1,0,False,0.0,5,5,
231,0,20,0.12459736771409939,0.36386301376475333,1.0,0.5940437827380406,0.1654947237753862,0.0,0.0,False,False,False,-1,0,False,0.0,5,5,
232,205,0,1.0,1.0,1.0,0.5006892097419687,0.5217634763385116,0.3902602503127633,0.10605818920122846,False,False,False,-1,0,False,0.0,0,0,
233,0,28,0.22559748990791653,0.14785834624351904,0.8577650451322086,0.40396833124329135,0.12753229478316477,0.0,0.0,False,False,True,73,21,False,1.33,1,1,
234,0,0,0.18558501661881605,0.09026759500312904,1.0,0.5969906143517907,0.10326132181425077,0.0,0.0,False,False,False,-1,0,False,0.0,5,5,
235,1,16,0.48099913318511045,0.15343999169351247,0.8596993488501292,0.2651809002316083,0.13391889865605108,0.01603929487074786,0.00012213208149979623,False,False,True,65,15,False,1.27,1,1,
236,2,3,0.5197516927344881,0.20369685135672028,0.9412212462282138,0.5539080518433858,0.21405502568434473,0.08713736797764285,0.029299456499986734,False,False,False,-1,0,False,0.0,6,6,
237,2,0,0.713129444320693,0.29836861645105883,0.939324430040393,0.5812981874263708,0.34647658037462387,0.28396344234417176,1.6066946358921237,False,False,False,-1,0,False,0.0,4,4,
238,0,0,0.08111923300089524,0.40542931434712476,1.0,0.5464076681028223,0.48096454620594703,0.0,0.0,False,False,False,-1,0,False,0.0,5,5,
239,1,1,0.3684410988336479,0.7635025556670785,1.0,0.5065180051849923,0.1608084644308,0.02395183614497094,0.0006148139364982807,False,False,False,-1,0,False,0.0,3,3,
240,166,0,1.0,1.0,0.992478568741153,0.44725006055031546,0.5315373677352991,0.3460256209489306,0.060842287757715455,False,False,False,-1,0,False,0.0,1,1,
241,1,1,0.18582293428694519,0.3957951609731877,1.0,0.5692786185585696,0.16640382481427785,0.06931794735587557,0.04454671224967667,False,False,False,-1,0,False,0.0,5,5,
242,0,0,0.27799776542867555,0.5673106301576467,0.9454184012333469,0.4674857128646904,0.28312508496177735,0.0,0.0,False,False,False,-1,0,False,0.0,2,2,
243,0,2,0.18701700616350986,0.5638639785409655,0.9011383035746521,0.49976852205178257,0.060080617123750193,0.0,0.0,False,False,False,-1,0,False,0.0,4,4,
244,0,0,0.020049976253722235,0.06897710616117064,0.9657688188480926,0.48812007628233045,0.11036691466760662,0.0,0.0,False,False,False,-1,0,False,0.0,6,6,
245,0,3,0.2824884182294563,0.3244031914746282,0.9671483898512634,0.39649956026428984,0.05973436473509307,0.0,0.0,False,False,False,-1,0,False,0.0,4,4,
246,0,0,0.24321269237828533,0.33002728722223407,1.0,0.4690665024035049,0.20858658287439538,0.0,0.0,False,False,False,-1,0,False,0.0,4,4,
247,566,358,1.0,1.0,1.0,0.5063909936734551,0.5910541367119487,2.0,41.56414166730261,True,False,False,-1,0,False,0.0,3,3,
248,4,1,0.8629344726236007,0.4394420326757398,0.9955351667089481,0.5324669997522148,0.013465256060742887,0.2923650582141515,0.8907836803274045,False,False,False,-1,0,False,0.0,5,5,
249,1,0,0.655673642824266,0.1341133611838249,0.9966595387220452,0.5102651061087476,0.1411733482586522,0.06760224172778541,0.04026669963154805,False,False,False,-1,0,False,0.0,2,2,
250,3,2,0.8657403510463376,0.22125966527033783,1.0,0.47205645040752664,0.2034200983780202,0.11680993081367375,0.04176226975143719,False,False,False,-1,0,False,0.0,4,4,
251,2,0,0.7084961104538301,0.45740475877311926,1.0,0.5066971568665855,0.05608938987727039,0.05990972290612137,0.007071246409749543,False,False,False,-1,0,False,0.0,4,4,
252,1,1,0.45258671065209466,0.26069014617742325,1.0,0.4855493778790959,0.4031206382944602,0.023712916579424852,0.0005904673046129488,False,False,False,-1,0,False,0.0,6,6,
253,0,0,0.04140764783331245,0.29328243791849024,1.0,0.6031072978313745,0.36163718640971737,0.0,0.0,False,False,False,-1,0,False,0.0,2,2,
254,0,50,0.5161320892996467,0.37187863356001677,0.862842584790866,0.3613401096512791,0.23713449885611027,0.0,0.0,False,False,True,183,34,False,1.12,0,0,
255,2,30,0.27468903642984793,0.4446351767928832,0.4116688979495953,0.4795818783186129,0.07613266778807899,0.04270670345509541,0.0007783165825110686,False,False,True,97,19,False,1.18,1,1,
256,2,2,0.4145800917071517,0.15402871644531657,0.9809208165821024,0.5645074968923451,0.07704490071788536,0.15531332165727005,0.6545714611626512,False,False,False,-1,0,False,0.0,3,3,
257,1,0,0.2435145789283935,0.24409201047006543,0.9463152622748789,0.5357517831508578,0.3545314584053367,0.06084792787522769,0.026344722276883607,False,False,False,-1,0,False,0.0,4,4,
258,1,0,0.3925179031713496,0.4826193313724205,0.9970350228975844,0.5343776123259705,0.21768177674505285,0.11674688356029621,0.3641696800871167,False,False,False,-1,0,False,0.0,5,5,
259,0,33,0.22796473847869944,0.09622236920066098,1.0,0.5048787444220556,0.18112352325827863,0.0,0.0,False,False,True,89,31,False,1.18,1,1,
260,1,3,0.2052749822451882,0.5986188388091903,0.9518929376430774,0.5609095539558014,0.35659535887364147,0.027699343140196786,0.0011045554131610005,False,False,False,-1,0,False,0.0,6,6,
261,2,0,0.7441326326974261,0.7293940338225829,0.9599904832181605,0.5053425938218817,0.1197657587252143,0.09546258255903466,0.020485416640235832,False,False,False,-1,0,False,0.0,5,5,
262,0,1,0.30341888270263634,0.2240953289519675,1.0,0.5075143681295884,0.1794974867069472,0.0,0.0,False,False,False,-1,0,False,0.0,6,6,
263,0,0,0.3136796634017413,0.20725881486266526,1.0,0.5624356460621504,0.24392895068410742,0.0,0.0,False,False,False,-1,0,False,0.0,5,5,
264,243,0,1.0,1.0,1.0,0.4804000629915904,0.565353724798995,0.5626902944912575,0.4006075966714446,True,False,False,-1,0,False,0.0,1,1,
265,0,0,0.1466342193191961,0.5680710289395978,0.9487038085354207,0.5842399250744352,0.08400535189663565,0.0,0.0,False,False,False,-1,0,False,0.0,2,2,
266,289,0,1.0,1.0,1.0,0.512915336532068,0.4850127717168832,0.670596987656343,0.5741826703779572,True,False,False,-1,0,False,0.0,0,0,
267,0,0,0.11674961093569244,0.5952040765957741,1.0,0.5645433856276805,0.2553192832845791,0.0,0.0,False,False,False,-1,0,False,0.0,5,5,
268,4,1,0.6522215225126292,0.3489645594942332,0.9329373967627601,0.5912941031650389,0.10278802504516162,0.16543856951723493,0.03317252415066007,False,False,False,-1,0,False,0.0,4,4,
269,0,0,0.049272544733837124,0.48612621634853564,0.9943601724680285,0.5896048387545288,0.06372735804544061,0.0,0.0,False,False,False,-1,0,False,0.0,3,3,
270,0,20,0.18070620885152036,0.32877257289670686,0.8231227888607919,0.42889036068608705,0.055405571059292,0.0,0.0,False,False,True,80,15,False,1.27,1,1,
271,1,0,0.7370884424548849,0.31388492839272375,1.0,0.5615752162962837,0.024691264011263005,0.11385725262304361,0.3291805473947476,False,False,False,-1,0,False,0.0,3,3,
272,1,0,0.15297835342126764,0.34088496197408735,1.0,0.44033090177604833,0.0741814282298542,0.050294774074225675,0.012226003082864055,False,False,False,-1,0,False,0.0,3,3,
273,3,31,0.6269116180671106,0.520860886112163,1.0,0.6175609489767896,0.21854743762026962,0.07876149587954154,0.0033152782316569563,False,False,True,190,24,False,1.12,0,0,
274,3,1,0.6450007857612952,0.5655644031602314,0.9898305170934563,0.5761144716856125,0.1763329069339995,0.27988360122433253,1.0794223519894195,False,False,False,-1,0,False,0.0,4,4,
275,0,0,0.19695878354107024,0.19776426473501119,1.0,0.6003355999422912,0.32223889857153526,0.0,0.0,False,False,False,-1,0,False,0.0,5,5,
276,2,4,0.2760568914985857,0.29967595421531534,1.0,0.6111494825275532,0.5452067944612399,0.1868629433041976,0.34278272708163665,False,False,False,-1,0,False,0.0,3,3,
277,3,0,0.7383227298931222,0.38308110489932257,0.9984437207407374,0.504634255850112,0.060372573726893704,0.13341743781510187,0.13880909178075893,False,False,False,-1,0,False,0.0,6,6,
278,0,16,0.4491934622285004,0.4506870619164184,0.9581113403920001,0.6067661596824586,0.1738873948854857,0.0,0.0,False,False,False,-1,0,False,0.0,5,5,
279,1,0,0.7081772217773218,0.06936995439482455,0.9639283196640572,0.4927114415160136,0.269035427254501,0.033849030994838845,0.0024782463811330903,False,False,False,-1,0,False,0.0,4,4,
280,0,22,0.21121823777605644,0.48016506516614993,0.8626427306698907,0.19380059370778066,0.16872393095442584,0.0,0.0,False,False,True,138,17,False,1.12,0,0,
281,0,0,0.10759055750680736,0.1876638784948591,1.0,0.5214151203649083,0.0804117206885835,0.0,0.0,False,False,False,-1,0,False,0.0,5,5,
282,0,40,0.1417942602408294,0.34953081871798547,0.9944079600884448,0.8356875967015216,0.31357941471722484,0.0,0.0,False,False,True,160,35,False,1.18,1,1,
283,2,25,0.6951432557424106,0.36492860172787356,0.9879740261914733,0.5180137215229107,0.42669360724529815,0.0718950958840079,0.006316282822005026,False,False,False,-1,1,False,0.0,6,6,
284,1,1,0.28116780769053623,0.32958901710490207,0.9762203307800706,0.5334240756618782,0.591244552451416,0.04856064279528325,0.010613705445787398,False,False,False,-1,0,False,0.0,5,5,
285,1,1,0.30950044416892875,0.32596802543886594,0.9940883851065292,0.4692412151886784,0.18201510003544774,0.12031140869576447,0.4110998615034951,False,False,False,-1,0,False,0.0,5,5,
286,0,29,0.13036666849991316,0.21040656311231234,1.0,0.8136490629167096,0.05253548434741225,0.0,0.0,False,False,True,142,17,False,1.18,1,1,
287,160,0,1.0,1.0,1.0,0.517742069077083,0.5888943396436691,0.4062278299219502,0.10150340926374331,False,False,False,-1,0,False,0.0,1,1,
288,2,0,0.521463858621505,0.5029939413034757,0.916829197199015,0.5578736284279859,0.29528289130288266,0.13016533014989104,0.08959210363587569,False,False,False,-1,0,False,0.0,5,5,
289,0,21,0.21198768259282053,0.11569577555958746,0.5931716011873349,0.6500510222431412,0.13147213392631896,0.0,0.0,False,False,True,41,23,False,1.21,0,0,
290,1,1,0.11782740082789098,0.1401930921381555,1.0,0.5354741076253199,0.2965129441160383,0.038560809389581216,0.004190506442385527,False,False,False,-1,0,False,0.0,5,5,
291,371,170,1.0,1.0,0.9899899435329179,0.5166682376654607,0.35156784069821734,1.99,20.598501559656242,True,False,False,-1,0,False,0.0,2,2,
292,0,91,0.2895304796602362,0.28901272796139416,0.7620608266920587,0.4030651810766671,0.48865308986252914,0.0,0.0,False,False,True,282,65,False,1.18,1,1,
293,99,0,1.0,1.0,0.9780378948843859,0.5447671054988347,0.7243053538413433,0.3442954928441859,0.04359985884041355,False,False,False,-1,0,False,0.0,0,0,
294,2,23,0.41999624531082363,0.4285391954195942,1.0,0.5061508826275726,0.22413674339402267,0.051437942269288515,0.002247581088441311,False,False,True,168,13,False,1.21,1,1,
295,210,0,1.0,1.0,0.9444270862316027,0.42554038650111625,0.6008666278847737,0.4964167683110097,0.1813570698381029,True,False,False,-1,0,False,0.0,1,1,
296,0,0,0.34872647253640493,0.139145020907863,1.0,0.5612267696621945,0.3267739324470799,0.0,0.0,False,False,False,-1,0,False,0.0,4,4,
297,0,3,0.6103643255719529,0.2418080123740133,1.0,0.5413674043173281,0.484029244521459,0.0,0.0,False,False,False,-1,0,False,0.0,5,5,
298,0,69,0.2117348647992306,0.3342504880427337,0.9628534353357562,0.42137479691888113,0.27807524608336887,0.0,0.0,False,False,True,258,15,False,1.15,1,1,
299,4,0,0.5704388925434968,0.4672609771391042,0.9582650184251574,0.5469398959332717,0.48126814711785715,0.34392281633841904,1.5292806548332596,False,False,False,-1,0,False,0.0,6,6,
300,1,0,0.2820181278225087,0.5448215324856762,1.0,0.559561442263342,0.16438854919347784,0.05080151922853026,0.012730115663123756,False,False,False,-1,0,False,0.0,3,3,
301,0,19,0.7739488087426545,0.16918449427742607,0.7197085413680012,0.6804522426364316,0.22449495325939003,0.0,0.0,False,False,True,60,24,False,1.24,1,1,
302,1,21,0.35510923884554946,0.09217624618699477,1.0,0.6825843959988478,0.13651941369268078,0.023125992326967125,0.0005337356764700849,False,False,True,123,20,False,1.15,1,1,
303,1,1,0.6629717170005794,0.2597544296964384,0.9286738280552834,0.5903591360820512,0.23472798591941527,0.019404756765075526,0.00026317151618582036,False,False,False,-1,0,False,0.0,7,7,
304,208,27,1.0,1.0,0.9526643948440324,0.5792375852084878,0.30943579958715717,2.0,21.48958086787718,True,False,False,-1,0,False,0.0,2,2,
305,1,1,0.24536462035982895,0.7152544912460215,0.9375474004340506,0.5470409504900056,0.4297252282934596,0.1343380486100817,0.6411706960735924,False,False,False,-1,0,False,0.0,2,2,
306,406,161,1.0,1.0,1.0,0.5355600813069444,0.48939566738722023,1.97014975,18.945411008183875,True,False,False,-1,0,False,0.0,3,3,
307,1,2,0.2534991173739199,0.11606693345687862,1.0,0.5090443022231174,0.18089538035903574,0.12586329155558681,0.493074620618078,False,False,False,-1,0,False,0.0,5,5,
308,3,0,0.5359805628423671,0.548405683486972,0.9682419050727589,0.5084214355531582,0.10603286896024236,0.2655617777721487,0.5130098053478964,False,False,False,-1,0,False,0.0,3,3,
309,0,57,0.4755625036301918,0.21211296421484627,0.7693668070844022,0.5753004810433906,0.018787858078628174,0.0,0.0,False,False,True,117,61,False,1.15,1,1,
310,1,27,0.43029215733736054,0.3499468072357481,0.9945644651060045,0.5543387806063771,0.17672556524358665,0.021236979600890597,0.00037859033270738236,False,False,False,-1,3,False,0.0,2,2,
311,3,5,0.47823192573942236,0.42303935123955405,1.0,0.6102906821529237,0.10915945029456037,0.2685819199404922,0.5497743333156543,False,False,False,-1,0,False,0.0,6,6,
312,4,0,0.6864387317010173,0.6970718129492888,1.0,0.48319743274292554,0.4240848539280064,0.302367252173876,0.4296804705773375,False,False,False,-1,0,False,0.0,4,4,
313,0,0,0.18697057290114277,0.21780998175671332,1.0,0.4648369015805552,0.2664362252401809,0.0,0.0,False,False,False,-1,0,False,0.0,4,4,
314,0,66,0.162416677227908,0.16782315157331743,0.7979424259769405,0.3874463785052814,0.12836372834066131,0.0,0.0,False,False,True,149,69,False,1.18,1,1,
315,3,0,0.43507053024617254,0.777294764173729,1.0,0.5367315507142056,0.3823110161274187,0.255757845192851,0.8204935279861305,False,False,False,-1,0,False,0.0,5,5,
316,0,1,0.213905855299123,0.17173340358855524,0.9552304117199443,0.5114227462368656,0.2955549001537098,0.0,0.0,False,False,False,-1,0,False,0.0,4,4,
317,0,1,0.5275270613064139,0.2745148317775108,1.0,0.5109812962296972,0.08919807324421822,0.0,0.0,False,False,False,-1,0,False,0.0,3,3,
318,1,2,0.2721886455217413,0.5714158677731822,0.9504581115400083,0.4935336674655978,0.1980944128015445,0.0754837245596763,0.06280184025585335,False,False,False,-1,0,False,0.0,3,3,
319,1,0,0.23525817327419907,0.10242086932842841,0.9928272761665682,0.5262609949989255,0.40541826500450256,0.022216979954296247,0.0004540825773734234,False,False,False,-1,0,False,0.0,3,3,
320,0,0,0.15771239801949496,0.5586205093039688,0.9882558620370061,0.48363108549032896,0.17108009964460272,0.0,0.0,False,False,False,-1,0,False,0.0,3,3,
321,6,0,0.8566491859435363,0.5422015371953742,0.9566074725033729,0.5295865399397991,0.33210389801689355,0.5264239071066359,1.238862429049516,False,False,False,-1,0,False,0.0,2,2,
322,2,0,0.35082494446588414,0.5696747405848652,1.0,0.6007425479655709,0.014887876631330385,0.12815352953150738,0.09703659942402319,False,False,False,-1,0,False,0.0,2,2,
323,0,0,0.5270527461486642,0.6647028107488219,1.0,0.5238818154061713,0.14137148482345452,0.0,0.0,False,False,False,-1,0,False,0.0,1,1,
324,0,79,0.051246953703474284,0.12975675530426478,0.9907891320360404,0.2061441048346454,0.32059245433082384,0.0,0.0,False,False,True,132,86,False,1.09,0,0,
325,0,14,0.3347364113957926,0.48210143493045454,0.9969342948200028,0.7374932803015705,0.26426201296174334,0.0,0.0,False,False,True,69,16,False,1.21,1,1,
326,0,22,0.2786706435787747,0.32646678790750366,0.950369609441522,0.4215348404735495,0.023540783093190437,0.0,0.0,False,False,False,-1,0,False,0.0,4,4,
327,0,24,0.14569054035334442,0.08449695119491986,0.9767886552482881,0.49850825333203236,0.19711056299501753,0.0,0.0,False,False,False,-1,0,False,0.0,3,3,
328,0,1,0.5288074886266744,0.28580973610543176,0.9130621959376243,0.5443008590991777,0.3134941748698502,0.0,0.0,False,False,False,-1,0,False,0.0,6,6,
329,0,1,0.3332565651939538,0.3079638755493844,1.0,0.6169889654612065,0.25298968358002394,0.0,0.0,False,False,False,-1,0,False,0.0,4,4,
330,0,26,0.05208996156608294,0.6036973132926066,1.0,0.5048689682215788,0.06979743158180661,0.0,0.0,False,False,False,-1,2,False,0.0,3,3,
331,1,1,0.458707553442274,0.09275980617322228,0.9899604352027609,0.523630483398513,0.27629737490538514,0.03171365447880841,0.0019058269531941749,False,False,False,-1,0,False,0.0,4,4,
332,1,17,0.15726816317345332,0.055331638773425985,0.9860302420547927,0.4864504770314781,0.15206239603075858,0.019307732981250148,0.00025790808586210394,False,False,True,156,14,False,1.15,1,1,
333,1,2,0.359978635613097,0.1368011238291449,0.9844848646219582,0.5350949199419076,0.523558905739692,0.14195318697201642,0.8007313507497957,False,False,False,-1,0,False,0.0,5,5,
334,0,1,0.049352243437785194,0.3264231625173805,1.0,0.48178265316991337,0.1870320885982993,0.0,0.0,False,False,False,-1,0,False,0.0,4,4,
335,192,0,1.0,1.0,0.9877799475462751,0.48651967181763034,0.6128903677541195,0.3711804775905771,0.08500029580954756,False,False,False,-1,0,False,0.0,1,1,
336,3,1,0.2928752548509562,0.5317851829933095,0.8590428927940562,0.5451092219740145,0.20929562700394563,0.2581083290251039,0.6496035587483173,False,False,False,-1,0,False,0.0,3,3,
337,0,1,0.22780469412642354,0.403896110973801,1.0,0.5236642700606039,0.1401342397540307,0.0,0.0,False,False,False,-1,0,False,0.0,5,5,
338,2,25,0.6363855078589147,0.09730804658522119,0.9543403832384528,0.4479469806440174,0.3253877711890768,0.044104584877243586,0.0008821808801283723,False,False,False,-1,1,False,0.0,5,5,
339,3,1,0.3763439013178658,0.6071369878153219,1.0,0.4707774936635706,0.46242981960128976,0.3032272465340525,1.1421312165016453,False,False,False,-1,0,False,0.0,5,5,
340,182,0,1.0,1.0,0.9805784764960775,0.49773812811591633,0.6030622206342489,0.34951200318065767,0.07659188562576318,False,False,False,-1,0,False,0.0,2,2,
341,0,18,0.16174615836169645,0.5577097447545255,0.9744154303538387,0.2926504950118919,0.2809362004546062,0.0,0.0,False,False,True,85,12,False,1.15,1,1,
342,1,1,0.4421392768195517,0.3709096318327805,0.9780705890389058,0.5086405516831143,0.11121798212182811,0.08773257954878862,0.11513042268007563,False,False,False,-1,0,False,0.0,6,6,
343,0,0,0.2649388914312814,0.19656142407641566,1.0,0.5589672606434692,0.23995481899978338,0.0,0.0,False,False,False,-1,0,False,0.0,5,5,
344,0,21,0.424299360058405,0.06809078609163947,1.0,0.5598681023932834,0.4073359215709422,0.0,0.0,False,False,False,-1,1,False,0.0,4,4,
345,291,179,1.0,1.0,0.9606260250175455,0.4557769289856261,0.5124210518532527,1.9602990012500001,24.877715703614864,True,False,False,-1,0,False,0.0,1,1,
346,1,23,0.27965765930944747,0.572083635110656,0.9848271076461496,0.44361049982700557,0.38799245569394886,0.12523397509780887,0.48321312820571644,False,False,False,-1,0,False,0.0,4,4,
347,0,0,0.20379288292837835,0.3257583224421545,0.9763377061263898,0.5067835808109261,0.23145264008058106,0.0,0.0,False,False,False,-1,0,False,0.0,2,2,
348,0,0,0.09975952245996467,0.1285869440875144,0.9143445473229788,0.5641768404949902,0.15950139732471097,0.0,0.0,False,False,False,-1,0,False,0.0,3,3,
349,0,46,0.6641604605805237,0.30298455285968806,0.9355331254409797,0.43565816120355216,0.19713615241672938,0.0,0.0,False,False,True,229,37,False,1.15,1,1,
