agent_id,punish_issued,punished_received,final_r,final_b,final_x,y,L,cap,service,is_enforcer,cadre_fallback,exited,exit_time,exit_intent,disengaged,exit_cost_eff_last,degree,degree_at_end,betweenness
0,0,34,0.49552013120811883,0.331402438209074,0.8264178146153273,0.7177793600488026,0.291465964606038,0.0,0.0,False,False,True,72,19,False,3.16,5,5,
1,1,79,0.69465408875265,0.1913966228084763,1.0,0.6676921062416294,0.20697439330392886,0.018642014836481455,0.00022389659456767983,False,False,True,111,51,False,2.23,2,2,
2,0,32,0.430811631325699,0.08337102999721517,0.9168364249571551,0.6562635225012061,0.11840785777550587,0.0,0.0,False,False,True,111,19,False,1.96,2,2,
3,1,61,0.27189928928798823,0.429528398760982,0.9491310788415207,0.6907604784164969,0.19269552020713535,0.019502268105603543,0.00026854236345491875,False,False,True,121,41,False,1.3900000000000001,1,1,
4,0,66,0.09133618809909849,0.12199839182142991,0.9428012696413378,0.6750230139886385,0.05890732330679508,0.0,0.0,False,False,True,200,50,False,1.48,2,2,
5,0,98,0.1636053451837327,0.5845615534670653,0.9428498934032364,0.2164429808665655,0.0765322079251528,0.0,0.0,False,False,True,113,56,False,1.78,2,2,
6,0,32,0.5648790970314657,0.7473300862345484,0.9789526795541542,0.5617858552987839,0.2822000126871975,0.0,0.0,False,False,False,-1,0,False,0.0,27,27,
7,0,107,0.3772736476524411,0.20412117137495284,0.686345171573556,0.6899401529011457,0.46499223735152534,0.0,0.0,False,False,True,113,71,False,2.95,5,5,
8,0,29,0.18310714274892015,0.29676685346749865,1.0,0.7416841877432123,0.3992034645621666,0.0,0.0,False,False,True,60,15,False,2.65,3,3,
9,0,88,0.5452444649183535,0.5568848260145127,0.5593595839543148,0.6917115192505112,0.2929965121051726,0.0,0.0,False,False,True,133,65,False,2.56,5,5,
10,0,175,0.07455943265922622,0.3015115434964786,0.8138653961870342,0.5770893135513778,0.020699949056263784,0.0,0.0,False,False,True,138,86,False,2.3499999999999996,4,4,
11,0,98,0.3538042044933802,0.40180320338797687,0.6354908250012414,0.6238326025201231,0.12978217166413716,0.0,0.0,False,False,True,95,57,False,3.01,5,5,
12,147,51,1.0,1.0,0.8189414702511184,0.6227002650155817,0.6807080897682652,0.37680432930601043,0.07781195021610024,False,False,True,144,34,False,1.3900000000000001,1,1,
13,0,47,0.21151953496925788,0.46334313442781266,0.9761937042455898,0.4929300572790591,0.4782341707633798,0.0,0.0,False,False,False,-1,0,False,0.0,31,31,
14,0,95,0.48870453527342816,0.6390989257644779,0.8043509254042571,0.5438956124493307,0.10785844981337801,0.0,0.0,False,False,True,108,58,False,1.93,3,3,
15,1,12,0.3457971585259599,0.04885168290839295,0.9941271998734084,0.6555302477871205,0.1102019473253262,0.0480762503834003,0.010193402710134216,False,False,False,-1,0,False,0.0,16,16,
16,1,80,0.4046001467685636,0.3136057355184524,0.8760181988739667,0.38831772029431677,0.1559560532522442,0.01854880476229905,0.00021941866267632623,False,False,True,139,90,False,1.48,1,1,
17,0,31,0.16825035208225755,0.3197721147319034,0.9450747074848643,0.44289038103341033,0.19640749452189377,0.0,0.0,False,False,True,75,31,False,1.87,3,3,
18,0,104,0.04925042343505342,0.7555350436490404,0.9815479938229272,0.55365309537977,0.26188266611490785,0.0,0.0,False,False,True,444,27,False,1.48,2,2,
19,0,42,0.4455770630018144,0.20488513511559436,1.0,0.5747593645868141,0.020711470759839177,0.0,0.0,False,False,False,-1,0,False,0.0,12,12,
20,0,55,0.16143753672716135,0.09742223003576957,1.0,0.196664977581258,0.3166925944620487,0.0,0.0,False,False,True,217,29,False,1.27,1,1,
21,0,27,0.031741399177616335,0.386174272053673,0.7564406493777105,0.41257804678423016,0.27070522439392314,0.0,0.0,False,False,True,55,19,False,2.32,3,3,
22,0,44,0.3572496426687447,0.37651498493718477,0.878188853885782,0.4441376153511277,0.3233569083439017,0.0,0.0,False,False,True,188,24,False,1.27,1,1,
23,122,43,1.0,1.0,0.8383285753244103,0.3587486216042538,0.5954603957433994,0.4335803814468144,0.11184091368468167,False,False,True,154,15,False,1.3599999999999999,1,1,
24,0,122,0.44417483214404324,0.17041654949942486,0.9628058023174424,0.569736927667813,0.42774222873887263,0.0,0.0,False,False,True,138,69,False,2.2,4,4,
25,0,58,0.19664221608482327,0.2889466232517833,0.7077548015349711,0.5538513419095831,0.12522796616878132,0.0,0.0,False,False,True,140,71,False,1.45,1,1,
26,0,114,0.09386542308292951,0.4398630034614991,0.6453498003050033,0.3127064202264723,0.015435198874307334,0.0,0.0,False,False,True,205,102,False,1.69,2,2,
27,0,56,0.18762595701499363,0.05808316494094574,0.9829288134643257,0.49444731932281677,0.45358440056774296,0.0,0.0,False,False,True,160,41,False,1.51,1,1,
28,0,74,0.27741308374605245,0.3054379596665475,0.9345297966404316,0.9131265650685143,0.17331489761904176,0.0,0.0,False,False,True,201,62,False,1.8399999999999999,3,3,
29,0,4,0.2908244953733626,0.06940859545835816,1.0,0.5652074564149717,0.2807190679499599,0.0,0.0,False,False,False,-1,0,False,0.0,13,13,
30,0,5,0.4101954404138448,0.3092335579603936,0.9814847860536371,0.5344483235155757,0.21973845612664492,0.0,0.0,False,False,False,-1,0,False,0.0,10,10,
31,0,42,0.16028610884291503,0.031923420596309156,0.9172214117449518,0.7246471957987708,0.17797851452027855,0.0,0.0,False,False,True,198,15,False,1.45,1,1,
32,3,0,0.5248950038263615,0.5454352503888285,0.9399272257543954,0.44910814412329975,0.21600371449313382,0.13404784933900588,0.05043837703066301,False,False,False,-1,0,False,0.0,8,8,
33,0,40,0.145385398501458,0.35240848688217186,0.7621699639522479,0.42525847484557483,0.12401012117777503,0.0,0.0,False,False,True,113,31,False,1.42,1,1,
34,1,24,0.19073580646991,0.14033255192025118,0.9156651539444426,0.5248088457738395,0.25063515223849125,0.017205295706178212,0.0001620558447965088,False,False,False,-1,0,False,0.0,11,11,
35,496,0,1.0,1.0,0.9728379935077487,0.552898071304892,0.4052860665973538,2.0,50.233898255352855,True,False,False,-1,0,False,0.0,10,10,
36,0,37,0.18213294725342527,0.40627164402923227,1.0,0.5720265871172763,0.3377478771005863,0.0,0.0,False,False,False,-1,0,False,0.0,8,8,
37,0,87,0.10030323809825063,0.25076452128735827,0.8008235895001595,0.2181284873018855,0.11292906500214116,0.0,0.0,False,False,True,235,79,False,1.3900000000000001,1,1,
38,2,1,0.5246990482824577,0.32975463656647536,1.0,0.484967275709769,0.1107706605331813,0.19371681795800097,0.9496907266980658,False,False,False,-1,0,False,0.0,11,11,
39,0,28,0.3503766076768614,0.07136579181512792,1.0,0.538727979272341,0.13555052717325897,0.0,0.0,False,False,False,-1,0,False,0.0,3,3,
40,0,33,0.17788978028233432,0.31632742086363774,0.8869772421836075,0.7207558135951075,0.2589556972106626,0.0,0.0,False,False,True,124,25,False,1.3900000000000001,1,1,
41,3,2,0.5602892769154283,0.21677987389592746,0.977454402070277,0.5055962858398041,0.2581280472477463,0.21365773782612973,0.7459401082102124,False,False,False,-1,0,False,0.0,9,9,
42,1,3,0.5881711189478754,0.18287957671877275,0.9903852762716228,0.5255814847445757,0.1413741498941947,0.03108412260039786,0.001757874100096117,False,False,False,-1,0,False,0.0,11,11,
43,1,3,0.3870371967494052,0.28810344508694014,0.9903555058920182,0.5498649301683913,0.0662095330564759,0.08344334518074704,0.09406993761735907,False,False,False,-1,0,False,0.0,6,6,
44,0,26,0.08186676038759029,0.13177255137013807,0.9734258680855483,0.6195831256179876,0.5166531145552792,0.0,0.0,False,False,True,96,16,False,1.51,1,1,
45,0,82,0.3439948046637753,0.11384379096400035,0.9916094450077448,0.6154923479477721,0.3272739963082679,0.0,0.0,False,False,False,-1,32,True,1.5699999999999998,19,19,
46,0,20,0.2118949994843458,0.15450305558470356,0.960950796226264,0.5647589083168083,0.0662963426143324,0.0,0.0,False,False,False,-1,0,False,0.0,8,8,
47,3,1,0.37014179325931634,0.5327216863451528,0.9928522469263571,0.5677588956604835,0.13312688476752202,0.10601311345335561,0.012438508332472845,False,False,False,-1,0,False,0.0,10,10,
48,2,90,0.19300402316032644,0.42728617214937054,0.9586130087207038,0.43336596366251945,0.3450844687179162,0.06005441526304637,0.005491256871895744,False,False,True,415,31,False,1.54,2,2,
49,0,43,0.4130293167994291,0.5931188671510146,0.8912038548833363,0.5836977365540871,0.26081780452531167,0.0,0.0,False,False,True,136,28,False,1.45,1,1,
50,0,48,0.4465641798906663,0.49416204466372243,0.7774575335722925,0.27907354010901736,0.3482734525528575,0.0,0.0,False,False,True,143,41,False,1.21,1,1,
51,1,51,0.4982823837421736,0.40995794710245936,0.7294695934332333,0.5927531438457733,0.23281749520635714,0.018456060738487552,0.0002150302894227997,False,False,True,88,48,False,1.5699999999999998,2,2,
52,0,108,0.2758784077253765,0.37002688610472156,0.8973355224034992,0.6036113023726561,0.22216339777971053,0.0,0.0,False,False,True,231,109,False,1.48,2,2,
53,1,31,0.3458933603990584,0.32216795653784963,0.9028151418249483,0.6956301129920025,0.0068358399899855525,0.017378647717156852,0.00016873786421960516,False,False,True,142,19,False,1.3599999999999999,1,1,
54,0,24,0.38266374638581147,0.49124366633368316,0.741153260718783,0.32261383661417525,0.2811403070216653,0.0,0.0,False,False,True,57,18,False,1.33,1,1,
55,0,35,0.5416702753722495,0.25376872468535666,0.6109978574516495,0.5725604748596994,0.24092840369733837,0.0,0.0,False,False,True,78,27,False,1.3900000000000001,1,1,
56,0,214,0.5072624290446374,0.2238428458547577,0.8344497411300777,0.45330595399103657,0.29863110119188274,0.0,0.0,False,False,True,181,130,False,1.69,2,2,
57,0,32,0.18883913293909652,0.13398590093032323,0.8060865672356745,0.5060092213299369,0.1369345667080183,0.0,0.0,False,False,True,96,35,False,1.27,1,1,
58,2,49,0.3272050026295606,0.2498089942874001,0.8922736255171354,0.7099568510167578,0.30049295772115103,0.059642660601355396,0.003015709475906051,False,False,True,218,23,False,1.21,1,1,
59,1,0,0.09985940395271721,0.13878106104221022,0.9895913872469472,0.546109532497277,0.1607311925013089,0.04595558670800098,0.008498726698065806,False,False,False,-1,0,False,0.0,10,10,
60,2,44,0.4804768388960651,0.2786927243233664,0.8471960023048072,0.9482957426392054,0.06600359202637446,0.044801689909530214,0.0012295528830194259,False,False,True,257,22,False,1.24,1,1,
61,2,76,0.5747379274153069,0.23778370328647003,1.0,0.4814758750173205,0.13605045155593015,0.15694749283538095,0.2359861195363368,False,False,False,-1,0,False,1.33,7,7,
62,0,1,0.4309213921803107,0.6494744964736734,0.9922044043680938,0.5625505093122397,0.2650765381971529,0.0,0.0,False,False,False,-1,0,False,0.0,15,15,
63,478,1,1.0,1.0,0.9731285722322687,0.5633858632844391,0.4386888014075596,1.98005,55.219067437417195,True,False,False,-1,0,False,0.0,21,21,
64,1,0,0.39114832143198913,0.2065097940876539,0.9560778993931638,0.5509096509103624,0.4154079019456446,0.02518303125763301,0.0007524591827260468,False,False,False,-1,0,False,0.0,6,6,
65,3,0,0.4406363450588979,0.15022923415342576,1.0,0.46623066900366,0.13773007407467902,0.13760883974616467,0.039704687774703276,False,False,False,-1,0,False,0.0,5,5,
66,3,35,0.37559338184417473,0.3303520197721765,1.0,0.4592439009587838,0.17839939545679181,0.22376132485227426,0.3303601214431749,False,False,False,-1,0,False,0.0,8,8,
67,0,40,0.6067976330884197,0.33678989447796503,0.7121366871936232,0.43044927284772233,0.1919517096042088,0.0,0.0,False,False,True,112,30,False,1.45,0,0,
68,1,0,0.4329771573486351,0.7816825284339939,1.0,0.44187704422415147,0.03678787651469939,0.1185157458820541,0.38692390084819756,False,False,False,-1,0,False,0.0,14,14,
69,0,21,0.25815648506820404,0.4688309954581767,1.0,0.5719658768524318,0.4898049815799734,0.0,0.0,False,False,False,-1,0,False,0.0,9,9,
70,0,110,0.30861057031191885,0.4848562382031829,0.6764448992946093,0.5474358534870827,0.2696847001701669,0.0,0.0,False,False,True,202,113,False,1.5699999999999998,1,1,
71,0,22,0.3111561957744464,0.3706717498717296,0.7655091124262617,0.5452381864677677,0.2567848172222811,0.0,0.0,False,False,True,62,20,False,1.3900000000000001,1,1,
72,0,255,0.49425272424016126,0.0642996422713157,0.735300352748451,0.4286758484051747,0.06281384581468731,0.0,0.0,False,False,True,214,152,False,1.3,1,1,
73,0,57,0.29729493170872373,0.08240150292770404,0.9770445762695682,0.3906292498257386,0.37042210064180087,0.0,0.0,False,False,True,376,27,False,1.12,0,0,
74,2,9,0.31455198059012657,0.4137478537355484,1.0,0.5836263874025928,0.07644558962415662,0.03623800130964991,0.000431467947305506,False,False,False,-1,0,False,0.0,11,11,
75,2,2,0.4417711758117339,0.05652190320889401,1.0,0.6059172623477965,0.15288926101653302,0.17258701099147988,0.9231676346903139,False,False,False,-1,0,False,0.0,11,11,
76,1,39,0.1898610414851597,0.22283997409716805,0.9537072590119184,0.5104235712332075,0.2334493322689373,0.02324220334368555,0.000544628241296005,False,False,True,168,22,False,1.18,1,1,
77,0,7,0.31291179464262564,0.1311968934447775,0.9636399481957136,0.5739481416915013,0.19853662423253945,0.0,0.0,False,False,False,-1,0,False,0.0,10,10,
78,0,26,0.374330958738171,0.3720952323597387,0.9342669787717914,0.752032764939003,0.13953249012683014,0.0,0.0,False,False,True,122,14,False,1.3,1,1,
79,0,0,0.37756373327156034,0.13105994431420495,1.0,0.5490324934179905,0.17162176948447097,0.0,0.0,False,False,False,-1,0,False,0.0,3,3,
80,1,1,0.1361200719224757,0.10295933658000192,0.9595581598805281,0.5760847300416817,0.1916439062918461,0.06176985061691649,0.027990805570896914,False,False,False,-1,0,False,0.0,6,6,
81,2,30,0.3392090777219873,0.3866200239840154,1.0,0.4344321460074225,0.21321771965784272,0.07510119464367068,0.01460628120545534,False,False,False,-1,0,False,0.0,10,10,
82,0,3,0.17801303846065147,0.4880203595491489,0.9660930264137797,0.5242549920081174,0.3571249846852332,0.0,0.0,False,False,False,-1,0,False,0.0,10,10,
83,0,74,0.1400104955388183,0.6393905051412129,0.9953839966798045,0.5129274271041241,0.08145079270882964,0.0,0.0,False,False,True,135,51,False,1.3599999999999999,1,1,
84,0,0,0.32270700739062086,0.5345554723254061,0.9751622794650895,0.5979641522585677,0.1544267862315385,0.0,0.0,False,False,False,-1,0,False,0.0,9,9,
85,1,0,0.2910699545823912,0.22503091180434653,0.9953037573872376,0.45296708150846204,0.27437683526530193,0.05288007399268854,0.014963174615290691,False,False,False,-1,0,False,0.0,6,6,
86,1,7,0.3677973592606607,0.06808684969055971,1.0,0.5359147799451632,0.16127713896876467,0.030314751807925505,0.001588978957232965,False,False,False,-1,0,False,0.0,9,9,
87,0,68,0.0799568145330097,0.027490180196458252,0.9699304292566296,0.5146152989334682,0.1445035559015647,0.0,0.0,False,False,False,-1,8,True,1.24,7,7,
88,1,18,0.5661600130867578,0.4797296257453594,0.9771052531499691,0.5669852428927435,0.10337899957029013,0.12336484236522718,0.45479633056219465,False,False,False,-1,0,False,0.0,3,3,
89,1,44,0.5500196685286104,0.2540466807089584,0.9263547768220662,0.7787295629679882,0.23496794435004015,0.023832076964246083,0.0006025176577683151,False,False,True,111,27,False,1.69,1,1,
90,2,15,0.6461683371508089,0.5395905225230628,0.9590381046048478,0.6322231740076627,0.15371736112693388,0.05317378336665243,0.002136951817973085,False,False,False,-1,0,False,0.0,10,10,
91,3,0,0.49912273354730285,0.31442041820335154,0.9595364957581184,0.4831004546081459,0.0129643922615617,0.1772047728735136,0.2746312615902215,False,False,False,-1,0,False,0.0,6,6,
92,1,0,0.4946407672300098,0.10562989352963251,1.0,0.5423501483390997,0.3631203077692975,0.0313973107753823,0.0018303562058476855,False,False,False,-1,0,False,0.0,8,8,
93,0,1,0.26999670944321813,0.37531969835096596,0.9784377253681159,0.5983355303920282,0.03270520110471611,0.0,0.0,False,False,False,-1,0,False,0.0,6,6,
94,1,28,0.26837545070517826,0.10461092374606934,0.9483239182069338,0.5075128665867435,0.04133430676094209,0.018363780434795113,0.0002107296836343437,False,False,True,75,21,False,1.3900000000000001,1,1,
95,1,0,0.1335326549508637,0.13567371982293547,1.0,0.5622780176169413,0.12409569901321223,0.01628231038858631,0.00012976319550080776,False,False,False,-1,0,False,0.0,5,5,
96,47,41,1.0,1.0,1.0,0.454048091290675,0.3148895059323414,0.32582561646222186,0.02260925380188822,False,False,True,123,40,False,1.24,1,1,
97,1,0,0.3169989322738759,0.19952147765012646,0.9852441703202791,0.6368106206769455,0.2677614634679146,0.03576781020229393,0.003094978582782463,False,False,False,-1,0,False,0.0,7,7,
98,0,36,0.22071805408049147,0.18203395665792368,1.0,0.4918707860050196,0.1936763169003378,0.0,0.0,False,False,True,159,23,False,1.33,1,1,
99,487,1,1.0,1.0,0.9908846747337249,0.5461156880253832,0.23112395203996455,2.0,66.67813887867909,True,False,False,-1,0,False,0.0,4,4,
100,1,0,0.46549460674352333,0.42201587805532803,0.9481821406229993,0.5393760862545807,0.4075922039146287,0.035411026295526046,0.0029724174309042773,False,False,False,-1,0,False,0.0,5,5,
101,0,4,0.05905144238658632,0.723417145792808,1.0,0.4669618206251142,0.35568966571686006,0.0,0.0,False,False,False,-1,0,False,0.0,7,7,
102,0,56,0.06262042796813873,0.45704577946060987,0.9921855000561958,0.36422493857856353,0.19344236872443885,0.0,0.0,False,False,True,203,38,False,1.18,1,1,
103,1,0,0.19520713919218088,0.33886107555551087,1.0,0.6460544700863287,0.3262800651777556,0.11442939962114936,0.33589851774974244,False,False,False,-1,0,False,0.0,6,6,
104,0,0,0.09696796979143699,0.09120724664907115,0.9933722996776415,0.5699384597700281,0.256608671613954,0.0,0.0,False,False,False,-1,0,False,0.0,4,4,
105,0,43,0.06924313178806568,0.28891124840093674,0.9630349679528667,0.7294919134910379,0.37583034788066577,0.0,0.0,False,False,True,206,19,False,1.12,0,0,
106,0,36,0.05138373185149843,0.7012068416634624,0.9563187851014491,0.25656570705008,0.15866396631808144,0.0,0.0,False,False,True,118,34,False,1.24,0,0,
107,243,4,1.0,1.0,0.9827192546123418,0.5687954349082113,0.5396223204718125,0.6841782679364032,0.5815936326311891,True,False,False,-1,0,False,0.0,1,1,
108,302,0,1.0,1.0,0.9142900373925507,0.5630427029511343,0.29948327882070896,0.7755186682744352,1.3597156944407927,True,False,False,-1,0,False,0.0,0,0,
109,0,34,0.12698957751866868,0.2306672944572717,0.9676655513430749,0.4415572002940317,0.40242583738337145,0.0,0.0,False,False,True,147,18,False,1.21,1,1,
110,0,1,0.21660187423664867,0.31795154913612456,0.9958024445493924,0.5905705285577303,0.2265679354493117,0.0,0.0,False,False,False,-1,0,False,0.0,3,3,
111,1,0,0.30491905153050436,0.30135117836161796,0.95235669538306,0.6034701277951418,0.07203781039140378,0.11911130239402422,0.39482030698795667,False,False,False,-1,0,False,0.0,4,4,
112,0,1,0.22895922894235737,0.16087688961579155,0.9969723636921091,0.5904883837639002,0.2601113836867322,0.0,0.0,False,False,False,-1,0,False,0.0,9,9,
113,2,1,0.34587955617070404,0.053265494329839166,0.8511295675088828,0.5528878426613515,0.2605342022905947,0.11067051933385318,0.1277100371565224,False,False,False,-1,0,False,0.0,6,6,
114,2,2,0.200820747884033,0.295193026295594,1.0,0.5770464060796762,0.10695105780640013,0.18061973107778304,0.2631331454559809,False,False,False,-1,0,False,0.0,7,7,
115,1,12,0.41236689090025797,0.09842285596532144,0.9298479989152465,0.5986531078239457,0.3641305086399321,0.02530957915340001,0.0007678154925775988,False,False,False,-1,0,False,0.0,8,8,
116,3,3,0.24952542128737012,0.12883716296793102,0.9856493045625385,0.5400392665955717,0.08566240162204244,0.1902495133206834,0.4088003710954664,False,False,False,-1,0,False,0.0,8,8,
117,0,7,0.1148293479326592,0.1701903127644643,1.0,0.5506591619647173,0.5179287221275221,0.0,0.0,False,False,False,-1,0,False,0.0,16,16,
118,0,9,0.18653887689291065,0.12990002378593454,1.0,0.5555112693145118,0.26814598166625125,0.0,0.0,False,False,False,-1,0,False,0.0,5,5,
119,0,0,0.20489031916602385,0.2760084976382567,0.9935670060733419,0.5569038695845854,0.20135811127423098,0.0,0.0,False,False,False,-1,0,False,0.0,4,4,
120,0,1,0.22772597608983045,0.11188225839030108,0.9656992249912878,0.5397784353974112,0.3294787737833874,0.0,0.0,False,False,False,-1,0,False,0.0,7,7,
121,0,0,0.27786200657619986,0.5293064892773003,0.9495102241011762,0.6073458624335561,0.19745540892618332,0.0,0.0,False,False,False,-1,0,False,0.0,6,6,
122,0,1,0.22106694444672234,0.5483349854874774,1.0,0.5331619140958173,0.018268695805806583,0.0,0.0,False,False,False,-1,0,False,0.0,5,5,
123,0,38,0.06360147128324307,0.3609529884841516,0.9567901094169893,0.5239958688832408,0.09986272291044102,0.0,0.0,False,False,True,215,15,False,1.15,1,1,
124,0,19,0.03415774621611651,0.5487434568816036,1.0,0.6018862050710074,0.15946126229243232,0.0,0.0,False,False,False,-1,0,False,0.0,6,6,
125,0,2,0.22486052273264737,0.08319359883824748,1.0,0.47609234927887745,0.32495122837803636,0.0,0.0,False,False,False,-1,0,False,0.0,6,6,
126,1,50,0.4720383806881476,0.1807076010935761,1.0,0.6672920693475946,0.09793194489314133,0.02493183052083812,0.0007226617990900954,False,False,False,-1,2,False,0.0,4,4,
127,369,2,1.0,1.0,0.9926265808590721,0.5756410953965546,0.5944339703001645,0.8746580925800003,1.9110117410910405,True,False,False,-1,0,False,0.0,0,0,
128,2,57,0.40454549071137375,0.172428229687773,0.8629243003822773,0.45485120155285197,0.5155750593750731,0.07135701072103759,0.013305562784621876,False,False,True,385,19,False,1.33,1,1,
129,0,131,0.26456485638527,0.2896291213024208,0.8993910825566511,0.5423160408879515,0.3089933180268359,0.0,0.0,False,False,True,257,128,False,1.3599999999999999,1,1,
130,1,42,0.3753634497465346,0.3456022067555328,0.8788599428779972,0.46443229984531825,0.2828929517064328,0.02883266754707352,0.0012983114966715861,False,False,True,157,22,False,1.33,1,1,
131,1,26,0.5795803964312426,0.23784173112719437,0.6317337034191893,0.3915947665914321,0.11202430433841196,0.020198706438901988,0.0003093358658057111,False,False,True,82,21,False,1.6,2,2,
132,0,27,0.2637108208104308,0.3646363553465105,0.8961997719263924,0.17225054215505392,0.39191333513676724,0.0,0.0,False,False,True,140,17,False,1.3,0,0,
133,2,2,0.3843476251953584,0.2522996559351379,1.0,0.45703655725134507,0.20273915999941108,0.1020664230271015,0.06622377649538454,False,False,False,-1,0,False,0.0,6,6,
134,1,54,0.1437743142655346,0.10196516719008279,0.9659482437087684,0.548319465733486,0.13784283276918227,0.027978427959088698,0.001150099347314661,False,False,False,-1,8,True,0.0,9,9,
135,0,2,0.10307865793644769,0.3739534334033633,0.9598646048813008,0.5650222993059415,0.15094651843391282,0.0,0.0,False,False,False,-1,0,False,0.0,7,7,
136,122,60,1.0,1.0,0.8747661789998374,0.3802475136511307,0.5516658939418047,0.4041966907723405,0.08520900203327512,False,False,True,172,48,False,1.18,1,1,
137,1,1,0.10467879397271926,0.5840945464261857,0.8965795503131703,0.5748290897169713,0.1853358169055591,0.028402336379850006,0.0012219603941753235,False,False,False,-1,0,False,0.0,6,6,
138,514,0,1.0,1.0,0.904453912117037,0.5361297734825888,0.5810430474424504,2.0,79.89757528219211,True,False,False,-1,0,False,0.0,2,2,
139,1,19,0.5028047747743969,0.1548104566583322,1.0,0.5594794342766591,0.0870232597107993,0.053681273713014496,0.015898110709919647,False,False,False,-1,0,False,0.0,7,7,
140,0,32,0.04404270106091969,0.6223653599857207,0.9078319400221804,0.5999507317926889,0.0514132205770251,0.0,0.0,False,False,True,183,12,False,1.18,1,1,
141,0,0,0.24890437019753966,0.3795632894008988,1.0,0.6250334001317387,0.4440312451451781,0.0,0.0,False,False,False,-1,0,False,0.0,10,10,
142,0,38,0.3700445551510943,0.30538911425764814,0.9926709203257233,0.3614621464041221,0.38458115743138194,0.0,0.0,False,False,True,140,25,False,1.3900000000000001,1,1,
143,212,0,1.0,1.0,1.0,0.5174754955780306,0.6189715255557127,0.5740861920885065,0.37053090659547183,True,False,False,-1,0,False,0.0,1,1,
144,0,32,0.1486031263877667,0.43261775838010563,0.9463900082686286,0.3124775972656972,0.10342544282587521,0.0,0.0,False,False,True,106,23,False,1.18,1,1,
145,2,21,0.6278208621352164,0.18425151586323707,1.0,0.5310571323785146,0.19014037211237428,0.09860981702992495,0.03337975269823339,False,False,False,-1,0,False,0.0,6,6,
146,0,69,0.23600004130650512,0.5917390190154865,0.882664026010724,0.057152808713645885,0.012138833276169969,0.0,0.0,False,False,True,185,54,False,1.18,1,1,
147,0,1,0.09167461295216497,0.13748742016613708,0.9625556058307612,0.5783002496863145,0.39038800523490663,0.0,0.0,False,False,False,-1,0,False,0.0,6,6,
148,1,1,0.37514454173812917,0.6824110498823619,0.9943663725453711,0.5713527069215427,0.3206443898088381,0.11500442172979834,0.3427535895405535,False,False,False,-1,0,False,0.0,5,5,
149,2,0,0.20117070411193336,0.48477675918352725,0.9871977596262241,0.49460873244524334,0.16499028907652988,0.1567030751996777,0.5688786781418537,False,False,False,-1,0,False,0.0,5,5,
150,219,0,1.0,1.0,0.9588026702245852,0.559247404920882,0.5291845568035662,0.6474752372704442,0.46321448854634256,True,False,False,-1,0,False,0.0,1,1,
151,0,6,0.46601675928570657,0.29265551020179104,1.0,0.4833549745277012,0.16813837232450665,0.0,0.0,False,False,False,-1,0,False,0.0,6,6,
152,0,29,0.3795011136686083,0.7538513375412749,1.0,0.8293552076762686,0.16850209222304396,0.0,0.0,False,False,True,119,18,False,1.3599999999999999,1,1,
153,1,47,0.31239228567668414,0.25161431245035293,1.0,0.5252218624921681,0.1257336293721154,0.025057116101344847,0.0007374099990715259,False,False,False,-1,2,False,0.0,7,7,
154,2,0,0.6458232419866549,0.5478163647586318,0.9267131617570332,0.512898630678576,0.1576961043425988,0.1703002074762834,1.000315648842659,False,False,False,-1,0,False,0.0,5,5,
155,1,1,0.13065672900198447,0.4706950105272136,0.9257077784993657,0.5885979567008174,0.03818700100077304,0.03505780130822817,0.002854709700640468,False,False,False,-1,0,False,0.0,6,6,
156,0,70,0.13980701571820695,0.15105686908877763,0.5872060016739787,0.564041447428036,0.33578281151334405,0.0,0.0,False,False,True,218,58,False,1.18,1,1,
157,0,29,0.07189696431567298,0.4712590661764063,0.9265786629084618,0.40409346533853974,0.25823659558641365,0.0,0.0,False,False,True,150,17,False,1.3,0,0,
158,1,0,0.6505727857401227,0.08423531053601509,0.9260715070974648,0.47938596250484106,0.06894489986552166,0.07896699186675396,0.07532474821329699,False,False,False,-1,0,False,0.0,5,5,
159,2,60,0.48318824573969277,0.3353502013337529,0.719810414555401,0.37427903145585095,0.20610307969484548,0.039915514167714244,0.0005932794475597032,False,False,True,372,16,False,1.15,1,1,
160,2,1,0.7157416463700366,0.21063733269858315,1.0,0.49723084395976447,0.09810853361665285,0.1647943010193493,0.27940852572273167,False,False,False,-1,0,False,0.0,7,7,
161,1,2,0.6526243204548009,0.13620729752297073,1.0,0.49502760898145776,0.041214973566874265,0.06333753354637432,0.03096599355827203,False,False,False,-1,0,False,0.0,7,7,
162,0,1,0.1329165363548828,0.6798888356501919,0.9859540797463883,0.5799451175336482,0.03277753013644788,0.0,0.0,False,False,False,-1,0,False,0.0,4,4,
163,0,0,0.1729110235129286,0.27349978295033966,1.0,0.6000984327544052,0.39327027960497873,0.0,0.0,False,False,False,-1,0,False,0.0,3,3,
164,0,0,0.17891458243572217,0.23177055877903693,1.0,0.5210303137878385,0.22816316341359041,0.0,0.0,False,False,False,-1,0,False,0.0,7,7,
165,1,1,0.47848857345410856,0.30886765016914675,1.0,0.47301683983114445,0.06620080683860488,0.046186519304523596,0.008672170100067149,False,False,False,-1,0,False,0.0,2,2,
166,0,5,0.4181563599862709,0.673674218145992,1.0,0.6148636026437438,0.12814290875424272,0.0,0.0,False,False,False,-1,0,False,0.0,4,4,
167,4,4,0.2564967824366904,0.26489642419317055,1.0,0.5736432245682596,0.010753855567825356,0.28901504386179044,0.26555762221918155,False,False,False,-1,0,False,0.0,4,4,
168,3,41,0.2577473224489744,0.33728496666296265,0.861838878034566,0.43919620456136343,0.33129925171942953,0.06457061275457202,0.0011993486570282684,False,False,True,103,44,False,1.21,1,1,
169,2,15,0.10315910077364521,0.20720666109180502,0.9218592903141015,0.5221077729772001,0.1712985262725701,0.05886315182531283,0.0029246336972495236,False,False,False,-1,0,False,0.0,7,7,
170,408,0,1.0,1.0,0.9417597048621176,0.36847943105847664,0.6354728558240147,0.7639439552106057,1.4483447074383005,True,False,False,-1,0,False,0.0,0,0,
171,0,0,0.20156345875701354,0.3818824146491121,0.9500321309552288,0.5131603239387402,0.22381204621839917,0.0,0.0,False,False,False,-1,0,False,0.0,4,4,
172,388,0,1.0,1.0,0.9734706672871033,0.577404503892104,0.8368108347946519,2.0,78.47013472205256,True,False,False,-1,0,False,0.0,2,2,
173,1,0,0.11070430731849491,0.29126419457162045,0.9903776137293904,0.5307165318331765,0.10852504558181007,0.026213400238549303,0.0008844521479584068,False,False,False,-1,0,False,0.0,4,4,
174,0,31,0.12179348859054447,0.5339093457455476,0.9367838315746553,0.7137105588124267,0.32900485776122307,0.0,0.0,False,False,True,77,13,False,1.3599999999999999,1,1,
175,0,15,0.20607867200029395,0.11762826730118166,0.9959854681381464,0.5049833296413109,0.315072270372653,0.0,0.0,False,False,False,-1,0,False,0.0,8,8,
176,1,1,0.08140308018026074,0.20502196909121223,0.974522735560613,0.45501474032546657,0.39051692626827256,0.07586303975846864,0.06408351046515648,False,False,False,-1,0,False,0.0,7,7,
177,0,35,0.44579591098111443,0.15315213199028932,0.9578712926473198,0.5409933617038012,0.09424274132847625,0.0,0.0,False,False,True,258,14,False,1.12,0,0,
178,0,17,0.025161296202945382,0.6044894648893068,0.9858393503247247,0.5422916975673412,0.15538518602836252,0.0,0.0,False,False,False,-1,0,False,0.0,6,6,
179,0,24,0.32894722758679645,0.3272394178554134,0.9758573433680916,0.5192803139696301,0.1264175407307885,0.0,0.0,False,False,False,-1,0,False,0.0,6,6,
180,0,67,0.29600029267706035,0.07632971219230421,0.914753501016531,0.44493881334587665,0.08923207418816288,0.0,0.0,False,False,True,429,29,False,1.09,0,0,
181,0,0,0.32670982900146095,0.22224509525288313,0.9568718009204378,0.6278706987085847,0.16596827574303466,0.0,0.0,False,False,False,-1,0,False,0.0,6,6,
182,0,56,0.53209748473023,0.299295832059157,0.9661853622076936,0.6306750674745083,0.002662008985812237,0.0,0.0,False,False,True,209,28,False,1.18,1,1,
183,1,0,0.3174575888764655,0.45404716441842075,0.982398370356841,0.6115724134461863,0.2959280272168599,0.0558776542330602,0.018686884934977686,False,False,False,-1,0,False,0.0,6,6,
184,3,0,0.7228418470864381,0.3525246665368899,1.0,0.545035861199425,0.2661960384126198,0.19014865540874215,0.5279178338195848,False,False,False,-1,0,False,0.0,5,5,
185,0,0,0.29450611512750835,0.23446973770853216,0.996553723889709,0.5861708990226817,0.23363258799914638,0.0,0.0,False,False,False,-1,0,False,0.0,4,4,
186,491,0,1.0,1.0,0.9172771851109102,0.6237071848997413,0.6893513155533741,1.4152154694545325,12.82703986967741,True,False,False,-1,0,False,0.0,0,0,
187,1,45,0.2651198776384543,0.3687115489343347,0.9864060244666627,0.24245935345584468,0.034897812645076444,0.018456060738487552,0.0002150302894227997,False,False,True,140,38,False,1.21,1,1,
188,0,23,0.26128466085717017,0.2791622072478196,0.9400477630265599,0.6087451328843341,0.3571985466681241,0.0,0.0,False,False,True,94,14,False,1.3599999999999999,1,1,
189,0,0,0.10545275641477166,0.8702387601245358,1.0,0.5948643635643345,0.05379302248582912,0.0,0.0,False,False,False,-1,0,False,0.0,7,7,
190,2,44,0.5544163453226527,0.41362760582828734,0.8944289887195384,0.555808323379372,0.016272658638281107,0.06848412485190464,0.005288825650810026,False,False,True,245,24,False,1.09,0,0,
191,1,4,0.4166014548231433,0.16661942749067837,1.0,0.563333415236228,0.4049351908779042,0.13167137126010853,0.5913954351833186,False,False,False,-1,0,False,0.0,4,4,
192,0,0,0.14088719142601525,0.3658473891762868,1.0,0.525560653858315,0.15786132341247058,0.0,0.0,False,False,False,-1,0,False,0.0,5,5,
193,1,79,0.41867445835532024,0.386721628319445,0.9684593244488426,0.6382949608152508,0.08012440392099447,0.01669554596862073,0.00014355593538746618,False,False,True,224,69,False,1.18,1,1,
194,1,31,0.4285798891094729,0.23008783095195479,0.9666714833856782,0.6665052324708096,0.03427965116655189,0.022666929830734407,0.0004923007938320674,False,False,True,154,12,False,1.15,0,0,
195,2,1,0.3259418278117528,0.3853607326658118,0.9991072456506787,0.5312736107515166,0.13305314902299334,0.15760269047549583,0.5467312177438403,False,False,False,-1,0,False,0.0,5,5,
196,1,2,0.19188128183225128,0.22910201762823007,1.0,0.5201602852324098,0.46775295525851684,0.028119023074461003,0.0011735707625659807,False,False,False,-1,0,False,0.0,4,4,
197,0,35,0.43316532739631375,0.36682493923193815,0.9484443851385241,0.41292074424048136,0.15086299440189962,0.0,0.0,False,False,True,230,20,False,1.12,0,0,
198,1,1,0.3678317078546138,0.5430328298710769,1.0,0.5974921183820827,0.09169723947653265,0.02431473662849328,0.0006532290292504406,False,False,False,-1,0,False,0.0,7,7,
199,2,0,0.19806330837110311,0.15884981045685237,1.0,0.5426579008354262,0.119284203516898,0.23595300629347032,0.7639491857042353,False,False,False,-1,0,False,0.0,4,4,
200,0,13,0.10970847056304532,0.1849332514108784,0.9810157472180104,0.5374909871608706,0.3352007837880959,0.0,0.0,False,False,False,-1,0,False,0.0,5,5,
201,0,0,0.5619200853425889,0.3719549770325326,0.9562209328799147,0.5121105713784129,0.10675594637298065,0.0,0.0,False,False,False,-1,0,False,0.0,3,3,
202,1,5,0.12950826752475358,0.6001361620542603,0.9629759153692503,0.4806904695433672,0.12339177919800126,0.09649890041572855,0.16900309612819292,False,False,False,-1,0,False,0.0,4,4,
203,1,66,0.466038382296549,0.47231192369874475,0.9902064240245936,0.5187995692558682,0.13518104003834497,0.02647751343506407,0.0009209206038717272,False,False,True,206,66,False,1.15,1,1,
204,2,0,0.3898548223663152,0.22912549554557,0.9980741867507876,0.5847952672091288,0.4606123069347519,0.04539006621860681,0.0011246711908613407,False,False,False,-1,0,False,0.0,5,5,
205,0,1,0.31434113223654053,0.6219069409389232,0.8806170849929614,0.5245875597874009,0.21788891287375825,0.0,0.0,False,False,False,-1,0,False,0.0,5,5,
206,1,0,0.38533420428422654,0.2712383764500138,0.9891182539067463,0.4243879048545548,0.07133987963911594,0.02530957915340001,0.0007678154925775988,False,False,False,-1,0,False,0.0,5,5,
207,1,78,0.5976099708960267,0.38525642974565155,0.8672022668503819,0.6314600339187502,0.056160171490575166,0.02493183052083812,0.0007226617990900954,False,False,True,334,49,False,1.27,1,1,
208,0,0,0.06191460127798761,0.2503202111566897,0.9121041710534851,0.44524838669383404,0.08559423382805824,0.0,0.0,False,False,False,-1,0,False,0.0,4,4,
209,1,2,0.3247084830228361,0.5682030982973397,0.9798117373729361,0.5100550062919581,0.12009702991851673,0.027285926981411458,0.0010395987184238283,False,False,False,-1,0,False,0.0,5,5,
210,0,2,0.4179400858159816,0.30344854463805776,1.0,0.5364493543640839,0.20979895637249388,0.0,0.0,False,False,False,-1,0,False,0.0,2,2,
211,3,0,0.24999738684541958,0.16723989202272171,1.0,0.54899936303964,0.12172928328256592,0.21509310524589326,0.44351280067490817,False,False,False,-1,0,False,0.0,4,4,
212,0,42,0.29943690946426643,0.27029660391696986,1.0,0.6132057245554458,0.06186639028048832,0.0,0.0,False,False,False,-1,0,False,0.0,6,6,
213,1,88,0.33340056989986044,0.23227475351702487,0.9959248124389531,0.7080690551255793,0.1733776747348852,0.1019690742498986,0.21106092070697655,False,False,True,441,59,False,1.06,0,0,
214,1,62,0.3019904753304007,0.07528628931629493,0.8271713927242224,0.5185231609004417,0.18367449324036547,0.02145095285562546,0.00039420067962034816,False,False,True,414,23,False,1.18,1,1,
215,0,66,0.10998625391466396,0.371629325209717,0.8260832747764586,0.6597974179553723,0.26087109796401553,0.0,0.0,False,False,True,123,89,False,1.15,1,1,
216,295,16,1.0,1.0,0.9328606606232183,0.575796713075739,0.5376961563941272,0.521934056225337,0.3503122191285507,True,False,False,-1,0,False,0.0,1,1,
217,2,0,0.34539939049630974,0.178129920074515,1.0,0.49864855012199855,0.39892346347977153,0.1186701521419071,0.15344557681787244,False,False,False,-1,0,False,0.0,5,5,
218,1,39,0.4851532443832214,0.12422243560977737,0.8252594278875768,0.7906219694880542,0.15155466316096494,0.016612068238777627,0.00014068481667971685,False,False,True,289,17,False,1.15,1,1,
219,1,0,0.42644087635989836,0.6452899361225783,1.0,0.527539204590292,0.30621217579694965,0.022216979954296247,0.0004540825773734234,False,False,False,-1,0,False,0.0,6,6,
220,2,2,0.3526103980103419,0.4563476796822895,1.0,0.6019108213986539,0.40625833061934424,0.1517810663459079,0.2757696707412011,False,False,False,-1,0,False,0.0,5,5,
221,0,21,0.17688769790155395,0.2944984499982292,1.0,0.5165350604502364,0.33228740339356105,0.0,0.0,False,False,False,-1,0,False,0.0,4,4,
222,0,0,0.2945763273150697,0.12098964069282636,1.0,0.49604034192688906,0.11576102188836411,0.0,0.0,False,False,False,-1,0,False,0.0,6,6,
223,2,0,0.1782551657206536,0.25167388322651624,0.9605283861561473,0.5628664031185544,0.16995004256096455,0.10483204663827005,0.10226702285909468,False,False,False,-1,0,False,0.0,6,6,
224,304,0,1.0,1.0,1.0,0.5956205343814038,0.7003381537455562,0.670596987656343,0.6359001250080839,True,False,False,-1,0,False,0.0,1,1,
225,0,30,0.10225468805838397,0.4991845153357436,0.7243793531614696,0.7319301098251543,0.2836352975875973,0.0,0.0,False,False,True,88,12,False,1.21,1,1,
226,1,1,0.4218943629664374,0.4792057553148892,0.9670350922527554,0.458543414430974,0.21224696995490375,0.021667081998561107,0.0004104546851523825,False,False,False,-1,0,False,0.0,4,4,
227,0,0,0.42263322520905233,0.28148874339201196,1.0,0.553133607392976,0.12597381621814788,0.0,0.0,False,False,False,-1,0,False,0.0,3,3,
228,0,0,0.21527677608397028,0.2811442691915049,0.9904170368244068,0.5214597399014512,0.16097207036718952,0.0,0.0,False,False,False,-1,0,False,0.0,5,5,
229,4,1,0.3865471463884539,0.6664213496113127,0.9799340075715526,0.4765483617396179,0.11676629544592085,0.23842640896444764,0.2728408437860164,False,False,False,-1,0,False,0.0,6,6,
230,0,1,0.13448626416354106,0.09248077933923869,1.0,0.5809139063120342,0.3595226787276754,0.0,0.0,False,False,False,-1,0,False,0.0,1,1,
231,2,0,0.47866706918521307,0.12994974034187656,0.9775628133855601,0.5897939770565404,0.09131403314669735,0.1335440017509376,0.17256822405526517,False,False,False,-1,0,False,0.0,3,3,
232,0,0,0.04765786714434961,0.45565109452689767,1.0,0.5895691247724314,0.07912428977149492,0.0,0.0,False,False,False,-1,0,False,0.0,3,3,
233,0,0,0.15154764285964634,0.5624158581638318,1.0,0.5561253508135905,0.4337524942575186,0.0,0.0,False,False,False,-1,0,False,0.0,4,4,
234,1,1,0.3887060414493525,0.42546200440048987,0.9815602957677446,0.43183256607347353,0.08775702010715056,0.029123171179589933,0.0013518445404743713,False,False,False,-1,0,False,0.0,3,3,
235,2,68,0.047813241734639855,0.3827818983777495,0.9395968899813809,0.5859061067809314,0.15019417713199268,0.060921016024499355,0.004871170942810686,False,False,True,437,32,False,1.12,0,0,
236,2,0,0.18198945926700233,0.20270303238433662,0.9914038029796782,0.5914047757267462,0.17134891015801426,0.04915029599582226,0.001498756092781346,False,False,False,-1,0,False,0.0,3,3,
237,1,0,0.5830522141882434,0.2551272457682655,1.0,0.6363835086356984,0.26528808831517336,0.01854880476229905,0.00021941866267632623,False,False,False,-1,0,False,0.0,4,4,
238,0,1,0.39855975427392887,0.21348671618644793,1.0,0.5444052017678728,0.056795108798142126,0.0,0.0,False,False,False,-1,0,False,0.0,2,2,
239,325,0,1.0,1.0,0.9916514234023578,0.5607999929460751,0.738723478679761,0.6158202573936487,0.7274758242743815,True,False,False,-1,0,False,0.0,2,2,
240,1,0,0.29456637486880344,0.2798046848904331,1.0,0.519233012246479,0.2039974681890656,0.0728810945604476,0.054519881060988006,False,False,False,-1,0,False,0.0,2,2,
241,0,0,0.3809607340256609,0.5449128634290007,0.9991788439232215,0.6248370168177217,0.06760016303345075,0.0,0.0,False,False,False,-1,0,False,0.0,0,0,
242,2,3,0.3727808578522545,0.5988659472575776,0.967319244010333,0.4813234789613317,0.14286216327073148,0.20620257898911995,0.4468125586922411,False,False,False,-1,0,False,0.0,5,5,
243,2,0,0.4461044489771529,0.6571566165159803,0.992138853128179,0.5355225016093059,0.1286846727002148,0.09093727462929455,0.030391843770500544,False,False,False,-1,0,False,0.0,6,6,
244,0,0,0.24287450978979594,0.05464795887303991,0.9855357118233146,0.636924135397082,0.22452869330316935,0.0,0.0,False,False,False,-1,0,False,0.0,5,5,
245,0,61,0.06273502179921744,0.5889110897416806,0.7838577610513834,0.5056131868696452,0.12429279222395825,0.0,0.0,False,False,True,160,54,False,1.12,0,0,
246,0,57,0.2769919191991359,0.32078860105775947,0.9728028062843669,0.46085882943466,0.014796229190831872,0.0,0.0,False,False,True,238,36,False,1.12,0,0,
247,253,13,1.0,1.0,0.9571976162237784,0.5926490462734092,0.5372933768546512,0.521934056225337,0.3691034656703147,False,False,False,-1,0,False,0.0,0,0,
248,1,50,0.07026274519529253,0.481988078479033,0.917857626990184,0.5957978592738232,0.4307810123588019,0.024559719833835796,0.000680163504009205,False,False,True,288,16,False,1.12,0,0,
249,1,1,0.7911051363548176,0.07126991391168389,1.0,0.5435061624368699,0.2474926974648544,0.027838535819293252,0.0011270973603683678,False,False,False,-1,0,False,0.0,5,5,
250,0,47,0.31601983965717384,0.4536645373210627,0.8510770858380025,0.581169488283502,0.06773798701515643,0.0,0.0,False,False,True,194,37,False,1.15,0,0,
251,0,0,0.11334057309997884,0.2500007861457102,0.9930919043806047,0.4883192322505352,0.1570212283157267,0.0,0.0,False,False,False,-1,0,False,0.0,4,4,
252,0,0,0.1943796341188692,0.32379556121285663,1.0,0.5510886995233797,0.17631894650957236,0.0,0.0,False,False,False,-1,0,False,0.0,6,6,
253,0,1,0.12893852096248232,0.5719304714315248,0.9975502564510231,0.5359736164153444,0.130786815366804,0.0,0.0,False,False,False,-1,0,False,0.0,2,2,
254,1,0,0.09785262263348449,0.5219055172658086,0.9912896004161146,0.591197372252718,0.05725273559790109,0.025564585897729867,0.0007994746903140346,False,False,False,-1,0,False,0.0,3,3,
255,4,112,0.40870075038402087,0.4468885397938891,0.9661177082154122,0.6899367784769708,0.13312186984900282,0.12030491539808492,0.009469944574435361,False,False,True,285,84,False,1.18,0,0,
256,0,0,0.38062404871221533,0.39506436612418516,0.9886761319074364,0.5778559967416586,0.3172822441892578,0.0,0.0,False,False,False,-1,0,False,0.0,4,4,
257,0,1,0.2980836205513812,0.48084460356182024,1.0,0.49861485959775836,0.1038932365603683,0.0,0.0,False,False,False,-1,0,False,0.0,4,4,
258,1,5,0.3786137891384701,0.451799297057563,1.0,0.4924823691000263,0.3210343642792031,0.03171365447880841,0.0019058269531941749,False,False,False,-1,0,False,0.0,3,3,
259,0,1,0.3231854796327896,0.43593804742173126,1.0,0.5290516697530115,0.40715129653385385,0.0,0.0,False,False,False,-1,0,False,0.0,3,3,
260,0,67,0.23480034479736359,0.1888926657526082,0.6580536311415037,0.41907806028793343,0.12603274745495713,0.0,0.0,False,False,True,115,65,False,1.27,1,1,
261,0,0,0.21409540998046156,0.022608750822358758,1.0,0.507022150111567,0.19115067616283207,0.0,0.0,False,False,False,-1,0,False,0.0,1,1,
262,1,1,0.21807115409307562,0.21001364567948982,1.0,0.5767104405878055,0.24794596301731725,0.055043673258924994,0.017587946605721515,False,False,False,-1,0,False,0.0,5,5,
263,0,0,0.0215470085119257,0.042514175079224906,0.9823860780156005,0.5499973565776095,0.053252085267516965,0.0,0.0,False,False,False,-1,0,False,0.0,2,2,
264,0,0,0.2472364324762483,0.5368005958174519,0.9398362143899143,0.5305144179452734,0.5343378413415742,0.0,0.0,False,False,False,-1,0,False,0.0,5,5,
265,0,56,0.07334792009263093,0.37928158595793354,0.9853262519123207,0.48808611121245227,0.2533207078380986,0.0,0.0,False,False,True,268,24,False,1.15,1,1,
266,0,0,0.42717251273089335,0.13805157517812247,0.9705140591160174,0.6219469739557246,0.046908685233028734,0.0,0.0,False,False,False,-1,0,False,0.0,3,3,
267,2,0,0.5227157518462923,0.3577450100725137,0.9454488545663841,0.4920433038193735,0.05900209067717416,0.07673986679042723,0.008220098121547767,False,False,False,-1,0,False,0.0,3,3,
268,0,49,0.24302459358158707,0.3596295962558238,0.861140127566949,0.6022787173924357,0.2595437232436218,0.0,0.0,False,False,True,400,17,False,1.06,0,0,
269,1,158,0.5477484033338201,0.11368554643307209,0.9793154673462533,0.6346707462153541,0.38672745789148616,0.021130794702886143,0.0003710185260532347,False,False,True,380,145,False,1.09,0,0,
270,0,85,0.2720111096158876,0.5618876517829983,0.9906081829134702,0.547887340029685,0.09303258453412125,0.0,0.0,False,False,False,-1,20,True,1.18,6,6,
271,291,0,1.0,1.0,0.9658089111387989,0.533217402397399,0.6929144531748731,0.5857128853531385,0.39071902765854477,True,False,False,-1,0,False,0.0,1,1,
272,1,1,0.4813930816298002,0.7235042134516076,0.9858197331642636,0.5757135846687453,0.014346625496316002,0.07739945764405734,0.06947714941196202,False,False,False,-1,0,False,0.0,5,5,
273,0,21,0.5524633689752202,0.3134254477058712,1.0,0.559118223978295,0.04002884332942398,0.0,0.0,False,False,False,-1,0,False,0.0,4,4,
274,0,0,0.03554038333561342,0.18849448623087453,1.0,0.5078290465675546,0.329804822158694,0.0,0.0,False,False,False,-1,0,False,0.0,4,4,
275,0,2,0.44995928225018644,0.20402917896153877,0.9821216782337411,0.5086397397347195,0.25904828334092067,0.0,0.0,False,False,False,-1,0,False,0.0,4,4,
276,0,10,0.3159076502570336,0.6003849744420566,1.0,0.6391802206203837,0.2684938438096835,0.0,0.0,False,False,False,-1,0,False,0.0,5,5,
277,2,7,0.5265272165279054,0.37182447046590505,0.9701944719680934,0.512016066679668,0.15768932159515936,0.17796520621786588,0.27817012669154345,False,False,False,-1,0,False,0.0,3,3,
278,1,0,0.33262643501079603,0.6940575953657754,0.944130625356813,0.5202554560455745,0.37166948178613435,0.040951439479192275,0.0053401518224833145,False,False,False,-1,0,False,0.0,5,5,
279,4,0,0.5249622958955416,0.620241363233807,0.9926630042683372,0.5519876945121327,0.39061117542509827,0.13606512325610895,0.012493595340685087,False,False,False,-1,0,False,0.0,1,1,
280,274,0,1.0,1.0,1.0,0.5801727907854421,0.45270808315228833,0.719347051430681,1.0974123900103494,True,False,False,-1,0,False,0.0,2,2,
281,1,1,0.40300547905632383,0.25120321196410383,1.0,0.5305731188645407,0.09209185211365083,0.030467087244146235,0.0016214070992173113,False,False,False,-1,0,False,0.0,3,3,
282,1,0,0.266620472040074,0.8409331206377054,1.0,0.563926080898641,0.057159383877095085,0.020198706438901988,0.0003093358658057111,False,False,False,-1,0,False,0.0,4,4,
283,0,1,0.20771177992922907,0.3552956628021883,0.9125782225357597,0.5115445604209993,0.12029402379190857,0.0,0.0,False,False,False,-1,0,False,0.0,7,7,
284,2,0,0.2819538244270851,0.07985885899958048,1.0,0.5440707155809799,0.3512686711177532,0.1386542974846502,0.09200941492613374,False,False,False,-1,0,False,0.0,4,4,
285,1,1,0.3388926713128678,0.4371762856679266,1.0,0.4322316059218316,0.23039339162614295,0.12523397509780887,0.48321312820571644,False,False,False,-1,0,False,0.0,5,5,
286,2,1,0.5390088458144353,0.13957549911238398,0.9734241926858916,0.5346082176694784,0.31625385531092576,0.059012148932437766,0.0028683054606206955,False,False,False,-1,0,False,0.0,4,4,
287,0,23,0.16852367117751849,0.3506246422796886,1.0,0.4972699954780604,0.1460065685092022,0.0,0.0,False,False,False,-1,0,False,0.0,3,3,
288,1,0,0.1836719512878898,0.5662577515049423,0.9076218821406934,0.49564389899750694,0.34285167462435023,0.06302084587864246,0.030346673687106588,False,False,False,-1,0,False,0.0,3,3,
289,0,0,0.1731937984481048,0.14527510403421098,1.0,0.5961847392505107,0.2997500775046115,0.0,0.0,False,False,False,-1,0,False,0.0,2,2,
290,0,0,0.2884972421960314,0.8783377498999135,0.9718025272379589,0.5825172831340125,0.17245391852465083,0.0,0.0,False,False,False,-1,0,False,0.0,4,4,
291,0,1,0.07706415101686087,0.18827187241264676,1.0,0.5315358342092492,0.48498191233230936,0.0,0.0,False,False,False,-1,0,False,0.0,4,4,
292,1,0,0.4955834781371139,0.36932856787898655,1.0,0.5794336282258162,0.2749109933889798,0.018924464839773173,0.00023788620660575082,False,False,False,-1,0,False,0.0,2,2,
293,0,1,0.3000903535025141,0.11842119306901461,0.9951044822472377,0.48703094233951727,0.3344308905728846,0.0,0.0,False,False,False,-1,0,False,0.0,4,4,
294,0,0,0.28268706548976347,0.3038754003996825,0.9928335129248673,0.5049738020145842,0.13654557452705066,0.0,0.0,False,False,False,-1,0,False,0.0,6,6,
295,1,8,0.17123595739729586,0.10814106336247888,0.9252796433314329,0.5060002246533739,0.32630235137155783,0.0754837245596763,0.06280184025585335,False,False,False,-1,0,False,0.0,4,4,
296,0,0,0.16397584697877488,0.5783864975329177,1.0,0.5247074290354515,0.42219728246336363,0.0,0.0,False,False,False,-1,0,False,0.0,4,4,
297,0,31,0.2529329983420352,0.18866458249549714,0.9218280885997554,0.6294746626413018,0.18043670929196762,0.0,0.0,False,False,True,187,20,False,1.12,0,0,
298,0,0,0.19285445722015487,0.3350670348963856,0.9424142897001833,0.5830974583619809,0.13188730074035943,0.0,0.0,False,False,False,-1,0,False,0.0,3,3,
299,0,2,0.17497362880819,0.6105415930919391,0.9562566138369278,0.49802446686241336,0.1458439795378006,0.0,0.0,False,False,False,-1,0,False,0.0,4,4,
300,1,28,0.6020433971682077,0.3449270549265523,0.8066187285400397,0.4910644805289701,0.14116249944944428,0.019502268105603543,0.00026854236345491875,False,False,True,96,16,False,1.21,0,0,
301,0,0,0.06913561810165741,0.4634631591228949,0.9997401296508386,0.6018956557184849,0.30492655270700686,0.0,0.0,False,False,False,-1,0,False,0.0,5,5,
302,1,77,0.48846325512768907,0.31287339275301695,0.8617602398672951,0.566863842314418,0.12084973065210192,0.03523397116404842,0.002912969082286192,False,False,True,245,60,False,1.15,1,1,
303,1,40,0.4165939253950772,0.1310732609105218,0.9178169405374481,0.9115693224422239,0.2462626343349403,0.03251852860851103,0.002108400381915159,False,False,True,192,31,False,1.09,0,0,
304,1,0,0.22852379239696707,0.48187634973310256,0.9935447776491181,0.6073425418037611,0.46972206009972695,0.06084792787522769,0.026344722276883607,False,False,False,-1,0,False,0.0,4,4,
305,1,41,0.30177323909671583,0.4536161602931943,0.9925496150619671,0.5811357112581615,0.05394643395418134,0.025436762968241218,0.0007834851965077539,False,False,True,261,19,False,1.09,0,0,
306,1,0,0.4311153994828104,0.6466644411710503,1.0,0.49006306339107225,0.08541401950412317,0.06592900195326631,0.03639790721545518,False,False,False,-1,0,False,0.0,5,5,
307,0,105,0.24345699031361212,0.45793366788818524,0.7527495794232555,0.6978966738846821,0.266112595340328,0.0,0.0,False,False,True,217,121,False,1.15,1,1,
308,0,29,0.36628515640471354,0.5479088681298443,0.9756415068634385,0.2921788190464953,0.40258151068284675,0.0,0.0,False,False,True,130,14,False,1.15,1,1,
309,1,31,0.12228689453763465,0.2455441238542243,0.9598490955695147,0.770086091574969,0.304841000414046,0.023712916579424852,0.0005904673046129488,False,False,True,120,24,False,1.18,1,1,
310,0,0,0.12962327096353754,0.1221176638378606,0.9920435232917617,0.5241008059702763,0.06475041770616385,0.0,0.0,False,False,False,-1,0,False,0.0,2,2,
311,0,0,0.16440672957254784,0.2113445350456486,0.957564329591708,0.5305935343787321,0.5813654153175433,0.0,0.0,False,False,False,-1,0,False,0.0,2,2,
312,1,0,0.20424310031563112,0.6319562399371553,0.9802943675942066,0.5779578500872761,0.19043468416131862,0.04136404583641047,0.00556034133952865,False,False,False,-1,0,False,0.0,4,4,
313,253,0,1.0,1.0,0.9708014170031377,0.526668993489372,0.7089215761453294,0.5769710473251322,0.4234454640577689,True,False,False,-1,0,False,0.0,0,0,
314,190,0,1.0,1.0,0.9695612249548038,0.5008539146341897,0.5596435668049136,0.44014967029467117,0.16738121002265643,False,False,False,-1,0,False,0.0,1,1,
315,0,2,0.11834578457805475,0.8021081531008243,0.9790983996738948,0.4867063470485167,0.3319761418557294,0.0,0.0,False,False,False,-1,0,False,0.0,3,3,
316,1,2,0.2693761812440884,0.1268699895546629,0.9925235556743248,0.43670055512850886,0.1165339534201721,0.033343829976112,0.002332505667951415,False,False,False,-1,0,False,0.0,6,6,
317,2,0,0.3030811986321812,0.19613785182326293,1.0,0.5104967410559516,0.260560219596013,0.22337373494496426,0.6151997671542087,False,False,False,-1,0,False,0.0,3,3,
318,1,4,0.4938784988478606,0.1845405379544412,0.9310706907690461,0.5922923159445087,0.3618416032465771,0.030314751807925505,0.001588978957232965,False,False,False,-1,0,False,0.0,0,0,
319,117,30,1.0,1.0,0.9847611219397406,0.7288450015511955,0.5541818317849162,0.3145913599537034,0.03947577349090089,False,False,True,114,30,False,1.09,0,0,
320,0,2,0.3306372088894737,0.1475272584013085,0.9742451793693622,0.5179677060437733,0.32872905763194693,0.0,0.0,False,False,False,-1,0,False,0.0,7,7,
321,0,0,0.044047214242181776,0.41963254125346383,1.0,0.5279595130731971,0.4158329088066394,0.0,0.0,False,False,False,-1,0,False,0.0,2,2,
322,0,20,0.06598114987432392,0.2705653387542373,0.873831565980072,0.4923324524828908,0.0909579560611778,0.0,0.0,False,False,False,-1,0,False,0.0,4,4,
323,3,50,0.16807531824892094,0.2930108001940344,1.0,0.5873238753064958,0.45516708753474794,0.29825967265141523,1.249043208648877,False,False,False,-1,2,False,0.0,5,5,
324,0,0,0.21822223099249702,0.4481850187112974,1.0,0.5501114488976373,0.3755207594340753,0.0,0.0,False,False,False,-1,0,False,0.0,3,3,
325,1,0,0.2622859307055878,0.48411751355781385,0.9800158929996828,0.5942876927980351,0.229695481798173,0.028402336379850006,0.0012219603941753235,False,False,False,-1,0,False,0.0,5,5,
326,0,0,0.221870589724965,0.2599931294395053,1.0,0.6140345654115742,0.02807688589996278,0.0,0.0,False,False,False,-1,0,False,0.0,1,1,
327,0,0,0.21103108640034482,0.07014405282443342,1.0,0.4983216544246928,0.057286416077342264,0.0,0.0,False,False,False,-1,0,False,0.0,3,3,
328,3,0,0.36795367973661364,0.28362573931822427,0.9993544877016272,0.5270286864209538,0.37740611523191586,0.37262251397066093,1.4572109439704686,False,False,False,-1,0,False,0.0,2,2,
329,2,4,0.235838846984859,0.33748836683243294,1.0,0.5280539571019799,0.1357771884645209,0.04836290218641997,0.001348299493034974,False,False,False,-1,0,False,0.0,4,4,
330,0,35,0.16505943371537227,0.14656286567200172,0.9472723595330664,0.6375535064453628,0.02798636866864988,0.0,0.0,False,False,True,175,21,False,1.18,1,1,
331,0,0,0.28172213873012214,0.472027693341412,1.0,0.5669092581166926,0.1503252886541891,0.0,0.0,False,False,False,-1,0,False,0.0,3,3,
332,190,2,1.0,1.0,0.8934389399428457,0.5613110284234574,0.5209420823265233,0.3902602503127633,0.10364005303693348,False,False,False,-1,0,False,0.0,0,0,
333,0,0,0.2306313850374073,0.16681729390958536,1.0,0.49158351381453225,0.1976351081423179,0.0,0.0,False,False,False,-1,0,False,0.0,4,4,
334,0,86,0.4187878431108455,0.1321172625836626,0.920497791690359,0.5320169405633909,0.15491295986541467,0.0,0.0,False,False,False,-1,46,True,1.12,4,4,
335,1,0,0.3334139016617344,0.25289303577763067,1.0,0.590792107259073,0.15298904739385627,0.018271961532621138,0.00020651508996165683,False,False,False,-1,0,False,0.0,2,2,
336,2,0,0.415041703394229,0.5837201627516916,0.9503445934358955,0.551095795293064,0.2611663173616742,0.1118823395298718,0.07897038835466709,False,False,False,-1,0,False,0.0,3,3,
337,1,20,0.2800728531660384,0.06031343289190588,0.993609769047276,0.4818118323477457,0.03982098072477689,0.10993152819655191,0.2857700382415124,False,False,False,-1,0,False,0.0,3,3,
338,1,0,0.548115743678128,0.15341439414506997,1.0,0.5186758097221091,0.10221995515599275,0.13501311418098663,0.6542558123199923,False,False,False,-1,0,False,0.0,4,4,
339,181,8,1.0,1.0,1.0,0.5509289493299089,0.5404073226054318,0.4335803814468144,0.1307717255024568,False,False,False,-1,0,False,0.0,1,1,
340,0,33,0.4229207629483562,0.4362689816656174,0.8694846312405154,0.5558338248903416,0.28237034780624404,0.0,0.0,False,False,True,153,26,False,1.15,1,1,
341,313,0,1.0,1.0,0.7437295986687233,0.5944066838431565,0.5651046941392064,0.6282921707361644,0.9821559111663278,True,False,False,-1,0,False,0.0,0,0,
342,1,44,0.1305675444634443,0.13047289144554125,0.9061109351258635,0.4738025817297691,0.072503433552609,0.021025140729371714,0.00036359815553217,False,False,False,-1,0,False,1.18,3,3,
343,0,0,0.2124095750390411,0.19447797523667226,1.0,0.56703203621973,0.03821786390861544,0.0,0.0,False,False,False,-1,0,False,0.0,3,3,
344,1,0,0.6323283172310006,0.4430438461747721,1.0,0.4943372446525134,0.2600301087450633,0.06302084587864246,0.030346673687106588,False,False,False,-1,0,False,0.0,1,1,
345,1,56,0.0443692024990585,0.20376528120340692,0.9926290326010957,0.61400434514025,0.398168403297401,0.06429717694949263,0.032900825292046715,False,False,False,-1,0,False,1.09,2,2,
346,0,23,0.1307897769279228,0.2320950468440135,1.0,0.5188796694110026,0.08044719084193773,0.0,0.0,False,False,False,-1,0,False,0.0,5,5,
347,0,1,0.41461406207335527,0.27797330751461385,0.958408769749011,0.5671206521523762,0.3598892984198574,0.0,0.0,False,False,False,-1,0,False,0.0,3,3,
348,2,1,0.260151771372524,0.307086402306728,0.9836903060114917,0.5464902730618589,0.273325068607075,0.1023148263434699,0.08371745417271714,False,False,False,-1,0,False,0.0,5,5,
349,0,0,0.33637372025374407,0.17064736836407418,0.974127201793281,0.623653503653645,0.18184351000390925,0.0,0.0,False,False,False,-1,0,False,0.0,4,4,
