agent_id,punish_issued,punished_received,final_r,final_b,final_x,y,L,cap,service,is_enforcer,cadre_fallback,exited,exit_time,exit_intent,disengaged,exit_cost_eff_last,degree,degree_at_end,betweenness
0,0,155,0.41602185558844645,0.6577935623017159,0.9424526472935328,0.4845706112836335,0.2533564138174377,0.0,0.0,False,False,True,107,76,False,2.83,6,6,
1,0,25,0.4977195897702501,0.4168313156034893,1.0,0.5453490131287971,0.2268824282600912,0.0,0.0,False,False,True,88,14,False,1.6,2,2,
2,1,57,0.2734293823216032,0.19757774593411284,0.8308792570009996,0.425630787820952,0.44150705804818086,0.023125992326967125,0.0005337356764700849,False,False,True,179,44,False,1.3900000000000001,1,1,
3,0,85,0.32069182244140565,0.2990327254132833,0.3390703541349762,0.13392886498811266,0.10359220414316121,0.0,0.0,False,False,True,88,69,False,1.99,1,1,
4,1,4,0.3840229061985519,0.2955078653700681,1.0,0.4616605924656718,0.3134107259302593,0.02468313551139276,0.0006940443918461276,False,False,False,-1,0,False,0.0,11,11,
5,0,62,0.1690044598667886,0.18906058564980227,0.9801978505765194,0.44148719861484065,0.03072695386055686,0.0,0.0,False,False,True,378,18,False,1.24,1,1,
6,0,45,0.21149306569366128,0.06588116224324997,0.9399711933446271,0.5050836338461874,0.49186636256777244,0.0,0.0,False,False,True,167,14,False,1.54,2,2,
7,0,62,0.07718375709039434,0.7557705360345479,0.682104441203913,0.47581039624463944,0.05788823085106097,0.0,0.0,False,False,True,86,41,False,3.16,3,3,
8,0,72,0.6675866676226794,0.5963033966970299,0.9090010531978635,0.4910603317251274,0.34799480186188814,0.0,0.0,False,False,True,72,45,False,3.46,7,7,
9,0,114,0.49051933949904636,0.5979940408956862,1.0,0.5547032310376399,0.36169054186337046,0.0,0.0,False,False,True,103,70,False,2.23,2,2,
10,0,89,0.5619982933793704,0.261144122035265,0.6908227082039312,0.19270858495226698,0.2613321217109083,0.0,0.0,False,False,True,103,70,False,2.8899999999999997,5,5,
11,756,162,1.0,1.0,0.9514039976804902,0.5110052212319622,0.39963124661874344,2.0,87.75742623806552,True,False,False,-1,0,False,0.0,11,11,
12,0,24,0.09058292895413211,0.38865011465490695,0.6454685135240166,0.5936135793030004,0.01935455305677999,0.0,0.0,False,False,True,56,13,False,2.38,3,3,
13,0,630,0.12916509121908665,0.025039849123848087,0.921615432111697,0.5856218058076121,0.3138852585864567,0.0,0.0,False,False,True,246,214,False,2.17,3,3,
14,1,1,0.16858497979556583,0.1384251653747247,0.9823424230006534,0.5679168359250024,0.8079740670645545,0.01595909839639412,0.0001196894398698003,False,False,False,-1,0,False,0.0,13,13,
15,0,0,0.2931655661122636,0.1716189594802145,1.0,0.5140062127097352,0.47893415340952034,0.0,0.0,False,False,False,-1,0,False,0.0,11,11,
16,0,37,0.2044799060826716,0.02054665318992982,0.9721357919442689,0.30678612309960224,0.19069735892029585,0.0,0.0,False,False,True,129,34,False,1.72,1,1,
17,0,36,0.14743515200264867,0.2909388506061702,0.989338068905338,0.2562437698674859,0.2175866122759701,0.0,0.0,False,False,True,106,24,False,1.5699999999999998,2,2,
18,0,24,0.08881690366163769,0.04266082216723751,1.0,0.45240490426739144,0.17958705962932556,0.0,0.0,False,False,True,55,16,False,2.32,4,4,
19,6,60,0.3009579554100075,0.20551788397142307,0.8195655830247425,0.24556494783872893,0.6874159286364999,0.1122960057140055,0.0013883992295299309,False,False,True,96,41,False,1.96,3,3,
20,0,23,0.43585887741033785,0.2637027912111477,0.7967466664460545,0.3590217514302306,0.3093311123458433,0.0,0.0,False,False,True,100,26,False,1.54,1,1,
21,0,40,0.32174495081642507,0.3317189790521438,0.917605393500317,0.14389272809654233,0.16587505311450315,0.0,0.0,False,False,True,83,36,False,1.6,1,1,
22,1,109,0.5461281828633902,0.1237270928880823,0.8639809103697289,0.47183850886813145,0.16432663435425074,0.020607781186464034,0.00033537136169760145,False,False,True,159,97,False,1.66,0,0,
23,0,68,0.7473432967582957,0.286991527765614,0.233629030451443,0.41646204947441917,0.05928480721270214,0.0,0.0,False,False,True,107,60,False,1.78,1,1,
24,0,10,0.14305440756568855,0.2381656658479022,1.0,0.5516495135847104,0.0856019229000986,0.0,0.0,False,False,False,-1,0,False,0.0,10,10,
25,0,22,0.34201105800912085,0.2442170331138976,0.8959113666410332,0.4847647421795597,0.3808801625215614,0.0,0.0,False,False,True,129,14,False,1.3,0,0,
26,0,93,0.06696522067801887,0.4189922528487141,0.9087727450868736,0.452021840208636,0.49214083209343645,0.0,0.0,False,False,True,211,102,False,1.75,2,2,
27,1,72,0.34958485857672844,0.30390974327485,0.9803629721751662,0.6016831523837723,0.22877807435616815,0.04549717973058867,0.0081621771208224,False,False,False,-1,3,False,1.3,10,10,
28,0,29,0.18633009709740625,0.4633132698242319,0.999891491149802,0.7678384380916468,0.13386748406154095,0.0,0.0,False,False,True,140,14,False,1.27,1,1,
29,0,183,0.16207320324150687,0.2738140824038946,0.9787467394692951,0.45513708530359587,0.13538161411605185,0.0,0.0,False,False,True,190,155,False,1.3599999999999999,0,0,
30,3,10,0.5805837084811998,0.2730824691397903,1.0,0.5057602064092046,0.2896545382558399,0.2071563641131854,0.690298786403068,False,False,False,-1,0,False,0.0,12,12,
31,0,81,0.38842333485112646,0.2729326372085038,0.6703024414615198,0.6297112806778918,0.44753416134684115,0.0,0.0,False,False,True,96,80,False,1.72,1,1,
32,0,97,0.18634627673721896,0.04338121780115909,0.9263513058416801,0.1717507195502115,0.1402803377483778,0.0,0.0,False,False,True,185,78,False,1.3,1,1,
33,0,1,0.36967758365858044,0.21117278655209495,0.987412841543569,0.476713187213681,0.0999875646753964,0.0,0.0,False,False,False,-1,0,False,0.0,7,7,
34,0,41,0.14546029097777927,0.6256071468294824,0.9638429897506466,0.7741511344041188,0.19447997000575412,0.0,0.0,False,False,True,213,30,False,1.48,2,2,
35,428,47,1.0,1.0,1.0,0.48699068609218715,0.5291746087069094,1.98005,22.93398104866671,True,False,False,-1,0,False,0.0,4,4,
36,0,29,0.11446712782984234,0.5886400671142932,0.8928631191872013,0.581710365984788,0.10763079555142262,0.0,0.0,False,False,True,107,35,False,1.5699999999999998,1,1,
37,3,3,0.7549150557167928,0.48695841073340485,1.0,0.5550854695509909,0.16061665268544748,0.3036889598625177,1.0697384286744256,False,False,False,-1,0,False,0.0,8,8,
38,0,29,0.2452010873452005,0.34047823072051764,1.0,0.7516874137504829,0.3024730734407759,0.0,0.0,False,False,True,140,27,False,1.45,1,1,
39,1,1,0.19047318494330487,0.17587524431273502,0.9747268083129781,0.5110164605166088,0.05172606120162927,0.06365581260942144,0.031597952610481664,False,False,False,-1,0,False,0.0,8,8,
40,1,23,0.26532005069635245,0.14547017144655155,0.8766708125519507,0.7225776050868975,0.15684589171648777,0.017291754478571068,0.00016536310693521307,False,False,True,52,21,False,1.75,3,3,
41,0,36,0.08037720861600658,0.5870488337800139,0.8243720761640327,0.41279479243705064,0.38906365617157623,0.0,0.0,False,False,True,93,31,False,1.69,2,2,
42,4,144,0.6289769870768716,0.6182360168665141,0.7568696090138675,0.4989499202482271,0.1834281940352511,0.11646692974480748,0.006632639826663125,False,False,True,406,130,False,1.3599999999999999,1,1,
43,1,1,0.21920680856629896,0.52543731822023,1.0,0.4523471608288666,0.31397777243587077,0.026082333237356557,0.0008667631049992387,False,False,False,-1,0,False,0.0,8,8,
44,0,6,0.25416541666987363,0.5358435066167926,1.0,0.6101547873400253,0.06993169752487252,0.0,0.0,False,False,False,-1,0,False,0.0,11,11,
45,0,25,0.6942640466944334,0.2548267599771242,0.847104042860374,0.5887592501595856,0.2812346112502493,0.0,0.0,False,False,True,126,16,False,1.27,1,1,
46,0,40,0.20814285918291794,0.3923997620954768,0.9391312351072205,0.46321486578164506,0.1334777150735222,0.0,0.0,False,False,True,130,33,False,1.42,1,1,
47,0,73,0.4798082581548728,0.06978993758912695,0.3816138602961056,0.5041174083678105,0.11512106009432302,0.0,0.0,False,False,True,70,51,False,1.63,2,2,
48,3,2,0.608536323889599,0.32031922977442107,0.992129139074514,0.5571281908555913,0.19305736880064694,0.1789972753285481,0.20935894063787125,False,False,False,-1,0,False,0.0,8,8,
49,7,3,0.8961105222099036,0.5411188593929634,0.9587778316506977,0.5379709462946024,0.02388675491944599,0.27998784370083807,0.132721086573985,False,False,False,-1,0,False,0.0,14,14,
50,0,80,0.2328425382521382,0.4359890843259521,0.8976051993056715,0.45109359431040363,0.39354208854461037,0.0,0.0,False,False,True,250,63,False,1.18,1,1,
51,0,43,0.10339385313717933,0.30512445772517927,0.408740816681319,0.5307191588780181,0.23220411902895466,0.0,0.0,False,False,True,99,46,False,1.24,0,0,
52,0,74,0.23634007564671083,0.47890947119098937,0.6906929786389124,0.6029447973624261,0.2680126914873236,0.0,0.0,False,False,True,153,81,False,1.45,1,1,
53,1,0,0.47555114913474333,0.4680638945870379,0.9831539846233527,0.44573774018268686,0.06774549845329035,0.053951028857301,0.0162225619488976,False,False,False,-1,0,False,0.0,3,3,
54,0,1,0.034687228649673225,0.5438171639311566,1.0,0.5833892806766585,0.06446454110995303,0.0,0.0,False,False,False,-1,0,False,0.0,9,9,
55,1,1,0.22891035412869218,0.6070836713635113,0.9760341059248312,0.6078627206717125,0.4654271226932038,0.02347638023654509,0.000567084799350276,False,False,False,-1,0,False,0.0,5,5,
56,0,42,0.48161771011057397,0.36986549464248303,0.9865949520529579,0.3102034918920166,0.30694324733479594,0.0,0.0,False,False,True,213,20,False,1.24,1,1,
57,0,24,0.319846660336,0.5412216140559875,0.6977514489456764,0.7546947216502006,0.22946806556784527,0.0,0.0,False,False,True,77,27,False,1.27,0,0,
58,0,0,0.6663558147486741,0.384765835433895,1.0,0.4350509376955594,0.15673454121180885,0.0,0.0,False,False,False,-1,0,False,0.0,4,4,
59,0,98,0.31102877903276677,0.3364914844509608,0.5765879854189322,0.7192105279771283,0.1368971600517648,0.0,0.0,False,False,True,94,77,False,1.9,3,3,
60,0,2,0.1919942888274219,0.11783680220094904,1.0,0.5011268156901716,0.3635730808445431,0.0,0.0,False,False,False,-1,0,False,0.0,6,6,
61,0,35,0.2852359563158454,0.27921670428725226,0.7895184800222256,0.2707982521983491,0.17516272828294316,0.0,0.0,False,False,True,84,27,False,1.3900000000000001,1,1,
62,0,37,0.1572147117400317,0.08027420809542538,0.8211860236955493,0.294069600011155,0.29269633003588014,0.0,0.0,False,False,True,136,46,False,1.33,1,1,
63,0,0,0.04624840675654989,0.8563005466346724,0.9840430817241721,0.43776552991638606,0.05130916679581454,0.0,0.0,False,False,False,-1,0,False,0.0,4,4,
64,0,2,0.1024842988378204,0.35443346631866396,1.0,0.5131584898354711,0.4963071163442235,0.0,0.0,False,False,False,-1,0,False,0.0,4,4,
65,0,29,0.5108037374150748,0.13422942587412112,1.0,0.49469208316183905,0.21141259718769842,0.0,0.0,False,False,True,100,20,False,1.45,0,0,
66,0,43,0.31814213962807436,0.08007023325439074,0.6405709447618302,0.8205936407613821,0.29920632602476055,0.0,0.0,False,False,True,67,46,False,1.5699999999999998,2,2,
67,2,0,0.8454760673629458,0.19597024533231497,1.0,0.5757213580963322,0.2207736988003739,0.07223391090850811,0.012214659043178946,False,False,False,-1,0,False,0.0,2,2,
68,0,34,0.14783985740730585,0.15516853809188227,0.948151014032255,0.5035615424835751,0.1989595813846583,0.0,0.0,False,False,True,309,14,False,1.15,1,1,
69,509,164,1.0,1.0,0.9773032538070654,0.5039616463918927,0.7327592620453561,1.99,24.96019655513495,True,False,False,-1,0,False,0.0,4,4,
70,5,0,0.652126298548052,0.4530750184526906,0.9993680980900952,0.5186815295167225,0.2168564742045197,0.24675876609040825,0.26895268910704934,False,False,False,-1,0,False,0.0,3,3,
71,2,65,0.5004391883995147,0.1570337479204185,0.9858645756802354,0.5245307378293047,0.12260440902908512,0.06469773729036364,0.0042440293106535,False,False,True,334,32,False,1.21,1,1,
72,2,2,0.7157169968832495,0.44805183991415376,0.9910451462809537,0.39873686498080796,0.06800637635235737,0.08563441628468872,0.029689573650393156,False,False,False,-1,0,False,0.0,7,7,
73,0,15,0.15930534204677016,0.6690655972582429,0.5540791933234962,0.5390400821196492,0.16220497179282847,0.0,0.0,False,False,True,48,13,False,1.3599999999999999,1,1,
74,0,30,0.2703935788116058,0.08512312258901626,0.8639848967503372,0.07466748129829658,0.16650077455662593,0.0,0.0,False,False,True,168,18,False,1.3,1,1,
75,118,0,1.0,1.0,0.972400491146295,0.541463429506967,0.16093058799405496,0.7575384048908298,1.3007231368391343,False,False,False,-1,0,False,0.0,6,6,
76,0,32,0.5152993442593289,0.352663772875808,0.678467824614451,0.366652867535433,0.18907809616478624,0.0,0.0,False,False,True,55,25,False,1.69,1,1,
77,1,25,0.5040341908666547,0.22576126350248332,1.0,0.5735034973800515,0.2970778124376299,0.021343698091347334,0.0003863166660279412,False,False,True,93,18,False,1.45,0,0,
78,1,0,0.36798658534635564,0.4238714349729866,0.99468677262537,0.5461865024515953,0.21860718568213763,0.06726423051914648,0.03946136563891709,False,False,False,-1,0,False,0.0,2,2,
79,0,34,0.1637766060274304,0.4623754576132146,1.0,0.53959012129051,0.4812845278144753,0.0,0.0,False,False,True,104,34,False,1.24,1,1,
80,1,6,0.4130424290361388,0.6309649651603767,1.0,0.5007814636899792,0.15445615300444795,0.13501311418098663,0.6542558123199923,False,False,False,-1,0,False,0.0,5,5,
81,0,68,0.10238340905883028,0.1483488099910131,0.9497071109690659,0.849880575536443,0.2398358580469181,0.0,0.0,False,False,True,152,67,False,1.3599999999999999,1,1,
82,1,1,0.20270615260013056,0.13301128289031072,1.0,0.49991934770321816,0.5700742779997586,0.06794195148521147,0.04108846901178373,False,False,False,-1,0,False,0.0,5,5,
83,382,0,1.0,1.0,0.8971324771340629,0.43954193661577684,0.443934554526985,0.7229618607343528,0.856209973745053,True,False,False,-1,0,False,0.0,0,0,
84,0,39,0.07205639738926295,0.07983729222925223,0.5649223388838687,0.4982646818655574,0.17413806052236572,0.0,0.0,False,False,True,107,67,False,1.3,0,0,
85,0,57,0.35110056188051453,0.3940944404827915,0.8202505184280241,0.5000375850198895,0.12469077961705936,0.0,0.0,False,False,True,111,51,False,1.48,1,1,
86,0,28,0.026430322682148448,0.3470404707664723,0.9919417258703203,0.8077332188939976,0.21479815356123122,0.0,0.0,False,False,True,138,18,False,1.18,1,1,
87,2,48,0.7738203125942511,0.5042753254360006,0.9190938620068174,0.6169696172860673,0.2655622679016941,0.07656340358707679,0.008164467835379432,False,False,True,281,27,False,1.42,1,1,
88,0,29,0.2670938861018803,0.2097142271529175,0.6259239899450727,0.0,0.379366526814578,0.0,0.0,False,False,True,61,32,False,1.33,1,1,
89,1,2,0.20121541004188778,0.2823837277004614,1.0,0.4783412856785026,0.24469838376536895,0.06146100136383191,0.027430989459478975,False,False,False,-1,0,False,0.0,2,2,
90,627,1,1.0,1.0,0.9364638628072655,0.5108902195477292,0.36868512614447196,1.6122131818527914,22.81294757702978,True,False,False,-1,0,False,0.0,0,0,
91,0,41,0.2814592529019416,0.331806659289779,0.33474811762508067,0.6641235864125634,0.057036055465862844,0.0,0.0,False,False,True,90,49,False,1.3,1,1,
92,1,15,0.27597720943881776,0.5690244038251395,0.9124712569239506,0.44517160799287514,0.3187183953550416,0.017291754478571068,0.00016536310693521307,False,False,True,130,13,False,1.21,1,1,
93,1,1,0.4027334352204926,0.21427204650570586,0.9919373776945399,0.48767832106253467,0.3890857705667765,0.08817344678270213,0.11748002314293432,False,False,False,-1,0,False,0.0,3,3,
94,4,1,0.55428464820003,0.13009560139142973,1.0,0.40693753286402945,0.2309626976516189,0.2027897372545315,0.052545412375459934,False,False,False,-1,0,False,0.0,3,3,
95,0,2,0.5157544439869736,0.5159575300274641,0.9922306895597747,0.4998954297757776,0.16938635346631192,0.0,0.0,False,False,False,-1,0,False,0.0,3,3,
96,0,5,0.30422763783792606,0.5232284980814628,0.919660656505478,0.550739056006339,0.4129109499895715,0.0,0.0,False,False,False,-1,0,False,0.0,4,4,
97,0,0,0.04481738664917813,0.07523285123477041,0.997027486405504,0.5734650091104645,0.020018099874883084,0.0,0.0,False,False,False,-1,0,False,0.0,6,6,
98,1,0,0.4366829090727067,0.20637586517105677,1.0,0.5376564305971855,0.1519706234802136,0.06931794735587557,0.04454671224967667,False,False,False,-1,0,False,0.0,2,2,
99,0,25,0.4315905855290192,0.29705596157280995,0.9233903927244103,0.24390065830979893,0.32590500601120653,0.0,0.0,False,False,True,68,29,False,1.33,0,0,
100,0,144,0.2129785095433985,0.06455739071711758,0.9345309038845145,0.7005105134539877,0.14280491465286657,0.0,0.0,False,False,True,234,161,False,1.18,1,1,
101,1,82,0.49563557562481525,0.5157676027296572,0.9173174140587819,0.3368740170998238,0.15126615409978247,0.017205295706178212,0.0001620558447965088,False,False,True,142,80,False,1.3,1,1,
102,447,9,1.0,1.0,0.9859913970640884,0.5891820226507481,0.42794430134036465,1.7822181115604177,26.418753216671632,True,False,False,-1,0,False,0.0,1,1,
103,4,62,0.8460206324068866,0.5560449107890818,0.9993430409278152,0.572385932010911,0.07823210907742231,0.09332584949296752,0.0022856360497886786,False,False,True,232,63,False,1.15,1,1,
104,1,42,0.3435079320153871,0.4636925917776268,0.7442136618738303,0.3613576345803168,0.29223273726678733,0.022780834000738097,0.0005023477488082321,False,False,True,156,42,False,1.27,1,1,
105,1,0,0.5288975197975806,0.267943660973741,1.0,0.4434890968306882,0.05793574275142524,0.066593269819718,0.037898695559615975,False,False,False,-1,0,False,0.0,1,1,
106,3,1,0.6784070371656856,0.42371420984323727,0.9991855750187323,0.5531226013450062,0.06334333260451525,0.22245644751978239,0.3366299699547596,False,False,False,-1,0,False,0.0,2,2,
107,319,1,1.0,1.0,1.0,0.46923865913306506,0.5292058968544504,0.6572853025719939,0.705121163051049,True,False,False,-1,0,False,0.0,2,2,
108,1,3,0.23881982827184564,0.13600049351379406,0.9909654678635164,0.45548277260880005,0.2487663969816515,0.13913534532274913,0.7385691026454037,False,False,False,-1,0,False,0.0,11,11,
109,1,61,0.3237634294258256,0.3589805234554241,0.9912632416579402,0.5501673271241893,0.4596849242980317,0.14850375,0.9603999999999999,False,False,False,-1,5,False,0.0,3,3,
110,0,63,0.11070470957964146,0.4622984871275177,0.8378030295397008,0.5640347131159664,0.4041388568636169,0.0,0.0,False,False,True,197,58,False,1.12,0,0,
111,439,0,1.0,1.0,0.9385201690798092,0.5089490532998625,0.6175475408285891,0.8113057050030363,1.8829132936701338,True,False,False,-1,0,False,0.0,1,1,
112,0,20,0.39075012710744106,0.3493389867554349,0.988226312932526,0.41686359001631934,0.38991071967715285,0.0,0.0,False,False,True,103,15,False,1.15,1,1,
113,0,16,0.37959777722894494,0.4629794600812916,0.32330289715414484,0.7397216917100901,0.011087853542390511,0.0,0.0,False,False,True,46,17,False,1.54,1,1,
114,5,0,0.7211529569632847,0.7872943277671524,0.9851145495425125,0.5579097907673088,0.13197961195103688,0.3603611016300603,0.8899100944527587,False,False,False,-1,0,False,0.0,2,2,
115,0,0,0.30924764167138974,0.36340076901110263,1.0,0.5710363554366681,0.22221197524784322,0.0,0.0,False,False,False,-1,0,False,0.0,4,4,
116,7,3,0.8223884617103607,0.6139017963923897,0.923543484845674,0.5835473081099053,0.15336358417264356,0.4514691490375937,0.9633230149122107,False,False,False,-1,0,False,0.0,6,6,
117,0,14,0.6133957796912934,0.2699018104732202,0.9634905673191808,0.794484944629343,0.029015971783730388,0.0,0.0,False,False,True,74,13,False,1.3599999999999999,1,1,
118,2,1,0.5162418702291596,0.21685210812609731,0.9950252080589381,0.5078441635178784,0.3702711503034996,0.21889842076797295,0.5657195179445138,False,False,False,-1,0,False,0.0,4,4,
119,0,26,0.40327420385124424,0.299608539292866,0.9417013311502189,0.5023802264412467,0.3198819763025201,0.0,0.0,False,False,True,154,12,False,1.06,0,0,
120,0,47,0.6644816717931502,0.20880267546770742,0.9675837884027336,0.754863307935016,0.06944873525887651,0.0,0.0,False,False,True,205,18,False,1.09,0,0,
121,1,10,0.5088079452862109,0.282263509781443,0.9153273703462255,0.42648223500434673,0.18009818012645795,0.02081541495059623,0.00034919966857309604,False,False,False,-1,0,False,0.0,9,9,
122,0,77,0.25527305999319794,0.07272229900620406,0.856097479725235,0.5724420037585312,0.46618187408474576,0.0,0.0,False,False,True,136,71,False,1.24,1,1,
123,0,24,0.3120247261018831,0.22594358433920392,0.8956721561372002,0.5540061861124137,0.07777213184182953,0.0,0.0,False,False,True,180,15,False,1.3900000000000001,1,1,
124,0,37,0.28609978389007573,0.316369978084079,0.9469742066755907,0.3079858578436695,0.18414007424795345,0.0,0.0,False,False,True,267,13,False,1.15,1,1,
125,0,52,0.5115368949382874,0.2304744697179149,0.9414278108346965,0.6759596421102375,0.20090988598198778,0.0,0.0,False,False,True,303,14,False,1.15,0,0,
126,0,0,0.37432793249355245,0.12970355405540593,1.0,0.4571180445830364,0.06291927564135899,0.0,0.0,False,False,False,-1,0,False,0.0,2,2,
127,0,1,0.13217837069480926,0.5720264317450895,0.9922981410907533,0.5154731849521957,0.15997768447285454,0.0,0.0,False,False,False,-1,0,False,0.0,3,3,
128,0,3,0.08239801925569909,0.1723111143592797,1.0,0.5598420384260945,0.3350012538916476,0.0,0.0,False,False,False,-1,0,False,0.0,10,10,
129,1,0,0.49800869786656676,0.3729462654859751,0.9778547974531843,0.4847619922080684,0.12119065575457723,0.023358998335362365,0.0005557431033632705,False,False,False,-1,0,False,0.0,5,5,
130,0,38,0.11070865473155156,0.49758041730977265,0.5126536381836521,0.708854870651988,0.44861093772239496,0.0,0.0,False,False,True,104,56,False,1.3,0,0,
131,0,56,0.36460087571470656,0.15000353519402568,0.852761557660587,0.377728750306598,0.27912899882491804,0.0,0.0,False,False,True,417,15,False,1.27,1,1,
132,0,38,0.608296772510288,0.11653006711526188,1.0,0.6263204701498959,0.43528393154566336,0.0,0.0,False,False,True,113,48,False,1.3599999999999999,0,0,
133,0,0,0.10131512994652453,0.6495274610132541,0.9937087748760519,0.5081722968845075,0.15432713415735397,0.0,0.0,False,False,False,-1,0,False,0.0,2,2,
134,0,2,0.10172771454697466,0.13897047537161505,1.0,0.534628047807429,0.08207984762193475,0.0,0.0,False,False,False,-1,0,False,0.0,6,6,
135,1,2,0.16162558887141135,0.12320227183218821,0.9765505268719861,0.5610483774736545,0.05546188667290662,0.07361540825781934,0.05676788948457727,False,False,False,-1,0,False,0.0,5,5,
136,0,2,0.25121823799995724,0.15653746959291143,0.958077045194101,0.4139939066269036,0.12586130801603596,0.0,0.0,False,False,False,-1,0,False,0.0,6,6,
137,0,26,0.09113456870850449,0.5901598429853928,0.8194090974075806,0.5704812167051425,0.11542374030727574,0.0,0.0,False,False,True,85,34,False,1.3599999999999999,0,0,
138,0,0,0.19149962523914393,0.27417756903048834,1.0,0.5138927156004496,0.1844703151389446,0.0,0.0,False,False,False,-1,0,False,0.0,3,3,
139,0,16,0.11803021964566417,0.5126833767299269,0.979748533934453,0.7183078432425261,0.25947134280077033,0.0,0.0,False,False,True,98,13,False,1.3,0,0,
140,0,23,0.24635626627847665,0.3648918969693569,0.9039135617256956,0.5763026225433442,0.007269863780480898,0.0,0.0,False,False,True,74,15,False,1.21,1,1,
141,2,0,0.45759260529250034,0.4926016306141108,0.97939767947373,0.5432042004767269,0.14758543666705298,0.1926168932650039,0.33749825856542565,False,False,False,-1,0,False,0.0,1,1,
142,1,0,0.49240630004590913,0.28339083671234777,0.9768424078025204,0.44992868245013395,0.02070001551867894,0.07072181061325282,0.04829602124348771,False,False,False,-1,0,False,0.0,3,3,
143,1,39,0.1309005444105175,0.5596865640878541,0.8329380784578634,0.37118329106163245,0.2550092920013065,0.025436762968241218,0.0007834851965077539,False,False,True,187,21,False,1.12,0,0,
144,2,2,0.5321655037818476,0.4569110151292297,0.9692339714977064,0.49115139726363893,0.25193668580306444,0.1538864113522517,0.1629662295818595,False,False,False,-1,0,False,0.0,3,3,
145,137,0,1.0,1.0,0.9734011730604184,0.5105699703130367,0.5371631926332795,0.36747795232661107,0.07073288841545089,False,False,False,-1,0,False,0.0,0,0,
146,0,31,0.16821113611415237,0.497906632277483,1.0,0.7992708197525329,0.04867992351290418,0.0,0.0,False,False,True,121,17,False,1.27,1,1,
147,497,161,1.0,1.0,0.9718310578377455,0.5681291073595308,0.37050675370027075,1.97014975,18.27610338043049,True,False,False,-1,0,False,0.0,2,2,
148,1,1,0.14755996983394773,0.3600905915544964,1.0,0.5788315871452266,0.030041185464738485,0.0558776542330602,0.018686884934977686,False,False,False,-1,0,False,0.0,7,7,
149,0,57,0.15163764844616742,0.1668226414639473,0.9592674577749699,0.44795278922077303,0.18840566260760414,0.0,0.0,False,False,True,236,35,False,1.15,1,1,
150,394,189,1.0,1.0,1.0,0.5844885577029517,0.48526150073550434,1.98005,20.683855906124666,True,False,False,-1,0,False,0.0,3,3,
151,393,0,1.0,1.0,1.0,0.46111905468236103,0.5384300889392566,0.7229618607343528,1.1889150282647143,True,False,False,-1,0,False,0.0,1,1,
152,1,0,0.5006973627179477,0.7406413287848754,0.9967727179666299,0.41121235876384166,0.17075528658458927,0.0751063059368779,0.061545803450736285,False,False,False,-1,0,False,0.0,5,5,
153,1,1,0.24791356589227323,0.14764969510357012,1.0,0.5535810027883042,0.34940034244757995,0.026345125867888747,0.0009025021917942927,False,False,False,-1,0,False,0.0,4,4,
154,0,21,0.24908870749376488,0.3498186940862042,0.3586043499110829,0.2696904907926607,0.15448165566450062,0.0,0.0,False,False,True,60,22,False,1.18,0,0,
155,2,27,0.6156075786225492,0.38833273580900507,1.0,0.21954841433898345,0.03437567431005115,0.049180339723675734,0.0015538473787133412,False,False,True,157,15,False,1.12,0,0,
156,3,1,0.3609200775628498,0.09830528259004309,0.9794882426433236,0.5358966539869215,0.03361824562795233,0.14664214966766553,0.06830174566720852,False,False,False,-1,0,False,0.0,4,4,
157,0,20,0.05224107382826661,0.6113595027716044,0.8825763300789402,0.904885664720462,0.1797438079587731,0.0,0.0,False,False,True,196,13,False,1.18,1,1,
158,0,17,0.21601282459835028,0.2021075536048241,0.979184287047324,0.8019492933782472,0.10975014998844358,0.0,0.0,False,False,True,87,15,False,1.24,1,1,
159,1,1,0.30801320945888,0.4398358480806549,0.9875797779806404,0.5303844320041029,0.0942325674776512,0.06054368823585155,0.025817827831345935,False,False,False,-1,0,False,0.0,6,6,
160,0,23,0.30098223343386715,0.5540877258823835,0.7059020435037633,0.3164698800007697,0.2556117617573619,0.0,0.0,False,False,True,68,24,False,1.27,1,1,
161,0,1,0.21852493263218123,0.3745171455210694,1.0,0.41335109679990384,0.06002653612861675,0.0,0.0,False,False,False,-1,0,False,0.0,5,5,
162,0,0,0.3778348857483885,0.21648560825093702,0.9991330760993007,0.49289557297882647,0.2500951651336143,0.0,0.0,False,False,False,-1,0,False,0.0,0,0,
163,0,3,0.2614710559229776,0.12833168008401588,0.9580028063878042,0.518813814517767,0.2442315071324248,0.0,0.0,False,False,False,-1,0,False,0.0,2,2,
164,1,0,0.1995222997644129,0.3597195309695591,0.9719245481735745,0.5024804292315851,0.24274604026615815,0.02324220334368555,0.000544628241296005,False,False,False,-1,0,False,0.0,2,2,
165,0,79,0.2531583547301201,0.2553165201675745,0.9535848077337217,0.43908281917079833,0.3640387632304694,0.0,0.0,False,False,True,114,69,False,1.12,0,0,
166,1,0,0.2212608273087899,0.39214079888825804,0.9951791541086291,0.5392021259109403,0.47926010335222813,0.07701246035583706,0.06808760642372277,False,False,False,-1,0,False,0.0,3,3,
167,1,0,0.35170249550340643,0.43325605039167403,1.0,0.5046873905224679,0.13521569036372202,0.030012362158641448,0.0015260553905265396,False,False,False,-1,0,False,0.0,3,3,
168,3,55,0.9001140605988391,0.20331907003350436,0.8154748351172887,0.34868731504962475,0.4243728228516944,0.1107463636104244,0.021921443498618555,False,False,True,298,45,False,1.21,1,1,
169,658,313,1.0,1.0,1.0,0.4893049451847285,0.4937824215448581,2.0,70.19147255076979,True,False,False,-1,0,False,0.0,3,3,
170,1,1,0.3848889359292725,0.17966020758732013,1.0,0.5014539728924582,0.22067295541964108,0.018363780434795113,0.0002107296836343437,False,False,False,-1,0,False,0.0,9,9,
171,0,36,0.3442448241249635,0.27126581904949615,1.0,0.5121971624398308,0.10485243685617956,0.0,0.0,False,False,True,269,16,False,1.09,0,0,
172,3,1,0.41437865651569633,0.34011380876189856,1.0,0.5251799110462165,0.46493358238086263,0.13346476580117722,0.08794217402672416,False,False,False,-1,0,False,0.0,2,2,
173,0,1,0.13101959725384466,0.4985054938421707,0.9999350339208415,0.5475765103077539,0.5212383009985867,0.0,0.0,False,False,False,-1,0,False,0.0,5,5,
174,1,34,0.616187997723651,0.051333032978942865,0.8590857672526758,0.3897338674189591,0.2500394268900189,0.0415719053632266,0.005673817693396582,False,False,True,267,23,False,1.09,0,0,
175,0,0,0.4235817205350152,0.09278735254307223,0.9333955842986439,0.4587251983961715,0.2932582146298992,0.0,0.0,False,False,False,-1,0,False,0.0,3,3,
176,215,0,1.0,1.0,1.0,0.5463071947112558,0.5531405215919059,0.39617318461478707,0.12339127439536184,False,False,False,-1,0,False,0.0,0,0,
177,8,0,0.9569966090741143,0.3970341062242071,0.9884415937697415,0.45566477101248937,0.13353671036208448,0.5704570970342989,1.9648864908938928,False,False,False,-1,0,False,0.0,7,7,
178,0,30,0.46156631255193026,0.25030459409598543,0.9379780059936249,0.4136337156368302,0.37725675387071606,0.0,0.0,False,False,True,84,19,False,1.3,1,1,
179,0,54,0.23747340420143687,0.45643866853267656,0.545655758093883,0.1646168973379422,0.11305710639980435,0.0,0.0,False,False,True,122,37,False,1.12,0,0,
180,0,27,0.1704477300919362,0.5582473822429846,0.6356457522431652,0.37136641137081156,0.1889661668049845,0.0,0.0,False,False,True,55,28,False,1.3599999999999999,0,0,
181,1,48,0.45145403905995307,0.3369548604368685,1.0,0.5489998644391968,0.1237256136872242,0.08016344124780764,0.08003122446142442,False,False,True,357,13,False,1.21,1,1,
182,1,1,0.5617219647998344,0.5138570514454245,0.9930002086047738,0.4219522025110476,0.17542425167841744,0.04115722560722842,0.005449134512738076,False,False,False,-1,0,False,0.0,5,5,
183,1,35,0.42777097527587116,0.5744928815542426,0.9760990742413989,0.6294408701377697,0.2905165204916211,0.02431473662849328,0.0006532290292504406,False,False,True,174,36,False,1.09,0,0,
184,0,1,0.21342695448002433,0.16444646814287808,1.0,0.5488055057472991,0.34953998667413216,0.0,0.0,False,False,False,-1,0,False,0.0,6,6,
185,227,0,1.0,1.0,0.9973895866889748,0.572158232503438,0.2269932909508434,0.9335514740318087,2.0953749372580495,True,False,False,-1,0,False,0.0,2,2,
186,0,0,0.20821953938687315,0.4488486614293979,0.91173603209239,0.48447837001989275,0.04571563494871493,0.0,0.0,False,False,False,-1,0,False,0.0,6,6,
187,0,23,0.2524516532189785,0.3215387573783786,0.9320543722702186,0.5268053732668996,0.07314248928288627,0.0,0.0,False,False,True,74,19,False,1.21,0,0,
188,0,46,0.10525477326148595,0.21493332191970854,0.8400724447300247,0.533132797029098,0.30913853553525356,0.0,0.0,False,False,True,102,54,False,1.33,1,1,
189,1,0,0.3159709056548952,0.6167657783426845,0.9087948574637076,0.43566124389249505,0.12517795490643807,0.08599104403328825,0.10619263612744362,False,False,False,-1,0,False,0.0,3,3,
190,0,0,0.5485290084134068,0.2708356431382369,1.0,0.5878221455613416,0.43583009528450306,0.0,0.0,False,False,False,-1,0,False,0.0,2,2,
191,2,1,0.5250940198185615,0.23969789329219135,0.9556393274559152,0.5139547342561113,0.24502264818855893,0.04501624923754186,0.0011654078470125994,False,False,False,-1,0,False,0.0,4,4,
192,0,1,0.08519196710385483,0.2477292295567379,0.9589433721270619,0.5443192082377868,0.2798043522891739,0.0,0.0,False,False,False,-1,0,False,0.0,4,4,
193,0,1,0.10726915668698526,0.3213233008856293,1.0,0.407519517302466,0.22485663493993416,0.0,0.0,False,False,False,-1,0,False,0.0,4,4,
194,2,0,0.3736229504669371,0.5827975112718469,0.9699567409757428,0.4810117343650228,0.2089304391257971,0.05487447164176136,0.0022691424612421665,False,False,False,-1,0,False,0.0,4,4,
195,0,12,0.3141011772397557,0.7031251728641346,0.6335473237185901,0.7478856406619495,0.18214010566305824,0.0,0.0,False,False,True,43,13,False,1.27,1,1,
196,0,3,0.19425113128115412,0.18706827898997413,0.9982390946122589,0.5169081846600335,0.07436981879876195,0.0,0.0,False,False,False,-1,0,False,0.0,6,6,
197,3,1,0.5469383483031752,0.7762118918501448,1.0,0.5341061586352579,0.359614545574156,0.20503036146505943,0.8725236869636152,False,False,False,-1,0,False,0.0,7,7,
198,3,3,0.5961149140393999,0.5526041951247569,0.9819466289758267,0.5292620302623218,0.09859779785508434,0.21036245053937558,0.4604010797477006,False,False,False,-1,0,False,0.0,3,3,
199,0,2,0.17762234625577797,0.3335191675128664,1.0,0.4468319111854047,0.027186184215385347,0.0,0.0,False,False,False,-1,0,False,0.0,3,3,
200,0,2,0.016455638105178833,0.13889210991134077,0.9568967613160961,0.5815031343813579,0.28719195773466183,0.0,0.0,False,False,False,-1,0,False,0.0,2,2,
201,0,2,0.6340339511759422,0.33850902637081337,0.9261422111923024,0.5727130948383665,0.030012017126863844,0.0,0.0,False,False,False,-1,0,False,0.0,1,1,
202,1,41,0.11558817826853462,0.34020103738771534,0.9856794851477071,0.3730144430489779,0.16609517877144758,0.01644636285809582,0.00013511369793920008,False,False,True,127,38,False,1.21,1,1,
203,78,187,1.0,1.0,0.9566599014819941,0.598823961165736,0.14051133742611469,0.4178506090908742,0.048083306337234344,False,False,True,426,97,False,1.12,0,0,
204,1,14,0.19754650435324095,0.5503230318586247,1.0,0.5606993126907883,0.2710993367305831,0.06115369635701275,0.026882369670289397,False,False,False,-1,0,False,0.0,4,4,
205,0,18,0.6963460988892423,0.1666827377185523,1.0,0.2844873206556983,0.2178620590178565,0.0,0.0,False,False,True,80,16,False,1.24,1,1,
206,0,0,0.19135713956877395,0.02651824746627996,0.9846857268517974,0.43108737300764755,0.327260140729895,0.0,0.0,False,False,False,-1,0,False,0.0,7,7,
207,1,19,0.2932124140675544,0.11616840799006117,0.7085987115021462,0.41830091376233697,0.12900098367493032,0.017378647717156852,0.00016873786421960516,False,False,True,69,23,False,1.27,1,1,
208,313,0,1.0,1.0,0.9885499987271683,0.46003525725869476,0.5384264782310397,0.7229618607343528,0.8295610523119415,True,False,False,-1,0,False,0.0,1,1,
209,0,44,0.1764988048561249,0.7272046825757504,0.9189875931561176,0.1642333943202762,0.12683086659725482,0.0,0.0,False,False,True,127,45,False,1.12,0,0,
210,1,64,0.2966173826958381,0.555121805251308,0.9138922287577588,0.6024087269669129,0.2318673074144298,0.03894932894581573,0.00436329283880209,False,False,False,-1,10,True,1.18,6,6,
211,0,75,0.07191793570793163,0.13916623348489235,0.9667275846395254,0.37907719245804067,0.5417831617075168,0.0,0.0,False,False,True,100,67,False,1.24,1,1,
212,0,20,0.09259858057282323,0.2847714256803209,0.830137581252742,0.20881094919747364,0.1279841557373049,0.0,0.0,False,False,True,118,12,False,1.18,0,0,
213,2,0,0.44226538861285813,0.3813836204828458,1.0,0.43171762285916515,0.11826150160728904,0.0508194940884572,0.0019176428916966141,False,False,False,-1,0,False,0.0,3,3,
214,0,0,0.15934603827652755,0.47441696400105293,0.945994174788039,0.47578483369386504,0.024973130064292384,0.0,0.0,False,False,False,-1,0,False,0.0,2,2,
215,4,1,0.5964041400625084,0.520149260375692,1.0,0.47092596632362504,0.18217623206946196,0.3909004487800017,0.9611974891332185,False,False,False,-1,0,False,0.0,5,5,
216,3,1,0.4150316240209865,0.43922139984522424,0.9852175752040655,0.4842326633900166,0.13781351617163423,0.17147176395544242,0.10592241465019799,False,False,False,-1,0,False,0.0,5,5,
217,3,0,0.5768345007781331,0.9145716416305172,0.9262655896194405,0.49011435651523033,0.05842158969207831,0.14032236093421865,0.04922223398831149,False,False,False,-1,0,False,0.0,2,2,
218,0,32,0.1072829651377547,0.6092374160297294,0.9548820718774749,0.40225362158831024,0.10956987170317119,0.0,0.0,False,False,True,130,29,False,1.27,1,1,
219,0,1,0.11131084563671108,0.47032068159543966,1.0,0.4892763310626643,0.09291593333436071,0.0,0.0,False,False,False,-1,0,False,0.0,3,3,
220,0,32,0.23379688488857728,0.281139165686612,0.9554705474118019,0.4119230307089265,0.1497261554364097,0.0,0.0,False,False,True,289,12,False,1.06,0,0,
221,0,0,0.3656011659130416,0.04715574103386805,1.0,0.49517581370937064,0.23697037501591306,0.0,0.0,False,False,False,-1,0,False,0.0,0,0,
222,0,0,0.11318949186601752,0.48394554419668034,1.0,0.45680841029129493,0.3621972635942717,0.0,0.0,False,False,False,-1,0,False,0.0,4,4,
223,0,17,0.12257451860470465,0.3273133866811865,0.8576455877445321,0.6472407033257297,0.392811950613838,0.0,0.0,False,False,True,95,14,False,1.21,1,1,
224,1,30,0.27015215268554355,0.6445646360422699,0.9815535306038383,0.717186159459111,0.18528842595922942,0.03251852860851103,0.002108400381915159,False,False,True,182,13,False,1.15,1,1,
225,0,6,0.20045421176479347,0.137996861801154,1.0,0.5613457763193761,0.3044782328462223,0.0,0.0,False,False,False,-1,0,False,0.0,2,2,
226,1,4,0.18072533426776574,0.4272089088921578,1.0,0.4277803780618975,0.14683784648829692,0.03836800534263331,0.004106696313537816,False,False,False,-1,0,False,0.0,4,4,
227,1,75,0.4201344667403842,0.16908658109320748,0.7045426984201563,0.40861139187956835,0.35552612325101046,0.046651871724980275,0.009029748125850843,False,False,False,-1,50,True,1.09,3,3,
228,1,4,0.6420625579371411,0.08519149414499397,1.0,0.5175527297271484,0.4885617002477294,0.027560846424495803,0.0010824643048977804,False,False,False,-1,0,False,0.0,2,2,
229,0,0,0.15841581750027303,0.3110674987604363,1.0,0.4888722604572518,0.06300076136583949,0.0,0.0,False,False,False,-1,0,False,0.0,2,2,
230,0,0,0.4161477664925491,0.32703641030459346,0.9344694678415808,0.5055318835782993,0.4194559244638554,0.0,0.0,False,False,False,-1,0,False,0.0,3,3,
231,3,1,0.7095236920324591,0.39112834151479503,0.9651593888563461,0.5071443535556409,0.03822513805421212,0.2989499375277613,0.6597589535715882,False,False,False,-1,0,False,0.0,3,3,
232,0,2,0.1211662517793799,0.09608940500982208,0.9860693111771722,0.44929802869950053,0.2856762990418809,0.0,0.0,False,False,False,-1,0,False,0.0,3,3,
233,0,53,0.4649577347878817,0.6712927138927334,0.5283700923277084,0.19253140253060913,0.07257926854428742,0.0,0.0,False,False,True,133,14,False,1.15,0,0,
234,4,1,0.7878801947849046,0.6321874459730585,0.9749128897483214,0.4886033995315705,0.0015115381346304385,0.14444147562848725,0.03025227492617834,False,False,False,-1,0,False,0.0,3,3,
235,0,0,0.22934522590037704,0.06598114198210524,0.9890416209988022,0.5225134527279894,0.2563538404814996,0.0,0.0,False,False,False,-1,0,False,0.0,3,3,
236,0,24,0.2817924010845793,0.740412878103855,0.7534138331541294,0.6886925607367885,0.23750878889448152,0.0,0.0,False,False,True,91,20,False,1.18,1,1,
237,1,25,0.45498494986848886,0.26654130269967735,0.950047041613347,0.5781499635688814,0.08297526949780287,0.032033185504212934,0.0019844095722554925,False,False,True,182,20,False,1.12,0,0,
238,8,2,0.872468572674334,0.4947012038586681,0.9422971114352697,0.5015756295382185,0.2503840430622885,0.3816296542543782,0.5473369254386242,False,False,False,-1,0,False,0.0,3,3,
239,185,165,1.0,1.0,1.0,0.4541392126032015,0.28935603413331706,0.3806008225105532,0.08655892996839616,False,False,False,-1,0,False,0.0,1,1,
240,227,0,1.0,1.0,0.9715447286642508,0.48200340821305965,0.574422339543999,0.42925541714188237,0.1372249050530288,False,False,False,-1,0,False,0.0,0,0,
241,3,27,0.7321722935752196,0.6384851960105802,0.835459832549737,0.6387068287482391,0.08278046852522422,0.09499972910084166,0.006918445183772029,False,False,True,219,17,False,1.12,0,0,
242,5,0,0.9899801870949418,0.7692406039053729,0.8533475102584156,0.5226237082048028,0.26228008743573694,0.36485895332683627,0.9355698479387132,False,False,False,-1,0,False,0.0,5,5,
243,0,23,0.21221827580564714,0.3640148407040084,0.8515360732809126,0.5800401666197311,0.30392541492950853,0.0,0.0,False,False,True,58,32,False,1.24,1,1,
244,1,25,0.388659138101222,0.5187581053410678,0.8815935885493709,0.7597982165968411,0.17723143971543343,0.019019562653038367,0.00024274102714872534,False,False,True,83,26,False,1.21,0,0,
245,0,3,0.2050430423179947,0.129374609193609,0.9156379700864761,0.4677796950543486,0.41176966429215833,0.0,0.0,False,False,False,-1,0,False,0.0,4,4,
246,2,1,0.6299531262862624,0.39305989296560395,0.9624202059316965,0.4246646311870077,0.24747108998469772,0.08298405877599378,0.03378300038980439,False,False,False,-1,0,False,0.0,3,3,
247,1,75,0.21955998482374622,0.42809053734123304,0.9546873420731704,0.5607078151409293,0.12837717501317245,0.02347638023654509,0.000567084799350276,False,False,True,227,82,False,1.06,0,0,
248,0,30,0.3100445113857203,0.44307197787246,0.9972019694270078,0.5185595141825962,0.22519250026656906,0.0,0.0,False,False,True,142,38,False,1.09,0,0,
249,0,29,0.30824725319601937,0.2827215927786544,0.9608386419961233,0.4831797117382487,0.10973614645803512,0.0,0.0,False,False,True,170,22,False,1.12,0,0,
250,0,3,0.24398487884861908,0.5178774989755324,1.0,0.46263640531575834,0.031569762491185475,0.0,0.0,False,False,False,-1,0,False,0.0,3,3,
251,1,0,0.23254650774315017,0.3629738882046347,0.960749750098559,0.4264862751774787,0.4174951106858633,0.045725808774460974,0.00832875216410449,False,False,False,-1,0,False,0.0,4,4,
252,1,0,0.16338135965082484,0.44867179275679425,0.9924429475015165,0.5373717543982707,0.13842389801086624,0.021775961807599102,0.00041883131137998217,False,False,False,-1,0,False,0.0,1,1,
253,0,1,0.24640192848098796,0.4386520700969027,0.9689145610491521,0.43899723278860775,0.15983203061657575,0.0,0.0,False,False,False,-1,0,False,0.0,4,4,
254,0,19,0.17560050282975792,0.25527988223962306,1.0,0.4269287549023927,0.146774394637632,0.0,0.0,False,False,True,113,15,False,1.18,0,0,
255,2,1,0.3129781329193546,0.3006293747090053,1.0,0.4687854975830535,0.03529389252771357,0.24589369410468026,0.9695888755841813,False,False,False,-1,0,False,0.0,4,4,
256,282,0,1.0,1.0,1.0,0.5384729519640374,0.7496106092029488,0.5460191930558976,0.34050065149065445,True,False,False,-1,0,False,0.0,1,1,
257,1,0,0.49861811003809037,0.08407590789894867,0.9713614204470757,0.4325673612254795,0.471164226070632,0.025436762968241218,0.0007834851965077539,False,False,False,-1,0,False,0.0,2,2,
258,1,31,0.22620601031673582,0.23085578283196093,1.0,0.396565306354023,0.032238324590048106,0.02407219713062406,0.0006273611596921231,False,False,True,180,22,False,1.15,1,1,
259,0,0,0.17826915055432055,0.16230676899225505,0.990726494606534,0.4910617245803288,0.16029068447052972,0.0,0.0,False,False,False,-1,0,False,0.0,5,5,
260,0,40,0.19152657987684457,0.3749447365153886,1.0,0.5814731718239122,0.4772329667422479,0.0,0.0,False,False,True,292,16,False,1.15,1,1,
261,2,1,0.37883048960151133,0.30334048973811356,1.0,0.5553288018518605,0.18292171661283424,0.1538871864707628,0.15072650978608987,False,False,False,-1,0,False,0.0,2,2,
262,2,0,0.4521007942333783,0.1607321497280406,1.0,0.5442326055587463,0.13778997467849916,0.052382478651589647,0.0017985998050071249,False,False,False,-1,0,False,0.0,6,6,
263,0,26,0.35822430674280165,0.46848423609618195,0.9056676849143168,0.3724634350019949,0.3297646803027903,0.0,0.0,False,False,True,118,20,False,1.12,0,0,
264,2,33,0.5935219782108139,0.18929738381677064,0.9855722284051619,0.5315229351963681,0.03097454817419845,0.05035518618822009,0.002260602724828047,False,False,True,169,14,False,1.06,0,0,
265,0,5,0.12679591383822972,0.5334856510286975,1.0,0.5180167869107875,0.16734825199000392,0.0,0.0,False,False,False,-1,0,False,0.0,6,6,
266,0,57,0.3905021427104857,0.3301152960499276,0.8662982231285392,0.578312029494632,0.16110851871151086,0.0,0.0,False,False,False,-1,1,False,1.12,4,4,
267,4,0,0.6876018624791566,0.4453463457301152,1.0,0.49418219872630786,0.34565368289025494,0.3631964962219803,0.6798096031442491,False,False,False,-1,0,False,0.0,4,4,
268,3,1,0.4792910166860211,0.1890811037489332,1.0,0.5164482171748751,0.012061633308325758,0.09725064316370877,0.01906010479378647,False,False,False,-1,0,False,0.0,4,4,
269,264,0,1.0,1.0,0.9970516069296792,0.5182696328249943,0.36519304867324476,0.6773535897137376,0.5808296107997959,False,False,False,-1,0,False,0.0,2,2,
270,0,0,0.5611804575545624,0.3056406811468553,1.0,0.5287029105158895,0.2696469411517737,0.0,0.0,False,False,False,-1,0,False,0.0,3,3,
271,0,118,0.0847396583591019,0.721149687091281,0.6507106998319635,0.7196000227916227,0.07295503906453886,0.0,0.0,False,False,True,269,100,False,1.15,1,1,
272,1,42,0.3201956504623543,0.3639272032582065,0.9406145799219529,0.37125410478974674,0.4780877818146815,0.029416601782369066,0.0014075849026180458,False,False,True,190,44,False,1.18,1,1,
273,0,34,0.1813485977878973,0.4423153597510271,0.8014049330585179,0.46809095831685243,0.1444073093675131,0.0,0.0,False,False,True,126,29,False,1.18,0,0,
274,0,1,0.17009682738317056,0.47037714459080743,1.0,0.5114701253650646,0.032111561782461454,0.0,0.0,False,False,False,-1,0,False,0.0,4,4,
275,2,10,0.5221621204966892,0.10036803355326271,0.9966682275722687,0.4532828115202027,0.17627915074091632,0.0782409935468504,0.016578274213928844,False,False,False,-1,0,False,0.0,3,3,
276,1,50,0.4633788533883895,0.2902055675653633,0.6714367237036395,0.38679893574308505,0.07384723023905529,0.019211194316343896,0.00025274992414486185,False,False,True,81,48,False,1.24,0,0,
277,2,0,0.23899471300846498,0.38679281522533226,0.9296732045260173,0.567949346782823,0.18511984954510172,0.17760873375265301,0.31351118608228223,False,False,False,-1,0,False,0.0,2,2,
278,462,140,1.0,1.0,0.9932816491895327,0.4461436314210876,0.5066782553517449,1.98005,22.10756988353093,True,False,False,-1,0,False,0.0,1,1,
279,0,0,0.38508450889621526,0.7222574491137458,1.0,0.49472565928101875,0.1624047869842539,0.0,0.0,False,False,False,-1,0,False,0.0,0,0,
280,1,1,0.6455576134972704,0.17725283325208666,0.9867430424308915,0.5913689761548497,0.017723723452784265,0.05449461261816722,0.016891463920134943,False,False,False,-1,0,False,0.0,4,4,
281,0,0,0.3753456194476249,0.4382389846535418,0.9795206715376795,0.47962753027475263,0.38830315667328985,0.0,0.0,False,False,False,-1,0,False,0.0,3,3,
282,0,20,0.5554936708628547,0.3204280390429193,0.9326382445728727,0.5397921551647693,0.04244999362522901,0.0,0.0,False,False,True,83,12,False,1.18,1,1,
283,1,0,0.27891294194098326,0.521740096993164,1.0,0.47063441222492436,0.232653980837963,0.14776123124999999,0.9411919999999999,False,False,False,-1,0,False,0.0,4,4,
284,0,38,0.35811512123676176,0.23505968907325867,0.9443183856591991,0.4969181960195056,0.032771278021865656,0.0,0.0,False,False,True,182,13,False,1.12,0,0,
285,1,0,0.17565106249903936,0.6635212467259077,1.0,0.5537220539646092,0.14380223051645627,0.03523397116404842,0.002912969082286192,False,False,False,-1,0,False,0.0,5,5,
286,2,0,0.4886186009893417,0.23124958587779793,1.0,0.49326506696361644,0.08516752025743546,0.1757567990088185,0.869848249864814,False,False,False,-1,0,False,0.0,3,3,
287,171,0,1.0,1.0,0.9248942563796699,0.521880286191024,0.5400811030212593,0.39816400463797696,0.09806980449196573,False,False,False,-1,0,False,0.0,0,0,
288,6,0,0.7718760828913683,0.564206899896298,1.0,0.4894407604308593,0.3304357090370083,0.2959921448661568,0.4240010599019387,False,False,False,-1,0,False,0.0,4,4,
289,0,2,0.12000674447241749,0.4513064302868021,1.0,0.4535999710460489,0.1290805957456833,0.0,0.0,False,False,False,-1,0,False,0.0,4,4,
290,1,49,0.07788704546599765,0.5622111039489244,0.9015036915826592,0.2946023862700702,0.057532111080170624,0.024193162945350816,0.0006401644486654318,False,False,True,292,14,False,1.09,0,0,
291,0,1,0.09041338339174539,0.2994578623099859,0.9912839784587654,0.4671736761816321,0.08915468573748772,0.0,0.0,False,False,False,-1,0,False,0.0,2,2,
292,3,1,0.42604649136237543,0.26371160141476757,0.9618376141224367,0.5865448462034913,0.08318248878897831,0.13120541300196586,0.0275539518807064,False,False,False,-1,0,False,0.0,3,3,
293,0,21,0.19747022084661697,0.2394820211785738,0.7188759065271351,0.4315337444684041,0.2615738074081898,0.0,0.0,False,False,True,66,19,False,1.21,0,0,
294,0,28,0.20583661105257625,0.12562257265004034,0.7473661118321662,0.684807964869879,0.2979494594963921,0.0,0.0,False,False,True,182,18,False,1.12,0,0,
295,1,2,0.3775105467427209,0.7126563076096761,0.9772829219454189,0.5524805604659347,0.23700806732300891,0.10561045440804441,0.24312258149766156,False,False,False,-1,0,False,0.0,3,3,
296,0,2,0.24645320987999272,0.361954063378875,0.9716995859149512,0.46833879083408037,0.34302604248133844,0.0,0.0,False,False,False,-1,0,False,0.0,4,4,
297,204,0,1.0,1.0,0.9508862230372143,0.509090553188441,0.5095801174362795,0.45358835503971723,0.16875118827211524,False,False,False,-1,0,False,0.0,1,1,
298,1,0,0.44968228746724526,0.4992142264351349,0.9873526945747086,0.5444635122448515,0.35491490963187217,0.035411026295526046,0.0029724174309042773,False,False,False,-1,0,False,0.0,3,3,
299,0,94,0.283797178728226,0.5054550939984576,0.8574874007761651,0.6285007513090611,0.2702980826946255,0.0,0.0,False,False,True,153,80,False,1.09,0,0,
300,0,0,0.22160566011223984,0.15503752499476586,1.0,0.48005678298564464,0.05870925535879279,0.0,0.0,False,False,False,-1,0,False,0.0,0,0,
301,0,0,0.13920003922052976,0.17617660393965753,1.0,0.4839077142609777,0.1990262401392459,0.0,0.0,False,False,False,-1,0,False,0.0,3,3,
302,0,0,0.49381724586737497,0.028145132534106925,0.9804465089559518,0.41463768714993604,0.0953498345529485,0.0,0.0,False,False,False,-1,0,False,0.0,3,3,
303,0,1,0.011353090451553725,0.458081397581749,1.0,0.4714334491310655,0.28440312883411883,0.0,0.0,False,False,False,-1,0,False,0.0,0,0,
304,2,2,0.6298291946989224,0.7141853461604174,0.9811098477854059,0.49730475088011067,0.15186197864066664,0.2165636066529195,0.6671879103730026,False,False,False,-1,0,False,0.0,3,3,
305,1,0,0.5005946728628757,0.1683352835778216,1.0,0.4541857739443996,0.47213699426769884,0.04549717973058867,0.0081621771208224,False,False,False,-1,0,False,0.0,5,5,
306,0,0,0.3577604833679144,0.2961772700069567,1.0,0.5170986224048376,0.2199340422144841,0.0,0.0,False,False,False,-1,0,False,0.0,3,3,
307,1,1,0.23613136921871497,0.4970860684371341,0.9750136442834163,0.451587290956268,0.4868199535873664,0.13101301440380797,0.5795675264796523,False,False,False,-1,0,False,0.0,2,2,
308,2,0,0.4245574424181817,0.33663171909702705,0.9439200667087453,0.4894416650849878,0.12267519314242978,0.06918630795249354,0.007307499080589187,False,False,False,-1,0,False,0.0,4,4,
309,3,2,0.6754194455960993,0.332904528768875,0.942726189024199,0.5564369665714665,0.0686586244379168,0.15028448804081698,0.11310693757116616,False,False,False,-1,0,False,0.0,3,3,
310,0,0,0.17853310024426994,0.14659423355459547,0.9738301185890181,0.5092226449139658,0.14802796226576773,0.0,0.0,False,False,False,-1,0,False,0.0,3,3,
311,2,1,0.3701794188818524,0.6340695426611055,0.8813085185863191,0.5149370916781919,0.14927696730017487,0.10749262308994656,0.11313715009227972,False,False,False,-1,0,False,0.0,4,4,
312,0,100,0.25219191937910207,0.3092732147948314,0.7796040421277279,0.7531048094102701,0.17450840543168814,0.0,0.0,False,False,True,238,104,False,1.15,1,1,
313,0,1,0.21382771874975404,0.04936322204977372,0.9561866904912077,0.5312018538287769,0.14261219197824251,0.0,0.0,False,False,False,-1,0,False,0.0,3,3,
314,1,32,0.5858453862286087,0.20239465926603992,0.8804514272800459,0.6944580791991567,0.10966659446379755,0.024559719833835796,0.000680163504009205,False,False,True,185,15,False,1.06,0,0,
315,262,0,1.0,1.0,0.9869624586861263,0.491730087478907,0.42277137064904424,0.4674373507763763,0.185869107019293,False,False,False,-1,0,False,0.0,0,0,
316,0,0,0.1542314519189306,0.4126906161546065,1.0,0.610915424035506,0.13165818872007337,0.0,0.0,False,False,False,-1,0,False,0.0,3,3,
317,1,5,0.32401569029429683,0.12277267618768581,1.0,0.4948391948555929,0.15924184463747548,0.017033672881509084,0.00015563843334256703,False,False,False,-1,0,False,0.0,6,6,
318,3,0,0.6193997971333624,0.2678454763141932,0.9836180602272732,0.46401283089648565,0.1807403678797681,0.17263058033925302,0.175446687311769,False,False,False,-1,0,False,0.0,3,3,
319,1,0,0.23214903578346816,0.40300947244958074,0.991802515090993,0.478296308539461,0.3836324783618556,0.017205295706178212,0.0001620558447965088,False,False,False,-1,0,False,0.0,1,1,
320,1,0,0.3752183903570316,0.3940096781286243,0.9766912837149774,0.46859668865009513,0.4451576311738457,0.023832076964246083,0.0006025176577683151,False,False,False,-1,0,False,0.0,3,3,
321,0,0,0.41856725972388065,0.4038254190579355,1.0,0.4272985846058553,0.08511982949704339,0.0,0.0,False,False,False,-1,0,False,0.0,3,3,
322,0,33,0.33574454800940695,0.16002480640387715,0.9724317800469744,0.23495245156201397,0.0480391983149491,0.0,0.0,False,False,True,162,21,False,1.12,0,0,
323,0,0,0.037965150095536145,0.06041781981668095,1.0,0.4936423646590869,0.20250996809983207,0.0,0.0,False,False,False,-1,0,False,0.0,3,3,
324,116,0,1.0,1.0,1.0,0.47390925399582245,0.574360661395345,0.3068048315377642,0.03667672798278655,False,False,False,-1,0,False,0.0,0,0,
325,0,39,0.25018609671238823,0.4091126495816807,0.8527672182716776,0.6516651985587938,0.3507807351251444,0.0,0.0,False,False,True,178,35,False,1.12,0,0,
326,0,35,0.49878428027412836,0.4103451317905853,0.9012599927205095,0.25791361643107086,0.22933985482330127,0.0,0.0,False,False,True,75,40,False,1.18,1,1,
327,2,0,0.2646925438036725,0.13772524458761243,0.9478876112644862,0.5927020965864616,0.44764509337348996,0.06255065034832902,0.008804581524047554,False,False,False,-1,0,False,0.0,3,3,
328,0,25,0.15184831772575155,0.27042621271491496,0.930399373938915,0.964827704767877,0.38270533838291737,0.0,0.0,False,False,True,94,28,False,1.21,0,0,
329,0,21,0.28153770728744565,0.36010219349319833,0.9217158877199175,0.3155100271746552,0.20709988410919417,0.0,0.0,False,False,True,104,21,False,1.12,0,0,
330,1,1,0.4648413413259167,0.30691839705979107,0.986310595555341,0.5557943276107462,0.23681987781790909,0.025564585897729867,0.0007994746903140346,False,False,False,-1,0,False,0.0,3,3,
331,0,5,0.061537415447954026,0.46253664065240796,1.0,0.573956966669885,0.16950037086013192,0.0,0.0,False,False,False,-1,0,False,0.0,5,5,
332,0,0,0.24750065534229274,0.1307507160741155,1.0,0.4441070733747976,0.27926553795655873,0.0,0.0,False,False,False,-1,0,False,0.0,0,0,
333,0,38,0.42896222556890756,0.23867976360041218,0.9773737189266529,0.5631459230156248,0.18488596253688516,0.0,0.0,False,False,True,192,28,False,1.09,0,0,
334,0,28,0.40337400037987525,0.28477390635982086,0.9249940686999538,0.6821429288921907,0.08776397053518953,0.0,0.0,False,False,True,76,29,False,1.21,1,1,
335,0,36,0.6564840974740989,0.3261426089160044,1.0,0.6394222703899067,0.4363921506166884,0.0,0.0,False,False,True,124,12,False,1.15,1,1,
336,0,1,0.5555554330702686,0.2752118236145469,1.0,0.5338819504950711,0.3000647527953094,0.0,0.0,False,False,False,-1,0,False,0.0,4,4,
337,2,0,0.28872339394866114,0.6359774121531512,0.9893346928286959,0.4508160888081965,0.16495077980211617,0.17587755853852752,0.2742834386484272,False,False,False,-1,0,False,0.0,2,2,
338,0,1,0.07555314444283652,0.3108974167653603,1.0,0.4773028974700812,0.0732767541135603,0.0,0.0,False,False,False,-1,0,False,0.0,3,3,
339,0,0,0.16617669043535552,0.48914385521199183,1.0,0.4190996215577532,0.06455694590904139,0.0,0.0,False,False,False,-1,0,False,0.0,3,3,
340,0,0,0.18084466027118803,0.7299376646495065,0.9520786637496451,0.46127720532321204,0.3855161131691907,0.0,0.0,False,False,False,-1,0,False,0.0,4,4,
341,2,0,0.6534369257627691,0.05248018176699626,1.0,0.5925637556995109,0.32281483148048884,0.276934993078349,1.4523246954898943,False,False,False,-1,0,False,0.0,3,3,
342,4,3,0.6221919783173909,0.45884150186019057,0.9998651867888257,0.49017658491792326,0.2235675560025542,0.1651631856086918,0.060416708576216095,False,False,False,-1,0,False,0.0,5,5,
343,0,48,0.2532427171707691,0.6432409233744075,0.9505289744331885,0.5508328615776973,0.3056673749018807,0.0,0.0,False,False,True,293,16,False,1.09,0,0,
344,0,35,0.0678593439999689,0.5175417644015796,0.8837541546518508,0.3593150255078764,0.20983632163310934,0.0,0.0,False,False,True,96,46,False,1.18,0,0,
345,0,0,0.15004830603552033,0.2264884036018281,0.9352532278232464,0.4852674274130445,0.07922505156872367,0.0,0.0,False,False,False,-1,0,False,0.0,2,2,
346,3,57,0.5714819526993458,0.40249929547924934,0.9852149203278362,0.6142085541542348,0.1667440146040985,0.22376335899707936,0.7756394887205933,False,False,False,-1,4,False,1.06,2,2,
347,0,1,0.19529412220510248,0.38077314390451805,0.9738829027550703,0.5752899674869798,0.26520827017998616,0.0,0.0,False,False,False,-1,0,False,0.0,3,3,
348,1,1,0.29561222390781305,0.21325330632894138,0.9049708412945866,0.3777716911945004,0.11278223401755007,0.021558746588568302,0.00040224559144933484,False,False,False,-1,0,False,0.0,3,3,
349,1,0,0.32276332605597685,0.7338837869510686,0.9942142856519907,0.541104738004073,0.16480291235100997,0.01854880476229905,0.00021941866267632623,False,False,False,-1,0,False,0.0,5,5,
